SNP,Chromosome,Position ,P.value,maf,nobs,Rsquare.of.Model.without.SNP,Rsquare.of.Model.with.SNP,FDR_Adjusted_P-values,effect
Chr01_448193112,1,448193112,3.87422369247309e-05,0.045021645021645,1155,0.0539303358377973,0.0679200449291281,0.293567744756238,-5.95874927052081
Chr09_40202895,9,40202895,8.75547281571483e-05,0.0341991341991342,1155,0.0539303358377973,0.0666355688680995,0.293567744756238,6.13060918991125
Chr14_473153159,14,473153159,0.000139585933507044,0.264502164502165,1155,0.0539303358377973,0.0659043866181375,0.293567744756238,-3.25935580168039
Chr02_253721877,2,253721877,0.000157020077218415,0.0207792207792208,1155,0.0539303358377973,0.0657203309058526,0.293567744756238,7.86514196414707
Chr14_424670748,14,424670748,0.000232766179446065,0.348917748917749,1155,0.0539303358377973,0.0651060864051892,0.293567744756238,2.61104286373757
Chr01_506655508,1,506655508,0.000237840014125581,0.0463203463203463,1155,0.0539303358377973,0.0650725031627498,0.293567744756238,-5.30470288098863
Chr14_431408482,14,431408482,0.000257225461671507,0.344588744588745,1155,0.0539303358377973,0.0649505316736103,0.293567744756238,2.61797891341195
Chr14_4899692,14,4899692,0.00032577054976938,0.370562770562771,1155,0.0539303358377973,0.0645833424354808,0.325322615263448,-2.19252233359168
Chr06_257443455,6,257443455,0.000547876730796149,0.119047619047619,1155,0.0539303358377973,0.0637784331350533,0.486331911370048,3.36622338911359
Chr05_414506666,5,414506666,0.000662426392998961,0.190909090909091,1155,0.0539303358377973,0.0634856046489033,0.487610783307282,2.66527330756222
Chr06_109293310,6,109293310,0.000716844478129059,0.124675324675325,1155,0.0539303358377973,0.0633640263565129,0.487610783307282,3.32647446154854
Chr14_382174042,14,382174042,0.000732423256939214,0.358008658008658,1155,0.0539303358377973,0.0633309376003622,0.487610783307282,2.30999625845726
Chr05_179994156,5,179994156,0.000890529016893499,0.054978354978355,1155,0.0539303358377973,0.0630305166029647,0.517607980818736,4.84217425936666
Chr01_500983860,1,500983860,0.000950889711630823,0.0463203463203463,1155,0.0539303358377973,0.0629298781061396,0.517607980818736,-4.76509925501898
Chr12_372270132,12,372270132,0.00103009349092994,0.0952380952380952,1155,0.0539303358377973,0.0628072186313935,0.517607980818736,4.33355136415372
Chr20_94931299,20,94931299,0.00119373004789629,0.122077922077922,1155,0.0539303358377973,0.0625815215690035,0.517607980818736,3.15639639273337
Chr07_16334109,7,16334109,0.001287266675099,0.109090909090909,1155,0.0539303358377973,0.0624662097320067,0.517607980818736,3.22616803458016
Chr08_392628054,8,392628054,0.0013028172376512,0.273160173160173,1155,0.0539303358377973,0.0624478658745389,0.517607980818736,2.71143922544437
Chr07_27675838,7,27675838,0.00130531417722344,0.0857142857142857,1155,0.0539303358377973,0.062444941114297,0.517607980818736,3.40497370908562
Chr01_507102536,1,507102536,0.0013192674335896,0.286147186147186,1155,0.0539303358377973,0.0624287008315501,0.517607980818736,-2.77484490402657
Chr01_358689789,1,358689789,0.00136170667980198,0.145454545454546,1155,0.0539303358377973,0.0623803550948414,0.517607980818736,-2.63805052973476
Chr18_504248768,18,504248768,0.00149890540547445,0.467532467532468,1155,0.0539303358377973,0.0622339072861396,0.517607980818736,4.24033561173621
Chr20_88811702,20,88811702,0.00171102508978369,0.0285714285714286,1155,0.0539303358377973,0.0620323186640829,0.517607980818736,5.13446420509213
Chr14_424662510,14,424662510,0.00171996942983638,0.356277056277056,1155,0.0539303358377973,0.06202438563645,0.517607980818736,2.16627563223113
Chr18_58330837,18,58330837,0.00174370127332189,0.0225108225108225,1155,0.0539303358377973,0.062003538309179,0.517607980818736,6.43896827389467
Chr20_87782553,20,87782553,0.00175864958741212,0.0112554112554113,1155,0.0539303358377973,0.061990554204196,0.517607980818736,7.11848925657705
Chr06_329106053,6,329106053,0.00178176834711272,0.122510822510823,1155,0.0539303358377973,0.0619706922053677,0.517607980818736,3.05406404263618
Chr14_424670736,14,424670736,0.00186635519102356,0.284415584415584,1155,0.0539303358377973,0.0619001865534389,0.517607980818736,-2.43736683054613
Chr01_93719792,1,93719792,0.00187891243506614,0.1,1155,0.0539303358377973,0.0618899970836032,0.517607980818736,-3.09149101696914
Chr16_399008260,16,399008260,0.00212410185470268,0.0696969696969697,1155,0.0539303358377973,0.0617038032366483,0.565648323907324,-3.77337949258941
Chr20_613337316,20,613337316,0.00237422872399422,0.332900432900433,1155,0.0539303358377973,0.061535122758023,0.590915002353785,-3.01005679143015
Chr19_123278334,19,123278334,0.00249522427776542,0.0255411255411255,1155,0.0539303358377973,0.0614599048686594,0.590915002353785,6.13176412742659
Chr04_136939441,4,136939441,0.00262893735596607,0.0593073593073593,1155,0.0539303358377973,0.0613809776051937,0.590915002353785,4.55864010427123
Chr17_15252422,17,15252422,0.00271443219504672,0.0238095238095238,1155,0.0539303358377973,0.0613326234941941,0.590915002353785,6.15022224186239
Chr08_361465058,8,361465058,0.00272362864298441,0.452380952380952,1155,0.0539303358377973,0.0613275146986753,0.590915002353785,1.90099303191545
Chr15_570465476,15,570465476,0.00273674491013769,0.0199134199134199,1155,0.0539303358377973,0.0613202586417048,0.590915002353785,-6.45591637745417
Chr15_570539994,15,570539994,0.00273674491013769,0.0199134199134199,1155,0.0539303358377973,0.0613202586417048,0.590915002353785,-6.45591637745417
Chr04_96358949,4,96358949,0.00283871622066058,0.0177489177489177,1155,0.0539303358377973,0.0612650248665179,0.591960616429245,-5.6442036036774
Chr10_42263589,10,42263589,0.00288978145459263,0.492640692640693,1155,0.0539303358377973,0.0612381186275024,0.591960616429245,-1.73339046901683
Chr15_540403730,15,540403730,0.00301485999449335,0.0203463203463203,1155,0.0539303358377973,0.0611742062060519,0.602142912400184,-6.359912058749
Chr17_268576007,17,268576007,0.00328997820631575,0.0467532467532468,1155,0.0539303358377973,0.0610426357790235,0.641064290006256,4.39400575880262
Chr05_347245016,5,347245016,0.00431785488477142,0.451948051948052,1155,0.0539303358377973,0.0606343595163508,0.816234141642224,-3.2566294718373
Chr17_12515751,17,12515751,0.00444442117831152,0.0199134199134199,1155,0.0539303358377973,0.0605910985598626,0.816234141642224,5.92153534498163
Chr12_115293281,12,115293281,0.00472351497955447,0.289177489177489,1155,0.0539303358377973,0.0604999833147895,0.816234141642224,1.66817406057959
Chr14_447708603,14,447708603,0.00484370923915156,0.348051948051948,1155,0.0539303358377973,0.060462423477836,0.816234141642224,1.81717231815816
Chr18_47824052,18,47824052,0.0048489388124665,0.0233766233766234,1155,0.0539303358377973,0.0604608109339676,0.816234141642224,5.74909225491797
Chr17_247216817,17,247216817,0.00485299538702666,0.325108225108225,1155,0.0539303358377973,0.0604595613070016,0.816234141642224,-2.72295886716176
Chr15_547359754,15,547359754,0.00491143118563647,0.019047619047619,1155,0.0539303358377973,0.0604416774985441,0.816234141642224,-6.09243819327762
Chr12_357412932,12,357412932,0.00505153513852071,0.0181818181818182,1155,0.0539303358377973,0.0603996692306629,0.816234141642224,-5.89519786371332
Chr14_455944966,14,455944966,0.00518747205134169,0.427705627705628,1155,0.0539303358377973,0.0603600318752435,0.816234141642224,1.81680184994514
Chr02_223385920,2,223385920,0.00532733690341401,0.0251082251082251,1155,0.0539303358377973,0.0603203408603353,0.816234141642224,5.65454211479955
Chr14_455655597,14,455655597,0.00542381700106354,0.380519480519481,1155,0.0539303358377973,0.0602935768783338,0.816234141642224,-1.67802800072661
Chr11_189094360,11,189094360,0.00576539504441319,0.153679653679654,1155,0.0539303358377973,0.0602025818935907,0.816234141642224,1.83228698712281
Chr03_498163775,3,498163775,0.00579105414126293,0.154545454545455,1155,0.0539303358377973,0.0601959703228251,0.816234141642224,-2.75619736977498
Chr01_377903961,1,377903961,0.00579765885891674,0.1004329004329,1155,0.0539303358377973,0.0601942733304293,0.816234141642224,-3.13091874681299
Chr02_120531708,2,120531708,0.00588024193753996,0.0220779220779221,1155,0.0539303358377973,0.0601732199202378,0.816234141642224,5.70693941197145
Chr20_44848397,20,44848397,0.00595116789314055,0.0601731601731602,1155,0.0539303358377973,0.0601553780847898,0.816234141642224,-3.61600708005744
Chr21_78633775,21,78633775,0.0061839323825755,0.111255411255411,1155,0.0539303358377973,0.0600983153103517,0.816234141642224,-2.6365156191481
Chr06_315221714,6,315221714,0.00627301248610218,0.173593073593074,1155,0.0539303358377973,0.0600770559334973,0.816234141642224,2.58852294770799
Chr06_440943183,6,440943183,0.00658773847780538,0.029004329004329,1155,0.0539303358377973,0.0600043415536597,0.816234141642224,-5.50113781182608
Chr15_569122161,15,569122161,0.00673613608662906,0.397835497835498,1155,0.0539303358377973,0.0599712792781044,0.816234141642224,-2.41201302847412
Chr13_358898254,13,358898254,0.00684334208428446,0.0593073593073593,1155,0.0539303358377973,0.0599478545239809,0.816234141642224,-3.22064866820482
Chr19_705998728,19,705998728,0.00686677305809666,0.0225108225108225,1155,0.0539303358377973,0.0599427848021027,0.816234141642224,-4.57802488955167
Chr01_374079175,1,374079175,0.0069116716344488,0.0891774891774892,1155,0.0539303358377973,0.0599331194247429,0.816234141642224,3.24529813355156
Chr20_78921702,20,78921702,0.00697646957252469,0.135497835497836,1155,0.0539303358377973,0.0599192829371479,0.816234141642224,-2.25067773943928
Chr19_143541716,19,143541716,0.00699684905780746,0.0303030303030303,1155,0.0539303358377973,0.0599149584142101,0.816234141642224,4.96495651693567
Chr15_571603193,15,571603193,0.00701286147031634,0.157575757575758,1155,0.0539303358377973,0.0599115696143525,0.816234141642224,2.17590008529054
Chr04_240336634,4,240336634,0.00704935993131362,0.0554112554112554,1155,0.0539303358377973,0.0599038747294539,0.816234141642224,-3.86170110979553
Chr20_638500434,20,638500434,0.00704971282680103,0.383982683982684,1155,0.0539303358377973,0.0599038005284626,0.816234141642224,-2.46420148870243
Chr17_41652272,17,41652272,0.00722941121617665,0.120779220779221,1155,0.0539303358377973,0.059866501946453,0.825082374371933,2.9962975550296
Chr15_581804666,15,581804666,0.00758472956520701,0.495238095238095,1155,0.0539303358377973,0.0597954659532169,0.84022711005891,-1.55042939648848
Chr21_70609,21,70609,0.00767522575991755,0.488311688311688,1155,0.0539303358377973,0.0597779179404585,0.84022711005891,-4.527596597806
Chr15_571748384,15,571748384,0.00767762911932663,0.0432900432900433,1155,0.0539303358377973,0.0597774548005423,0.84022711005891,-3.96258190293953
Chr10_21231696,10,21231696,0.00803925927597444,0.406926406926407,1155,0.0539303358377973,0.0597094068234428,0.859314298675832,2.43367740177371
Chr08_370987522,8,370987522,0.00829166460852278,0.461471861471861,1155,0.0539303358377973,0.0596637446208715,0.859314298675832,1.60356264087608
Chr20_44848358,20,44848358,0.00864458691006915,0.0532467532467532,1155,0.0539303358377973,0.0596022311287669,0.859314298675832,3.77909886033689
Chr08_72972971,8,72972971,0.0087542515351253,0.499134199134199,1155,0.0539303358377973,0.0595836400825626,0.859314298675832,21.2684123577492
Chr06_391609270,6,391609270,0.00890227958314832,0.029004329004329,1155,0.0539303358377973,0.0595589205579896,0.859314298675832,5.30257936904556
Chr01_507102533,1,507102533,0.00907774068311764,0.249350649350649,1155,0.0539303358377973,0.0595301600668133,0.859314298675832,-1.91688854053359
Chr05_55647188,5,55647188,0.00924105964652759,0.0532467532467532,1155,0.0539303358377973,0.0595038975595015,0.859314298675832,3.81032524316353
Chr08_428155381,8,428155381,0.00930735853580129,0.0207792207792208,1155,0.0539303358377973,0.0594933719502815,0.859314298675832,-5.65982041026912
Chr06_201874743,6,201874743,0.00935405550871972,0.278354978354978,1155,0.0539303358377973,0.0594860043987828,0.859314298675832,2.42517941206899
Chr14_455655527,14,455655527,0.00935885254497116,0.37965367965368,1155,0.0539303358377973,0.0594852496908206,0.859314298675832,2.41996013169666
Chr15_436257174,15,436257174,0.0094072601771591,0.374025974025974,1155,0.0539303358377973,0.0594776559478252,0.859314298675832,-2.41432589851144
Chr10_476445753,10,476445753,0.00949199751979337,0.0268398268398268,1155,0.0539303358377973,0.0594644591344341,0.859314298675832,-5.20224547444984
Chr06_397328340,6,397328340,0.00976612196380339,0.029004329004329,1155,0.0539303358377973,0.0594225809481804,0.859314298675832,-5.23928931435148
Chr07_333386085,7,333386085,0.00977563299937664,0.384848484848485,1155,0.0539303358377973,0.0594211496774653,0.859314298675832,1.83196411109367
Chr19_525278276,19,525278276,0.00984694847709621,0.103030303030303,1155,0.0539303358377973,0.0594104630648054,0.859314298675832,2.74222533020614
Chr06_401643606,6,401643606,0.0102077769936076,0.0285714285714286,1155,0.0539303358377973,0.0593575828304135,0.859314298675832,-5.29165734833168
Chr18_462546787,18,462546787,0.0102186396015232,0.0805194805194805,1155,0.0539303358377973,0.0593560207962783,0.859314298675832,2.87092568623643
Chr18_47281302,18,47281302,0.0102277629649876,0.124242424242424,1155,0.0539303358377973,0.0593547101807316,0.859314298675832,2.8486201177748
Chr16_49416735,16,49416735,0.0103205943574579,0.0246753246753247,1155,0.0539303358377973,0.0593414423392916,0.859314298675832,5.06907015480851
Chr17_249347729,17,249347729,0.0103761291201627,0.361904761904762,1155,0.0539303358377973,0.0593335635385289,0.859314298675832,-2.17310394679333
Chr08_9378269,8,9378269,0.0104446843600873,0.0251082251082251,1155,0.0539303358377973,0.0593238970099461,0.859314298675832,4.88722496754517
Chr04_199722011,4,199722011,0.0108551514695811,0.326406926406926,1155,0.0539303358377973,0.0592673490734228,0.859314298675832,2.20147742029059
Chr16_282961643,16,282961643,0.0108739492615451,0.100865800865801,1155,0.0539303358377973,0.0592648122633356,0.859314298675832,-2.64074692871922
Chr03_146748649,3,146748649,0.0110068446123869,0.424242424242424,1155,0.0539303358377973,0.059247005204238,0.859314298675832,-1.69630991709656
Chr20_613365257,20,613365257,0.0110691922490265,0.215151515151515,1155,0.0539303358377973,0.0592387270414411,0.859314298675832,-2.34089961830381
Chr01_431907147,1,431907147,0.0117617338757973,0.0242424242424242,1155,0.0539303358377973,0.0591498704977965,0.859314298675832,4.84735483497266
Chr05_354521869,5,354521869,0.0118062509041916,0.168398268398268,1155,0.0539303358377973,0.0591443440586404,0.859314298675832,2.13666211260022
Chr14_38354228,14,38354228,0.0118851444306328,0.0523809523809524,1155,0.0539303358377973,0.0591346024807616,0.859314298675832,5.67562037113782
Chr18_169140339,18,169140339,0.0119774658628606,0.489177489177489,1155,0.0539303358377973,0.0591232869490894,0.859314298675832,5.39079561738663
Chr14_15402050,14,15402050,0.012044343453119,0.0978354978354978,1155,0.0539303358377973,0.0591151458698219,0.859314298675832,2.69542784837131
Chr21_370907169,21,370907169,0.0122285100465249,0.438961038961039,1155,0.0539303358377973,0.0590929651524285,0.859314298675832,-2.70695950183574
Chr07_12897954,7,12897954,0.0122832191588934,0.0800865800865801,1155,0.0539303358377973,0.0590864422426645,0.859314298675832,2.83695519144658
Chr10_33462202,10,33462202,0.0125132902668695,0.463203463203463,1155,0.0539303358377973,0.0590593344090208,0.859314298675832,1.70449863015597
Chr18_333447306,18,333447306,0.0125638597820602,0.0476190476190476,1155,0.0539303358377973,0.0590534448869194,0.859314298675832,-3.93241340876432
Chr17_41004535,17,41004535,0.0127861813347426,0.121645021645022,1155,0.0539303358377973,0.0590278386021221,0.859314298675832,2.70709442149521
Chr10_470862764,10,470862764,0.0129188544485915,0.251515151515151,1155,0.0539303358377973,0.0590127751590277,0.859314298675832,2.13016980454302
Chr01_372286266,1,372286266,0.012942590380335,0.1004329004329,1155,0.0539303358377973,0.0590100970280342,0.859314298675832,-3.21944688932859
Chr16_390091710,16,390091710,0.013067157296536,0.0402597402597403,1155,0.0539303358377973,0.05899612449574,0.859314298675832,-3.86542709243646
Chr17_186053663,17,186053663,0.0131359328794915,0.054978354978355,1155,0.0539303358377973,0.0589884686534218,0.859314298675832,-3.11770724503216
Chr16_62086835,16,62086835,0.0131533635150622,0.0220779220779221,1155,0.0539303358377973,0.0589865348945989,0.859314298675832,5.09133338071679
Chr02_185920492,2,185920492,0.0131633040722978,0.232467532467532,1155,0.0539303358377973,0.058985433267883,0.859314298675832,2.11174736172282
Chr15_443840407,15,443840407,0.0135311676225481,0.0415584415584416,1155,0.0539303358377973,0.058945257450259,0.859314298675832,-3.67776287166623
Chr18_526653182,18,526653182,0.0137291949413358,0.0316017316017316,1155,0.0539303358377973,0.0589240933632458,0.859314298675832,-3.51056599619687
Chr20_35940771,20,35940771,0.0139921888256034,0.0787878787878788,1155,0.0539303358377973,0.0588964670640022,0.859314298675832,-2.29848875799763
Chr21_308566733,21,308566733,0.0140948135358371,0.463203463203463,1155,0.0539303358377973,0.0588858316539258,0.859314298675832,-3.13739484033579
Chr16_131697675,16,131697675,0.0142253148683385,0.0696969696969697,1155,0.0539303358377973,0.0588724219519384,0.859314298675832,-3.14074777322585
Chr17_41649454,17,41649454,0.0142512588775566,0.1004329004329,1155,0.0539303358377973,0.0588697711791457,0.859314298675832,2.60909950467625
Chr15_547359755,15,547359755,0.0143038822589146,0.0987012987012987,1155,0.0539303358377973,0.0588644097408573,0.859314298675832,3.11925033214158
Chr19_519917575,19,519917575,0.0143647089479045,0.242424242424242,1155,0.0539303358377973,0.0588582377962014,0.859314298675832,1.81984598548422
Chr06_367662441,6,367662441,0.014447750664844,0.0281385281385281,1155,0.0539303358377973,0.0588498550962641,0.859314298675832,-4.98935486558639
Chr12_167994920,12,167994920,0.0145677187859364,0.322510822510823,1155,0.0539303358377973,0.0588378321328881,0.859314298675832,-2.21112219277984
Chr07_63220880,7,63220880,0.0147087406831742,0.0372294372294372,1155,0.0539303358377973,0.0588238290421601,0.859314298675832,3.24033448131701
Chr05_355056345,5,355056345,0.0147263762753185,0.483116883116883,1155,0.0539303358377973,0.058822087620588,0.859314298675832,1.5037431516285
Chr11_197116915,11,197116915,0.0147778923770211,0.348917748917749,1155,0.0539303358377973,0.0588170129657157,0.859314298675832,2.32524861672709
Chr20_427143540,20,427143540,0.0148373004048634,0.12034632034632,1155,0.0539303358377973,0.058811183505049,0.859314298675832,2.69703704280701
Chr04_174149497,4,174149497,0.0151450505491376,0.268831168831169,1155,0.0539303358377973,0.0587813655023028,0.859314298675832,-2.42204676057952
Chr15_356914772,15,356914772,0.0152281299595521,0.167099567099567,1155,0.0539303358377973,0.0587734229927162,0.859314298675832,-2.50187467203273
Chr14_488145446,14,488145446,0.0152635494708187,0.0242424242424242,1155,0.0539303358377973,0.0587700504177371,0.859314298675832,4.69788687176808
Chr06_152302224,6,152302224,0.0155004814409077,0.446753246753247,1155,0.0539303358377973,0.0587476957865403,0.859314298675832,-1.83749249027136
Chr18_53516176,18,53516176,0.0156843378583195,0.0354978354978355,1155,0.0539303358377973,0.058730590452218,0.859314298675832,4.11660897434422
Chr16_49871208,16,49871208,0.0156876092147584,0.0363636363636364,1155,0.0539303358377973,0.0587302879738743,0.859314298675832,3.01010189425151
Chr05_272446465,5,272446465,0.0158169662328648,0.0212121212121212,1155,0.0539303358377973,0.0587183791675869,0.859314298675832,5.01720955648238
Chr10_472016807,10,472016807,0.016084016781397,0.272727272727273,1155,0.0539303358377973,0.0586941088719904,0.859314298675832,2.23855973114564
Chr08_258680778,8,258680778,0.0161378737623262,0.0086580086580087,1155,0.0539303358377973,0.0586892646244087,0.859314298675832,-6.3320563213174
Chr06_446924019,6,446924019,0.0162384312964652,0.0220779220779221,1155,0.0539303358377973,0.0586802643336036,0.859314298675832,-5.05974301128948
Chr08_270780274,8,270780274,0.0162750596003298,0.104761904761905,1155,0.0539303358377973,0.0586770002473245,0.859314298675832,-2.98745241097208
Chr02_85660571,2,85660571,0.0163752985267044,0.0242424242424242,1155,0.0539303358377973,0.058668106211721,0.859314298675832,-4.93895683814172
Chr04_218216143,4,218216143,0.0163901183434137,0.126406926406926,1155,0.0539303358377973,0.0586667960453399,0.859314298675832,2.9234940155516
Chr19_555903418,19,555903418,0.0164046189811317,0.0285714285714286,1155,0.0539303358377973,0.0586655152798673,0.859314298675832,-4.73742811387959
Chr02_29757627,2,29757627,0.016537623140412,0.31038961038961,1155,0.0539303358377973,0.0586538219656175,0.859314298675832,-2.02711730257644
Chr08_60771730,8,60771730,0.0166053625063508,0.246320346320346,1155,0.0539303358377973,0.0586479038015485,0.859314298675832,2.29706831608891
Chr01_371412983,1,371412983,0.0167624386819889,0.0285714285714286,1155,0.0539303358377973,0.0586342759709166,0.859314298675832,4.73996582836735
Chr17_110642973,17,110642973,0.0167920511752544,0.106493506493506,1155,0.0539303358377973,0.0586317215910782,0.859314298675832,3.11682144097975
Chr05_86148562,5,86148562,0.0168190501575804,0.30995670995671,1155,0.0539303358377973,0.0586293967050028,0.859314298675832,2.29282768374702
Chr05_379505398,5,379505398,0.0168802704654092,0.0251082251082251,1155,0.0539303358377973,0.0586241392655305,0.859314298675832,-4.61611299838931
Chr15_50439888,15,50439888,0.0168887399883856,0.112987012987013,1155,0.0539303358377973,0.0586234134764114,0.859314298675832,-2.69963254129988
Chr12_361086728,12,361086728,0.0168938315876921,0.329437229437229,1155,0.0539303358377973,0.0586229773367398,0.859314298675832,1.71688942656453
Chr15_193256422,15,193256422,0.0169241020130311,0.145887445887446,1155,0.0539303358377973,0.0586203872121669,0.859314298675832,-2.53752744053577
Chr08_363028120,8,363028120,0.016981302101987,0.449350649350649,1155,0.0539303358377973,0.0586155058591173,0.859314298675832,1.41461624583798
Chr07_125383114,7,125383114,0.0171907331379809,0.0229437229437229,1155,0.0539303358377973,0.0585977772272818,0.859314298675832,4.19415535394435
Chr11_13107376,11,13107376,0.0172007672071408,0.147186147186147,1155,0.0539303358377973,0.0585969334400083,0.859314298675832,-2.33485291479894
Chr16_340547258,16,340547258,0.0173017418921735,0.0909090909090909,1155,0.0539303358377973,0.05858847045608,0.859314298675832,-4.76037911038503
Chr19_596008880,19,596008880,0.0173816159512929,0.491774891774892,1155,0.0539303358377973,0.0585818120530519,0.859314298675832,-5.47126354977945
Chr19_118027030,19,118027030,0.0175173427631355,0.0337662337662338,1155,0.0539303358377973,0.0585705698838445,0.859314298675832,-3.15100675416683
Chr05_385257903,5,385257903,0.0176836491955561,0.025974025974026,1155,0.0539303358377973,0.0585569169308543,0.859314298675832,-4.85079877524124
Chr08_427002579,8,427002579,0.017915069984388,0.0194805194805195,1155,0.0539303358377973,0.0585381376484262,0.859314298675832,-5.21718915567978
Chr04_109346986,4,109346986,0.0180492040419204,0.261471861471862,1155,0.0539303358377973,0.0585273674377523,0.859314298675832,-2.35264807720739
Chr08_81292836,8,81292836,0.0180821598799058,0.4995670995671,1155,0.0539303358377973,0.0585247339333536,0.859314298675832,-27.1264874138578
Chr07_253228637,7,253228637,0.018273300793052,0.403030303030303,1155,0.0539303358377973,0.0585095570492626,0.859314298675832,1.54528810309691
Chr06_78749103,6,78749103,0.01831247325262,0.34025974025974,1155,0.0539303358377973,0.0585064669708588,0.859314298675832,-1.61050894068023
Chr21_379682701,21,379682701,0.0185403035293428,0.112987012987013,1155,0.0539303358377973,0.0584886292443338,0.859314298675832,-2.3858223681392
Chr05_10419276,5,10419276,0.0185928594393429,0.403463203463203,1155,0.0539303358377973,0.0584845466218352,0.859314298675832,-1.36616222774302
Chr18_519388088,18,519388088,0.0185963207612462,0.0411255411255411,1155,0.0539303358377973,0.0584842781602626,0.859314298675832,-3.65392464023824
Chr05_427578022,5,427578022,0.0186901687605922,0.025974025974026,1155,0.0539303358377973,0.0584770189048196,0.859314298675832,-4.7995816143688
Chr15_42256523,15,42256523,0.0187987613510054,0.0922077922077922,1155,0.0539303358377973,0.0584686660534567,0.859314298675832,-2.64729457216754
Chr06_397454878,6,397454878,0.0188636420753249,0.464502164502165,1155,0.0539303358377973,0.0584636992725808,0.859314298675832,-1.59583341757863
Chr01_435273640,1,435273640,0.0191901820137467,0.0896103896103896,1155,0.0539303358377973,0.0584389672310224,0.859314298675832,2.79233826063916
Chr14_370493009,14,370493009,0.0191950934962031,0.132900432900433,1155,0.0539303358377973,0.0584385985699444,0.859314298675832,2.23599961053708
Chr05_426524999,5,426524999,0.0191971918304479,0.247186147186147,1155,0.0539303358377973,0.0584384410965155,0.859314298675832,-1.94377698575147
Chr20_352318942,20,352318942,0.0191976924102053,0.113419913419913,1155,0.0539303358377973,0.0584384035322001,0.859314298675832,2.66794666612759
Chr07_160705468,7,160705468,0.0192191925047746,0.324675324675325,1155,0.0539303358377973,0.0584367910864337,0.859314298675832,-1.97538696900901
Chr05_385777638,5,385777638,0.0193049393779774,0.306926406926407,1155,0.0539303358377973,0.0584303788336745,0.859314298675832,-1.53047602278883
Chr08_36544509,8,36544509,0.0193071968306377,0.154978354978355,1155,0.0539303358377973,0.0584302104172143,0.859314298675832,2.36469867601758
Chr02_280482737,2,280482737,0.019418172502949,0.0155844155844156,1155,0.0539303358377973,0.0584219561497579,0.859314298675832,4.59552793399871
Chr08_409688256,8,409688256,0.0194594063249117,0.0294372294372294,1155,0.0539303358377973,0.0584189016524977,0.859314298675832,4.75990147631495
Chr03_429845471,3,429845471,0.0196296567598149,0.0497835497835498,1155,0.0539303358377973,0.0584063604833671,0.859314298675832,-3.37798558055948
Chr07_3148468,7,3148468,0.0196899649089794,0.0523809523809524,1155,0.0539303358377973,0.0584019449924644,0.859314298675832,3.29219047073502
Chr07_16184801,7,16184801,0.0197215908187961,0.0818181818181818,1155,0.0539303358377973,0.0583996350794747,0.859314298675832,2.56081735332896
Chr12_365434058,12,365434058,0.0197396490279842,0.325974025974026,1155,0.0539303358377973,0.058398317852307,0.859314298675832,1.66831256941208
Chr18_112460822,18,112460822,0.0199656857995864,0.223376623376623,1155,0.0539303358377973,0.0583819347248734,0.859314298675832,-2.68959127735116
Chr14_388473853,14,388473853,0.019974523341952,0.483116883116883,1155,0.0539303358377973,0.0583812980881117,0.859314298675832,-2.7229552923618
Chr06_154714476,6,154714476,0.0199779915526946,0.0883116883116883,1155,0.0539303358377973,0.0583810483256749,0.859314298675832,2.9242069049827
Chr05_357122626,5,357122626,0.0201632943323554,0.488311688311688,1155,0.0539303358377973,0.0583677686762224,0.859314298675832,-5.03561030432684
Chr04_159274767,4,159274767,0.0201898235632148,0.269264069264069,1155,0.0539303358377973,0.0583658778194955,0.859314298675832,-2.34379540341297
Chr08_362859093,8,362859093,0.0202216908437923,0.404761904761905,1155,0.0539303358377973,0.0583636098956106,0.859314298675832,1.43255586832299
Chr06_30076485,6,30076485,0.0204988563764458,0.193939393939394,1155,0.0539303358377973,0.0583440393744039,0.866483405245637,-2.01062056616482
Chr12_238818017,12,238818017,0.0208690495596701,0.233766233766234,1155,0.0539303358377973,0.0583183236023108,0.874852750738408,-2.2679202906038
Chr03_418339603,3,418339603,0.0212042099015767,0.0792207792207792,1155,0.0539303358377973,0.0582954459420809,0.874852750738408,-2.79765543991317
Chr04_66852276,4,66852276,0.0212230017451426,0.0766233766233766,1155,0.0539303358377973,0.0582941743513908,0.874852750738408,2.68748839588734
Chr17_301534124,17,301534124,0.0215475163169105,0.445887445887446,1155,0.0539303358377973,0.0582723976408351,0.874852750738408,-2.5944148363501
Chr15_389141080,15,389141080,0.0216822653965893,0.414285714285714,1155,0.0539303358377973,0.0582634549756884,0.874852750738408,-2.20263645073862
Chr17_248521369,17,248521369,0.0217995782344381,0.172727272727273,1155,0.0539303358377973,0.0582557162775386,0.874852750738408,-1.95018374234769
Chr04_247408826,4,247408826,0.0219702014707629,0.0264069264069264,1155,0.0539303358377973,0.0582445376406541,0.874852750738408,-4.67891183093876
Chr20_58938224,20,58938224,0.0220140309600739,0.179220779220779,1155,0.0539303358377973,0.0582416806211604,0.874852750738408,2.23307966212067
Chr14_432053687,14,432053687,0.0221393380533877,0.196103896103896,1155,0.0539303358377973,0.0582335449296906,0.874852750738408,1.79042739187281
Chr15_571603230,15,571603230,0.0223050758470911,0.293073593073593,1155,0.0539303358377973,0.0582228573062967,0.874852750738408,1.7256851894191
Chr18_480460406,18,480460406,0.0223098544500749,0.0251082251082251,1155,0.0539303358377973,0.0582225503807746,0.874852750738408,4.67198225809169
Chr17_19404389,17,19404389,0.0223201569496429,0.398701298701299,1155,0.0539303358377973,0.0582218888921537,0.874852750738408,2.21337772937409
Chr18_468592221,18,468592221,0.0224083348152411,0.270562770562771,1155,0.0539303358377973,0.0582162402155831,0.874852750738408,-1.65301974778822
Chr10_180742163,10,180742163,0.0224380553068528,0.472294372294372,1155,0.0539303358377973,0.0582143415155932,0.874852750738408,-3.98339666997322
Chr06_211304887,6,211304887,0.0224539131292131,0.435497835497835,1155,0.0539303358377973,0.0582133295025987,0.874852750738408,-1.68981352020239
Chr01_43857738,1,43857738,0.022743408594581,0.0294372294372294,1155,0.0539303358377973,0.0581949837555119,0.874852750738408,4.45412594196081
Chr09_527689,9,527689,0.0228128722768973,0.025974025974026,1155,0.0539303358377973,0.0581906177936127,0.874852750738408,-4.59759150273234
Chr20_673996784,20,673996784,0.022938524158359,0.0779220779220779,1155,0.0539303358377973,0.0581827552084911,0.874852750738408,3.72862576524335
Chr15_547478472,15,547478472,0.0229800001719434,0.135930735930736,1155,0.0539303358377973,0.05818016968469,0.874852750738408,-2.24552785624684
Chr16_282215141,16,282215141,0.0230829685382566,0.0060606060606061,1155,0.0539303358377973,0.0581737717469055,0.874852750738408,-7.00623462465228
Chr15_545728127,15,545728127,0.02308983264765,0.407359307359307,1155,0.0539303358377973,0.0581733462995095,0.874852750738408,-1.70468838531337
Chr02_8306088,2,8306088,0.0231520822726678,0.0233766233766234,1155,0.0539303358377973,0.0581694939623807,0.874852750738408,4.6374460181039
Chr01_106568275,1,106568275,0.0232996677994052,0.367099567099567,1155,0.0539303358377973,0.0581604033927422,0.874852750738408,1.77016095103087
Chr05_394992438,5,394992438,0.0233250263997097,0.025974025974026,1155,0.0539303358377973,0.0581588474437673,0.874852750738408,-4.64032417954371
Chr13_66954558,13,66954558,0.0236689272743509,0.100865800865801,1155,0.0539303358377973,0.0581379181881655,0.878495426128581,2.44973379249117
Chr05_86058515,5,86058515,0.0238645431651033,0.35021645021645,1155,0.0539303358377973,0.0581261537795605,0.878495426128581,-1.58884173557789
Chr01_383957473,1,383957473,0.0239993495398745,0.0268398268398269,1155,0.0539303358377973,0.0581181046328344,0.878495426128581,-4.36422327702621
Chr06_472521172,6,472521172,0.0241483936716759,0.186580086580087,1155,0.0539303358377973,0.0581092598594718,0.878495426128581,-2.05542745355262
Chr14_492082281,14,492082281,0.0241688872303247,0.218181818181818,1155,0.0539303358377973,0.0581080481411076,0.878495426128581,-1.73819990620808
Chr17_241561354,17,241561354,0.024169398378047,0.0718614718614719,1155,0.0539303358377973,0.0581080179322301,0.878495426128581,-2.88678273191469
Chr20_20323840,20,20323840,0.024245321744358,0.029004329004329,1155,0.0539303358377973,0.0581035382108341,0.878495426128581,4.3992222073101
Chr13_28531775,13,28531775,0.0243018511921913,0.0242424242424242,1155,0.0539303358377973,0.0581002122493609,0.878495426128581,4.39835618182607
Chr15_450534040,15,450534040,0.0245851924653023,0.105194805194805,1155,0.0539303358377973,0.0580836618440449,0.878688780025676,3.01423330538873
Chr18_182782272,18,182782272,0.0246044489342389,0.0476190476190476,1155,0.0539303358377973,0.058082544247347,0.878688780025676,-3.52433649515197
Chr09_447902332,9,447902332,0.0248296196976995,0.361904761904762,1155,0.0539303358377973,0.0580695429703536,0.878688780025676,-1.62363324583737
Chr12_361086724,12,361086724,0.0249196876922961,0.0203463203463203,1155,0.0539303358377973,0.0580643767608771,0.878688780025676,-4.6052333437309
Chr11_17915903,11,17915903,0.0250027629181124,0.429004329004329,1155,0.0539303358377973,0.0580596288308349,0.878688780025676,-2.33127144370258
Chr18_260518207,18,260518207,0.0251337611381376,0.4004329004329,1155,0.0539303358377973,0.0580521752207337,0.878688780025676,-1.86049679165137
Chr06_195318526,6,195318526,0.0251624120307402,0.118181818181818,1155,0.0539303358377973,0.0580505504099587,0.878688780025676,2.47538827747545
Chr06_42939512,6,42939512,0.0251870985887946,0.187012987012987,1155,0.0539303358377973,0.0580491519613193,0.878688780025676,-2.22231518243655
Chr18_548188102,18,548188102,0.0253906405329445,0.204329004329004,1155,0.0539303358377973,0.0580376757158102,0.87950081030389,2.16788335776232
Chr03_464162212,3,464162212,0.0256081296467727,0.0238095238095238,1155,0.0539303358377973,0.0580255183522996,0.87950081030389,4.4874059232811
Chr02_167141055,2,167141055,0.0256873101042344,0.0878787878787879,1155,0.0539303358377973,0.0580211189134432,0.87950081030389,-2.79809750339129
Chr14_52453406,14,52453406,0.0257113326060523,0.0186147186147186,1155,0.0539303358377973,0.0580197869595953,0.87950081030389,-4.8221807310327
Chr20_673407376,20,673407376,0.0257608198286532,0.0792207792207792,1155,0.0539303358377973,0.0580170471621253,0.87950081030389,3.7481634099295
Chr15_509740268,15,509740268,0.0261820515746555,0.385714285714286,1155,0.0539303358377973,0.0579939455060595,0.890078340552862,1.69125043956757
Chr06_334530477,6,334530477,0.0266013089800175,0.274025974025974,1155,0.0539303358377973,0.0579713330323183,0.892435619471887,2.26689217276299
Chr21_89605826,21,89605826,0.0266240367692456,0.397835497835498,1155,0.0539303358377973,0.0579701178387378,0.892435619471887,2.25332846300432
Chr18_273564932,18,273564932,0.0266248369748547,0.0493506493506494,1155,0.0539303358377973,0.0579700750735854,0.892435619471887,-3.38402567601693
Chr08_269048326,8,269048326,0.0267126603178989,0.0233766233766234,1155,0.0539303358377973,0.0579653896698716,0.892435619471887,-4.53108869824349
Chr08_366932852,8,366932852,0.0269630660508465,0.161904761904762,1155,0.0539303358377973,0.0579521179814674,0.892435619471887,2.2709520797325
Chr19_93844463,19,93844463,0.0269905934926639,0.0545454545454545,1155,0.0539303358377973,0.0579506668421033,0.892435619471887,3.0813045435398
Chr02_428713124,2,428713124,0.0271762207838026,0.491774891774892,1155,0.0539303358377973,0.0579409213502124,0.892435619471887,2.37625755506861
Chr07_33838149,7,33838149,0.0272353337700014,0.0177489177489178,1155,0.0539303358377973,0.0579378324463938,0.892435619471887,4.33485463762824
Chr20_635305858,20,635305858,0.0272567644450044,0.058008658008658,1155,0.0539303358377973,0.057936714327039,0.892435619471887,3.07523894165807
Chr05_219902957,5,219902957,0.0274191867310838,0.455411255411255,1155,0.0539303358377973,0.0579282697918313,0.893114280906386,-1.53025288818284
Chr03_415029712,3,415029712,0.0275010781202868,0.428571428571429,1155,0.0539303358377973,0.0579240318928664,0.893114280906386,-1.41006419985391
Chr02_171649998,2,171649998,0.0281935243557681,0.335930735930736,1155,0.0539303358377973,0.0578887146164588,0.901066623095369,-2.013766159672
Chr10_439101761,10,439101761,0.0282696517352862,0.114285714285714,1155,0.0539303358377973,0.0578848871078291,0.901066623095369,2.53466332461383
Chr16_280068959,16,280068959,0.0283290752948537,0.387445887445887,1155,0.0539303358377973,0.0578819068865589,0.901066623095369,2.08127215198135
Chr20_450805058,20,450805058,0.0283379086348694,0.0402597402597403,1155,0.0539303358377973,0.0578814644315991,0.901066623095369,-3.32398018527316
Chr20_645978069,20,645978069,0.0283722249229951,0.187878787878788,1155,0.0539303358377973,0.0578797469190377,0.901066623095369,-2.24260352088177
Chr05_414841797,5,414841797,0.0284723165484158,0.158441558441558,1155,0.0539303358377973,0.0578747497256251,0.901066623095369,-2.05159106396169
Chr02_176964721,2,176964721,0.0286278110849512,0.10995670995671,1155,0.0539303358377973,0.057867022683512,0.901066623095369,-3.08242572967981
Chr16_216113096,16,216113096,0.0287219281380541,0.0943722943722944,1155,0.0539303358377973,0.0578623669205327,0.901066623095369,2.33393062070581
Chr15_534510330,15,534510330,0.0290749059098287,0.472727272727273,1155,0.0539303358377973,0.0578450464858749,0.901066623095369,-1.26051080862862
Chr09_99841833,9,99841833,0.0293549058157561,0.119047619047619,1155,0.0539303358377973,0.0578314622868776,0.901066623095369,-3.20685060104711
Chr01_276632977,1,276632977,0.0294417215652796,0.0346320346320346,1155,0.0539303358377973,0.0578272778539408,0.901066623095369,-3.25717916216047
Chr13_25862687,13,25862687,0.0294476339933037,0.338528138528139,1155,0.0539303358377973,0.0578269933490538,0.901066623095369,1.49448749537049
Chr06_283011362,6,283011362,0.0296515462562634,0.127272727272727,1155,0.0539303358377973,0.0578172174281864,0.901066623095369,2.1385488250215
Chr17_231217179,17,231217179,0.0296868324658658,0.210822510822511,1155,0.0539303358377973,0.057815532864363,0.901066623095369,1.89098440790667
Chr19_699580114,19,699580114,0.0300756242944815,0.117316017316017,1155,0.0539303358377973,0.0577971090714459,0.901066623095369,-1.90862779386111
Chr14_510132199,14,510132199,0.0305228044513453,0.307359307359307,1155,0.0539303358377973,0.0577762233163526,0.901066623095369,-1.555174404079
Chr10_477771445,10,477771445,0.0306447153840188,0.0666666666666667,1155,0.0539303358377973,0.0577705847991232,0.901066623095369,-2.60530833937985
Chr13_312291416,13,312291416,0.0307343016370877,0.275757575757576,1155,0.0539303358377973,0.0577664562422247,0.901066623095369,1.7610464517943
Chr18_369663172,18,369663172,0.0307526363689726,0.0532467532467532,1155,0.0539303358377973,0.0577656128403331,0.901066623095369,3.06330108294313
Chr10_63530434,10,63530434,0.0308247123479236,0.238095238095238,1155,0.0539303358377973,0.0577623024098816,0.901066623095369,1.87369891483334
Chr18_76450190,18,76450190,0.0308285352908969,0.0515151515151515,1155,0.0539303358377973,0.057762127048918,0.901066623095369,3.0373476397469
Chr06_35964460,6,35964460,0.030832364820107,0.335497835497836,1155,0.0539303358377973,0.0577619514085989,0.901066623095369,-1.48869000648787
Chr07_494234814,7,494234814,0.0310914340406637,0.363203463203463,1155,0.0539303358377973,0.0577501218687325,0.901066623095369,1.8988038129188
Chr19_54220624,19,54220624,0.0311724595381936,0.0783549783549784,1155,0.0539303358377973,0.0577464432299152,0.901066623095369,2.6007278828294
Chr18_177522944,18,177522944,0.0311982489331862,0.0506493506493507,1155,0.0539303358377973,0.0577452744603743,0.901066623095369,-3.08085301974063
Chr01_116511536,1,116511536,0.031245701900379,0.468831168831169,1155,0.0539303358377973,0.0577431265368834,0.901066623095369,1.45912280882763
Chr17_68891687,17,68891687,0.0312549940360378,0.431168831168831,1155,0.0539303358377973,0.0577427063341643,0.901066623095369,2.17255253909474
Chr07_423645066,7,423645066,0.0312633046501634,0.166666666666667,1155,0.0539303358377973,0.0577423306276721,0.901066623095369,-2.35805671020981
Chr13_75374040,13,75374040,0.0312651512483238,0.253246753246753,1155,0.0539303358377973,0.057742247160775,0.901066623095369,2.09592466184375
Chr01_253140860,1,253140860,0.0314970408285533,0.253246753246753,1155,0.0539303358377973,0.0577318063889705,0.901066623095369,-1.32183252535702
Chr13_25747545,13,25747545,0.0315402139687209,0.35974025974026,1155,0.0539303358377973,0.0577298713977346,0.901066623095369,-1.43761494313856
Chr20_636870191,20,636870191,0.0317845187740416,0.184848484848485,1155,0.0539303358377973,0.057718973692391,0.901066623095369,-2.15295912791322
Chr05_237542137,5,237542137,0.0318419231144261,0.0220779220779221,1155,0.0539303358377973,0.0577164257550697,0.901066623095369,4.29168863389786
Chr14_424673215,14,424673215,0.0320229796195721,0.280952380952381,1155,0.0539303358377973,0.0577084207507085,0.901066623095369,-1.70056966561137
Chr15_540403742,15,540403742,0.0321227192184926,0.355844155844156,1155,0.0539303358377973,0.0577040311699024,0.901066623095369,1.22008833974343
Chr17_282696406,17,282696406,0.0322729632820121,0.149350649350649,1155,0.0539303358377973,0.0576974456857055,0.901066623095369,-1.51034701195161
Chr12_261424122,12,261424122,0.032314425779584,0.31038961038961,1155,0.0539303358377973,0.057695633946477,0.901066623095369,-1.76243101277635
Chr16_949220,16,949220,0.0323385799162846,0.0268398268398269,1155,0.0539303358377973,0.0576945796306144,0.901066623095369,3.75449467423141
Chr05_229827087,5,229827087,0.0323612279336258,0.38008658008658,1155,0.0539303358377973,0.0576935918036087,0.901066623095369,-1.57976026459812
Chr13_8295016,13,8295016,0.0324223802115622,0.0251082251082251,1155,0.0539303358377973,0.0576909281617451,0.901066623095369,4.40331612843748
Chr19_774174061,19,774174061,0.0324815721999571,0.387878787878788,1155,0.0539303358377973,0.0576883549025994,0.901066623095369,-1.42598992756479
Chr08_359399735,8,359399735,0.0324830626425668,0.0316017316017316,1155,0.0539303358377973,0.0576882901717279,0.901066623095369,3.68582151440582
Chr12_14537120,12,14537120,0.0327996785149813,0.453246753246753,1155,0.0539303358377973,0.0576746092740604,0.906591279646194,1.42263387075286
Chr21_206124713,21,206124713,0.0330205789343627,0.0298701298701299,1155,0.0539303358377973,0.0576651457511721,0.906591279646194,4.09372441345648
Chr02_13818888,2,13818888,0.0330788930914211,0.0121212121212121,1155,0.0539303358377973,0.057662658577633,0.906591279646194,4.87129772490238
Chr12_86771400,12,86771400,0.0334890997090051,0.348484848484849,1155,0.0539303358377973,0.057645291287075,0.906591279646194,-1.93258560480103
Chr01_226430315,1,226430315,0.0335327251332882,0.388744588744589,1155,0.0539303358377973,0.0576434573835434,0.906591279646194,1.56169074497598
Chr15_123384749,15,123384749,0.0336212868608059,0.0735930735930736,1155,0.0539303358377973,0.0576397421352614,0.906591279646194,3.56380613213904
Chr13_9071574,13,9071574,0.033700163728342,0.0255411255411255,1155,0.0539303358377973,0.057636441786631,0.906591279646194,4.3713070767492
Chr15_431962965,15,431962965,0.0338034914605422,0.48008658008658,1155,0.0539303358377973,0.0576321305784351,0.906591279646194,-2.73297451697852
Chr05_324173895,5,324173895,0.0338522271722029,0.025974025974026,1155,0.0539303358377973,0.0576301019310316,0.906591279646194,4.18593542004146
Chr04_16906105,4,16906105,0.0339495295107989,0.0277056277056277,1155,0.0539303358377973,0.0576260608008879,0.906591279646194,3.97767697287161
Chr13_362372796,13,362372796,0.0339572380726595,0.174025974025974,1155,0.0539303358377973,0.0576257411696309,0.906591279646194,1.96313390682437
Chr15_51673824,15,51673824,0.0340439834639953,0.274458874458874,1155,0.0539303358377973,0.0576221495462448,0.906591279646194,-1.69710595951369
Chr05_149621312,5,149621312,0.0342053035378528,0.361038961038961,1155,0.0539303358377973,0.0576154956151006,0.907579887906344,-1.42637577884813
Chr11_39753153,11,39753153,0.0344119470874446,0.229437229437229,1155,0.0539303358377973,0.0576070200629766,0.907579887906344,-1.79173603800581
Chr20_418344387,20,418344387,0.0348035125074923,0.338961038961039,1155,0.0539303358377973,0.0575911050342639,0.907579887906344,1.99129275541651
Chr10_458931695,10,458931695,0.0349448041698188,0.0783549783549784,1155,0.0539303358377973,0.0575854082751528,0.907579887906344,-2.24394880001289
Chr02_167484358,2,167484358,0.0350272204519302,0.0922077922077922,1155,0.0539303358377973,0.057582096449116,0.907579887906344,-2.50908604755784
Chr14_151432932,14,151432932,0.0351216108273104,0.28961038961039,1155,0.0539303358377973,0.0575783134658534,0.907579887906344,-1.91595694244518
Chr18_505428754,18,505428754,0.0351371285295991,0.045021645021645,1155,0.0539303358377973,0.0575776925657472,0.907579887906344,-3.25077719236326
Chr04_23316712,4,23316712,0.0351531109251792,0.13030303030303,1155,0.0539303358377973,0.057577053372325,0.907579887906344,1.97367609557352
Chr15_50439903,15,50439903,0.0352184467160316,0.112987012987013,1155,0.0539303358377973,0.0575744435211043,0.907579887906344,-2.38436287494847
Chr15_599862016,15,599862016,0.0352242301103086,0.0541125541125541,1155,0.0539303358377973,0.0575742127466341,0.907579887906344,-2.50914710590607
Chr19_484430789,19,484430789,0.0354742806989404,0.025974025974026,1155,0.0539303358377973,0.0575642727654274,0.907579887906344,-4.19666101182405
Chr21_73959152,21,73959152,0.0355159636266307,0.0991341991341991,1155,0.0539303358377973,0.0575626229304981,0.907579887906344,2.24248124477397
Chr20_279312138,20,279312138,0.0357199942439958,0.045021645021645,1155,0.0539303358377973,0.0575545764372785,0.907579887906344,2.99120001496345
Chr17_43148415,17,43148415,0.0357777948571969,0.0220779220779221,1155,0.0539303358377973,0.0575523056675528,0.907579887906344,4.31457781384596
Chr05_126122980,5,126122980,0.0360276431924364,0.420779220779221,1155,0.0539303358377973,0.0575425340867972,0.907579887906344,1.39195671476847
Chr08_73828412,8,73828412,0.0363731308359553,0.0303030303030303,1155,0.0539303358377973,0.0575291384213099,0.907579887906344,-3.4005445946309
Chr12_4172219,12,4172219,0.0365135957466061,0.104761904761905,1155,0.0539303358377973,0.0575237302399793,0.907579887906344,1.98669378810767
Chr06_361908577,6,361908577,0.036654980470697,0.412121212121212,1155,0.0539303358377973,0.0575183086259253,0.907579887906344,-1.56812848610127
Chr13_337047693,13,337047693,0.0367059549922621,0.161904761904762,1155,0.0539303358377973,0.0575163593055564,0.907579887906344,1.80795505893173
Chr19_295103993,19,295103993,0.0367877987406286,0.119047619047619,1155,0.0539303358377973,0.0575132354425397,0.907579887906344,2.09577857376871
Chr09_416483439,9,416483439,0.0368911381011718,0.13982683982684,1155,0.0539303358377973,0.0575093015154543,0.907579887906344,-2.26487565141792
Chr03_456504877,3,456504877,0.0369448674396821,0.107792207792208,1155,0.0539303358377973,0.0575072607083714,0.907579887906344,2.11664872167476
Chr01_440164996,1,440164996,0.036985368916064,0.0714285714285714,1155,0.0539303358377973,0.0575057243929383,0.907579887906344,-2.46617851505587
Chr07_340591435,7,340591435,0.0371026812652954,0.146320346320346,1155,0.0539303358377973,0.0575012843989632,0.907579887906344,-2.91862493242934
Chr19_581578134,19,581578134,0.0371185942475411,0.464502164502165,1155,0.0539303358377973,0.0575006832646554,0.907579887906344,-1.24662963827521
Chr10_367535021,10,367535021,0.0372012144136298,0.0787878787878788,1155,0.0539303358377973,0.0574975665154264,0.907579887906344,-3.82611602655294
Chr08_338249196,8,338249196,0.0372495371655171,0.405627705627706,1155,0.0539303358377973,0.0574957469593553,0.907579887906344,-1.42451069446844
Chr10_395704184,10,395704184,0.0372696269120535,0.232034632034632,1155,0.0539303358377973,0.0574949912239329,0.907579887906344,1.89446943234364
Chr18_364601119,18,364601119,0.0373756143598933,0.0445887445887446,1155,0.0539303358377973,0.0574910112525371,0.907579887906344,3.11887197648636
Chr20_510023748,20,510023748,0.0375508955011063,0.0437229437229437,1155,0.0539303358377973,0.0574844551195987,0.909073042904056,-3.04604143019449
Chr10_71967243,10,71967243,0.0382288719140696,0.354545454545454,1155,0.0539303358377973,0.0574593952605161,0.913931430580112,-2.07457680344726
Chr16_387735207,16,387735207,0.0382797625120404,0.496969696969697,1155,0.0539303358377973,0.0574575330609263,0.913931430580112,-5.15301487120314
Chr06_461727646,6,461727646,0.0383288790264702,0.432034632034632,1155,0.0539303358377973,0.0574557382417316,0.913931430580112,-1.51446612619694
Chr04_239264300,4,239264300,0.0384574874187919,0.14025974025974,1155,0.0539303358377973,0.0574510500385073,0.913931430580112,-1.80007040467947
Chr13_8160520,13,8160520,0.0386478816847499,0.025974025974026,1155,0.0539303358377973,0.0574441396691132,0.913931430580112,4.2465927325115
Chr20_643872270,20,643872270,0.0396541812378248,0.108658008658009,1155,0.0539303358377973,0.0574081998889463,0.913931430580112,2.67003483254675
Chr18_31110490,18,31110490,0.0396654944481736,0.00519480519480519,1155,0.0539303358377973,0.0574078013069957,0.913931430580112,6.8590513446472
Chr19_193008255,19,193008255,0.0396967773159255,0.413419913419913,1155,0.0539303358377973,0.0574066997845225,0.913931430580112,-1.45891696566991
Chr21_104814472,21,104814472,0.0397435142747344,0.170995670995671,1155,0.0539303358377973,0.0574050557955561,0.913931430580112,1.54788068215431
Chr10_68747085,10,68747085,0.0397609849603488,0.184848484848485,1155,0.0539303358377973,0.0574044417795836,0.913931430580112,-2.07483680569385
Chr16_160369178,16,160369178,0.0398191182901488,0.347186147186147,1155,0.0539303358377973,0.0574024006938691,0.913931430580112,2.47930141281677
Chr15_534704257,15,534704257,0.0398744929750547,0.413419913419913,1155,0.0539303358377973,0.0574004593751404,0.913931430580112,-1.11453423126747
Chr07_405605045,7,405605045,0.0399502588559422,0.357142857142857,1155,0.0539303358377973,0.057397807769494,0.913931430580112,-1.89488256295112
Chr03_89127998,3,89127998,0.0400336948220389,0.0831168831168831,1155,0.0539303358377973,0.0573948938386035,0.913931430580112,-2.31076065436764
Chr08_377560537,8,377560537,0.0401456869848059,0.378354978354978,1155,0.0539303358377973,0.0573909926238467,0.913931430580112,-1.40784832801819
Chr20_629611325,20,629611325,0.040173651700487,0.0813852813852814,1155,0.0539303358377973,0.0573900202656465,0.913931430580112,3.44098976337145
Chr13_362635171,13,362635171,0.0402124491059367,0.317316017316017,1155,0.0539303358377973,0.0573886724226472,0.913931430580112,1.6896276625703
Chr13_378948116,13,378948116,0.0402602249567251,0.351948051948052,1155,0.0539303358377973,0.0573870145402585,0.913931430580112,1.29876091882974
Chr10_21772191,10,21772191,0.0402667149538838,0.394372294372294,1155,0.0539303358377973,0.0573867894887088,0.913931430580112,-1.31415784116459
Chr07_14491304,7,14491304,0.0403550667994018,0.0831168831168831,1155,0.0539303358377973,0.0573837295271372,0.913931430580112,2.23015564492925
Chr20_436993821,20,436993821,0.0404282708651048,0.173160173160173,1155,0.0539303358377973,0.057381199520953,0.913931430580112,2.43089401991841
Chr18_492972393,18,492972393,0.0406065294140221,0.0294372294372294,1155,0.0539303358377973,0.0573750588137226,0.913931430580112,-3.44346555880676
Chr13_318815311,13,318815311,0.040619912650139,0.215151515151515,1155,0.0539303358377973,0.0573745989280474,0.913931430580112,1.72230957236627
Chr20_428272450,20,428272450,0.0406645149286682,0.494805194805195,1155,0.0539303358377973,0.0573730674175321,0.913931430580112,-3.94031416482312
Chr20_551005990,20,551005990,0.0409514731897007,0.0567099567099567,1155,0.0539303358377973,0.057363256160497,0.913931430580112,3.14936674535343
Chr15_4608944,15,4608944,0.0409608817270288,0.170562770562771,1155,0.0539303358377973,0.0573629357027527,0.913931430580112,-1.87406942390629
Chr07_408644063,7,408644063,0.0411980264183236,0.482683982683983,1155,0.0539303358377973,0.0573548839458501,0.913931430580112,1.39713822286132
Chr18_153927393,18,153927393,0.0412240428733092,0.0484848484848485,1155,0.0539303358377973,0.0573540035796768,0.913931430580112,-3.22288651238395
Chr18_160499192,18,160499192,0.0412240428733092,0.0484848484848485,1155,0.0539303358377973,0.0573540035796768,0.913931430580112,-3.22288651238395
Chr02_417864664,2,417864664,0.0415907419049458,0.0484848484848485,1155,0.0539303358377973,0.0573416567196146,0.913931430580112,2.96616541590856
Chr08_211106161,8,211106161,0.0416534361187761,0.304761904761905,1155,0.0539303358377973,0.0573395572556037,0.913931430580112,1.71539336019643
Chr20_72457190,20,72457190,0.0416685056637789,0.204761904761905,1155,0.0539303358377973,0.0573390531118616,0.913931430580112,-2.3935349048636
Chr19_493643734,19,493643734,0.0417683941385091,0.0285714285714286,1155,0.0539303358377973,0.0573357162376846,0.913931430580112,-4.19908324973795
Chr06_501825773,6,501825773,0.0418470104559226,0.450649350649351,1155,0.0539303358377973,0.0573330958806691,0.913931430580112,2.15384365325804
Chr07_41579674,7,41579674,0.0419316695145776,0.471428571428571,1155,0.0539303358377973,0.0573302798996612,0.913931430580112,-1.04286393415643
Chr13_9887219,13,9887219,0.0420056146451382,0.0251082251082251,1155,0.0539303358377973,0.0573278251825751,0.913931430580112,-4.17718983854641
Chr03_89239386,3,89239386,0.0420578451823017,0.0753246753246753,1155,0.0539303358377973,0.057326094052189,0.913931430580112,-2.33650077347602
Chr02_271676546,2,271676546,0.0420987315625837,0.201731601731602,1155,0.0539303358377973,0.0573247404909063,0.913931430580112,1.87664760584016
Chr18_509289525,18,509289525,0.0425484504735723,0.497402597402597,1155,0.0539303358377973,0.0573099430135355,0.917035211021731,-9.4967115337713
Chr04_246091181,4,246091181,0.0425727403722795,0.339393939393939,1155,0.0539303358377973,0.0573091484751055,0.917035211021731,1.28585616279287
Chr15_351193579,15,351193579,0.0425860637487874,0.141558441558442,1155,0.0539303358377973,0.0573087128614294,0.917035211021731,-2.27826060611665
Chr09_248648432,9,248648432,0.0431990900038556,0.130735930735931,1155,0.0539303358377973,0.0572888233926317,0.924777627097012,1.95581183497848
Chr20_532117642,20,532117642,0.04326067778161,0.0753246753246753,1155,0.0539303358377973,0.0572868416460128,0.924777627097012,3.31535724227746
Chr16_350464590,16,350464590,0.0433207611519733,0.0974025974025974,1155,0.0539303358377973,0.0572849111691666,0.924777627097012,-2.25608372153144
Chr10_130000984,10,130000984,0.0435505666381324,0.251948051948052,1155,0.0539303358377973,0.0572775534604835,0.924777627097012,-1.73016484884897
Chr20_646539631,20,646539631,0.0436285775559858,0.18961038961039,1155,0.0539303358377973,0.0572750650710137,0.924777627097012,-2.06442548558854
Chr20_674659238,20,674659238,0.0436795290415531,0.286580086580087,1155,0.0539303358377973,0.0572734423517025,0.924777627097012,-1.47103172460419
Chr08_369477403,8,369477403,0.0437559072528064,0.451082251082251,1155,0.0539303358377973,0.0572710135655821,0.924777627097012,-1.28182794783228
Chr10_504234471,10,504234471,0.0444549470103195,0.153679653679654,1155,0.0539303358377973,0.0572489898501547,0.934793818798542,2.04446027593943
Chr14_270680873,14,270680873,0.044501623722028,0.0978354978354978,1155,0.0539303358377973,0.0572475322923192,0.934793818798542,-2.10849035936977
Chr15_428831127,15,428831127,0.0446568827961054,0.0385281385281385,1155,0.0539303358377973,0.0572426956403007,0.934793818798542,-3.02094183456667
Chr11_235249469,11,235249469,0.0446978644111958,0.0173160173160173,1155,0.0539303358377973,0.0572414219324507,0.934793818798542,-4.34247889730395
Chr17_115063299,17,115063299,0.0448219618763013,0.0926406926406926,1155,0.0539303358377973,0.0572375724815813,0.934941653863632,-2.1969589949606
Chr01_459540327,1,459540327,0.0452434090995643,0.174891774891775,1155,0.0539303358377973,0.0572245827595588,0.936456207804061,-1.58413140371024
Chr16_288657395,16,288657395,0.0452776046763364,0.207792207792208,1155,0.0539303358377973,0.0572235343959578,0.936456207804061,-1.8530360279068
Chr18_137494538,18,137494538,0.0455507540356374,0.0489177489177489,1155,0.0539303358377973,0.0572151900772937,0.936456207804061,-3.14871539394878
Chr15_559646158,15,559646158,0.045642233277466,0.483116883116883,1155,0.0539303358377973,0.0572124073123254,0.936456207804061,1.23382455583143
Chr18_168127505,18,168127505,0.0457170295884769,0.100865800865801,1155,0.0539303358377973,0.0572101364047765,0.936456207804061,2.09115122157624
Chr21_409591507,21,409591507,0.0457274727260362,0.106493506493506,1155,0.0539303358377973,0.0572098196502189,0.936456207804061,-2.08420960476377
Chr05_156358046,5,156358046,0.0457848224166105,0.348051948051948,1155,0.0539303358377973,0.0572080815154647,0.936456207804061,-1.4552327836804
Chr08_351939722,8,351939722,0.04593174206532,0.471428571428571,1155,0.0539303358377973,0.0572036391846988,0.936456207804061,-1.16008326818778
Chr05_355056317,5,355056317,0.0459500837791346,0.448051948051948,1155,0.0539303358377973,0.0572030856490945,0.936456207804061,-1.19718031477365
Chr13_3810225,13,3810225,0.0460945497067835,0.0242424242424242,1155,0.0539303358377973,0.0571987339372002,0.936456207804061,-4.11186446863312
Chr19_121410043,19,121410043,0.0462650663536364,0.0203463203463203,1155,0.0539303358377973,0.0571936159885647,0.936456207804061,4.03481125758508
Chr06_445976596,6,445976596,0.0463011893957447,0.33982683982684,1155,0.0539303358377973,0.0571925343339729,0.936456207804061,-1.71355143274212
Chr07_302509523,7,302509523,0.046552106628321,0.20995670995671,1155,0.0539303358377973,0.0571850454581305,0.939082335418622,-1.88567971031088
Chr05_111147787,5,111147787,0.0470177991879164,0.274458874458874,1155,0.0539303358377973,0.0571712586607307,0.939082335418622,2.04966060624491
Chr10_460586038,10,460586038,0.0470510709906189,0.293506493506493,1155,0.0539303358377973,0.0571702791757254,0.939082335418622,-1.87436435110692
Chr20_633840514,20,633840514,0.0470731342495129,0.164069264069264,1155,0.0539303358377973,0.0571696300610648,0.939082335418622,-1.86043741562506
Chr14_501326987,14,501326987,0.0472976181862813,0.350649350649351,1155,0.0539303358377973,0.0571630438123067,0.939082335418622,-1.13963189153651
Chr07_145504196,7,145504196,0.0475618846212903,0.029004329004329,1155,0.0539303358377973,0.057155332545137,0.939082335418622,3.22723438194689
Chr11_10710716,11,10710716,0.0475823446978075,0.0307359307359307,1155,0.0539303358377973,0.0571547374109439,0.939082335418622,2.86214952529251
Chr06_381137597,6,381137597,0.0477223006903876,0.152813852813853,1155,0.0539303358377973,0.057150673664477,0.939082335418622,2.45584806693239
Chr19_377044540,19,377044540,0.0477285973173392,0.025974025974026,1155,0.0539303358377973,0.0571504911323965,0.939082335418622,-4.10949219742372
Chr20_133474924,20,133474924,0.0478441595591247,0.0865800865800865,1155,0.0539303358377973,0.0571471456247631,0.939082335418622,2.15038314995354
Chr10_457083443,10,457083443,0.0479439908093876,0.332900432900433,1155,0.0539303358377973,0.0571442623929627,0.939082335418622,1.32801991062553
Chr05_415889170,5,415889170,0.0480662396875156,0.182683982683983,1155,0.0539303358377973,0.0571407403444116,0.939082335418622,1.65219107018692
Chr13_315586086,13,315586086,0.0481120015600329,0.00606060606060606,1155,0.0539303358377973,0.0571394243572312,0.939082335418622,6.11255660797846
Chr04_264692282,4,264692282,0.0481982400864112,0.0242424242424243,1155,0.0539303358377973,0.0571369479626561,0.939082335418622,4.02180205085824
Chr08_389794729,8,389794729,0.0482540100207699,0.498268398268398,1155,0.0539303358377973,0.0571353489851915,0.939082335418622,-1.09097084544251
Chr17_8649879,17,8649879,0.0485423651402273,0.472727272727273,1155,0.0539303358377973,0.0571271126031166,0.939082335418622,1.25757244917045
Chr15_358675172,15,358675172,0.0486351249919363,0.168831168831169,1155,0.0539303358377973,0.0571244740626988,0.939082335418622,-2.01406387730594
Chr17_6953860,17,6953860,0.0487294532012151,0.413419913419913,1155,0.0539303358377973,0.0571217963604473,0.939082335418622,-1.22984845073631
Chr20_53285587,20,53285587,0.0491466318060368,0.0264069264069264,1155,0.0539303358377973,0.0571100192284841,0.939082335418622,3.97906794566883
Chr06_504168059,6,504168059,0.0492344676749411,0.0264069264069264,1155,0.0539303358377973,0.0571075530567706,0.939082335418622,-3.92693699645291
Chr14_394956412,14,394956412,0.0493564030362033,0.0865800865800866,1155,0.0539303358377973,0.0571041371741891,0.939082335418622,-3.85787505658169
Chr03_182610723,3,182610723,0.0493747625181588,0.435064935064935,1155,0.0539303358377973,0.0571036236270428,0.939082335418622,-1.32376151011468
Chr07_16039349,7,16039349,0.049493067727312,0.344588744588745,1155,0.0539303358377973,0.0571003192575296,0.939082335418622,-2.05791067992288
Chr02_9740407,2,9740407,0.0495365267372614,0.128571428571429,1155,0.0539303358377973,0.0570991075064758,0.939082335418622,-2.37766950604302
Chr15_512176445,15,512176445,0.0495803027416014,0.133766233766234,1155,0.0539303358377973,0.0570978880530666,0.939082335418622,2.18197256732373
Chr19_540414037,19,540414037,0.0496247068606272,0.268831168831169,1155,0.0539303358377973,0.0570966522654607,0.939082335418622,-1.52168300825107
Chr18_178614543,18,178614543,0.0497105697623746,0.0471861471861472,1155,0.0539303358377973,0.0570942659746471,0.939082335418622,-3.09717354218647
Chr20_312466495,20,312466495,0.0499170811210662,0.176190476190476,1155,0.0539303358377973,0.0570885444467273,0.939082335418622,2.18717393993373
Chr07_437093048,7,437093048,0.0499983221179906,0.132034632034632,1155,0.0539303358377973,0.0570863004740889,0.939082335418622,-2.38757621140923
Chr05_229245164,5,229245164,0.0503882360796154,0.0238095238095238,1155,0.0539303358377973,0.0570755840116052,0.939082335418622,-4.00806400061168
Chr13_33007049,13,33007049,0.0507372032954558,0.0251082251082251,1155,0.0539303358377973,0.0570660670981666,0.939082335418622,3.87627694648569
Chr02_58559541,2,58559541,0.0508759878098435,0.454978354978355,1155,0.0539303358377973,0.0570623014572955,0.939082335418622,-1.51926787139837
Chr06_27073072,6,27073072,0.0509074276215242,0.441125541125541,1155,0.0539303358377973,0.0570614499115852,0.939082335418622,1.15797710126481
Chr20_537190081,20,537190081,0.0510126329024016,0.131168831168831,1155,0.0539303358377973,0.057058604475423,0.939082335418622,-1.68677628580892
Chr20_359651237,20,359651237,0.0510699337089757,0.173593073593074,1155,0.0539303358377973,0.0570570573007636,0.939082335418622,2.34447659271348
Chr02_163115345,2,163115345,0.0510996191739891,0.10995670995671,1155,0.0539303358377973,0.0570562564884284,0.939082335418622,-2.71968268961712
Chr15_409060284,15,409060284,0.0511155071010591,0.18008658008658,1155,0.0539303358377973,0.0570558280888344,0.939082335418622,-1.30418137831589
Chr08_363086705,8,363086705,0.0511255360465519,0.431168831168831,1155,0.0539303358377973,0.0570555577424879,0.939082335418622,1.16082594590108
Chr14_394136073,14,394136073,0.0514942072776107,0.348917748917749,1155,0.0539303358377973,0.0570456584035258,0.939082335418622,-1.31361816483843
Chr01_443890987,1,443890987,0.0515344219670671,0.391341991341991,1155,0.0539303358377973,0.0570445831257629,0.939082335418622,1.24366990720546
Chr16_390091718,16,390091718,0.0515424679029677,0.498268398268398,1155,0.0539303358377973,0.0570443680967405,0.939082335418622,5.26069762250336
Chr17_319803433,17,319803433,0.0522741336647044,0.292207792207792,1155,0.0539303358377973,0.0570249614139263,0.939082335418622,-1.72397134602488
Chr18_47151373,18,47151373,0.0523076844760374,0.107359307359307,1155,0.0539303358377973,0.0570240784264076,0.939082335418622,1.90344998702847
Chr06_437644552,6,437644552,0.0523100979783467,0.48008658008658,1155,0.0539303358377973,0.0570240149311929,0.939082335418622,-1.25667612032655
Chr02_186613243,2,186613243,0.0523309116912239,0.248051948051948,1155,0.0539303358377973,0.0570234674859548,0.939082335418622,1.80237603593974
Chr17_299949259,17,299949259,0.0523986509994005,0.102597402597403,1155,0.0539303358377973,0.0570216873932278,0.939082335418622,-2.18677015190983
Chr04_105884073,4,105884073,0.0524739269732383,0.120779220779221,1155,0.0539303358377973,0.0570197121063072,0.939082335418622,2.30446290242415
Chr14_394136061,14,394136061,0.0524881400175944,0.351082251082251,1155,0.0539303358377973,0.0570193394845141,0.939082335418622,1.30135715820802
Chr20_360246705,20,360246705,0.0525315431118469,0.371861471861472,1155,0.0539303358377973,0.0570182022520044,0.939082335418622,-1.31967286389917
Chr15_550781025,15,550781025,0.0526414486724182,0.411688311688312,1155,0.0539303358377973,0.057015326993315,0.939082335418622,1.16138124973492
Chr03_325803494,3,325803494,0.0526745045698727,0.0363636363636364,1155,0.0539303358377973,0.0570144634566775,0.939082335418622,2.63847257728791
Chr15_30828151,15,30828151,0.0527589669344804,0.119047619047619,1155,0.0539303358377973,0.0570122596081369,0.939082335418622,-2.1759058910377
Chr01_354164143,1,354164143,0.052785563869832,0.0731601731601732,1155,0.0539303358377973,0.0570115663972945,0.939082335418622,2.43366301688582
Chr19_142645178,19,142645178,0.0527899016263897,0.0294372294372295,1155,0.0539303358377973,0.057011453375031,0.939082335418622,3.75941626315216
Chr06_523512636,6,523512636,0.0529327141640276,0.0528138528138528,1155,0.0539303358377973,0.0570077378155707,0.939082335418622,-2.76223883298547
Chr19_112875615,19,112875615,0.0530838956640237,0.0735930735930736,1155,0.0539303358377973,0.0570038160826996,0.939082335418622,2.37650737045477
Chr18_405327402,18,405327402,0.0533128790166179,0.188311688311688,1155,0.0539303358377973,0.0569978986213234,0.939082335418622,-1.54116693385589
Chr11_184857843,11,184857843,0.0533254525896181,0.460606060606061,1155,0.0539303358377973,0.0569975744719645,0.939082335418622,1.13934410650845
Chr02_96715437,2,96715437,0.0534435903067744,0.344155844155844,1155,0.0539303358377973,0.0569945328092102,0.939082335418622,1.55281457601046
Chr09_447940631,9,447940631,0.053626079011704,0.0692640692640693,1155,0.0539303358377973,0.0569898483040363,0.939082335418622,2.95919257969979
Chr07_483155036,7,483155036,0.053683725687557,0.235064935064935,1155,0.0539303358377973,0.0569883720208302,0.939082335418622,1.59373946378685
Chr05_392431630,5,392431630,0.0539391158495906,0.0480519480519481,1155,0.0539303358377973,0.0569818518563507,0.939082335418622,-2.8998557689108
Chr06_147094011,6,147094011,0.0540628222478281,0.382683982683983,1155,0.0539303358377973,0.0569787053697566,0.939082335418622,-1.57169146433392
Chr02_116426859,2,116426859,0.0543417577212524,0.479220779220779,1155,0.0539303358377973,0.0569716385554119,0.939082335418622,-2.80101505814173
Chr18_473218181,18,473218181,0.0543462337860368,0.263203463203463,1155,0.0539303358377973,0.0569715254685762,0.939082335418622,-1.86634382136037
Chr07_423637376,7,423637376,0.0543593725193187,0.394372294372294,1155,0.0539303358377973,0.0569711935783095,0.939082335418622,1.70717411169778
Chr19_370188289,19,370188289,0.0543830953058762,0.177489177489177,1155,0.0539303358377973,0.0569705945456838,0.939082335418622,-1.62046284726239
Chr02_186631297,2,186631297,0.0544242234696235,0.0857142857142857,1155,0.0539303358377973,0.0569695566604139,0.939082335418622,-2.43018572125189
Chr09_265159585,9,265159585,0.0548722184327477,0.025974025974026,1155,0.0539303358377973,0.0569583049515235,0.939280481024356,-3.83006234424117
Chr12_262720774,12,262720774,0.0549981344465666,0.256709956709957,1155,0.0539303358377973,0.0569551600312804,0.939280481024356,1.57461122513993
Chr14_386308536,14,386308536,0.0550166904987742,0.188311688311688,1155,0.0539303358377973,0.0569546972154392,0.939280481024356,1.78461106497593
Chr06_376976405,6,376976405,0.0552453230223624,0.144588744588745,1155,0.0539303358377973,0.0569490083389173,0.939280481024356,1.87750755158581
Chr15_70720413,15,70720413,0.0557214173736013,0.206493506493507,1155,0.0539303358377973,0.0569372418804717,0.939280481024356,-1.88609779832939
Chr05_339479907,5,339479907,0.055813323536474,0.0203463203463203,1155,0.0539303358377973,0.0569349827583463,0.939280481024356,3.82172377468396
Chr04_203702523,4,203702523,0.0558178623038856,0.236796536796537,1155,0.0539303358377973,0.0569348712944596,0.939280481024356,-1.82044406150169
Chr04_173078713,4,173078713,0.0559766743062003,0.248917748917749,1155,0.0539303358377973,0.0569309772101412,0.939280481024356,-1.60220786410582
Chr04_172895795,4,172895795,0.0560350449097811,0.20952380952381,1155,0.0539303358377973,0.0569295489064116,0.939280481024356,-1.7774700252088
Chr06_373070997,6,373070997,0.0562842670649984,0.0826839826839827,1155,0.0539303358377973,0.0569234682773162,0.939280481024356,2.32121760369327
Chr17_1008067,17,1008067,0.0563094460066226,0.206060606060606,1155,0.0539303358377973,0.0569228555423319,0.939280481024356,1.22501220955189
Chr20_658242576,20,658242576,0.056446775150872,0.0251082251082251,1155,0.0539303358377973,0.0569195187237558,0.939280481024356,3.83322198885276
Chr05_153821474,5,153821474,0.0564737291991684,0.0242424242424242,1155,0.0539303358377973,0.0569188648080288,0.939280481024356,-3.85928326628195
Chr06_2325659,6,2325659,0.0564795376713152,0.377922077922078,1155,0.0539303358377973,0.056918723935664,0.939280481024356,1.79547679475729
Chr16_13393220,16,13393220,0.0567753806283872,0.0748917748917749,1155,0.0539303358377973,0.0569115691718859,0.939280481024356,2.18003585938789
Chr08_127622694,8,127622694,0.0568454687033667,0.0978354978354978,1155,0.0539303358377973,0.0569098799440212,0.939280481024356,1.98968998276946
Chr09_57079262,9,57079262,0.0569546494192089,0.0445887445887446,1155,0.0539303358377973,0.0569072529301018,0.939280481024356,2.59032438841811
Chr02_2667836,2,2667836,0.0570116936956187,0.0480519480519481,1155,0.0539303358377973,0.0569058825072463,0.939280481024356,2.7273542432212
Chr20_644078083,20,644078083,0.0571138706422103,0.18961038961039,1155,0.0539303358377973,0.0569034314639398,0.939280481024356,-1.94887433990272
Chr18_304106770,18,304106770,0.0571401395512734,0.0454545454545455,1155,0.0539303358377973,0.0569028020727531,0.939280481024356,-2.98511403299929
Chr08_411983125,8,411983125,0.0571801286769644,0.0541125541125541,1155,0.0539303358377973,0.0569018445416969,0.939280481024356,2.77197825531658
Chr08_286546548,8,286546548,0.0574490359103214,0.248051948051948,1155,0.0539303358377973,0.0568954240490122,0.939280481024356,-1.42826053145816
Chr10_462950931,10,462950931,0.0577445369763071,0.348917748917749,1155,0.0539303358377973,0.0568884053457336,0.939280481024356,1.17146002094228
Chr16_386540631,16,386540631,0.0579808928060854,0.11948051948052,1155,0.0539303358377973,0.0568828188928073,0.939280481024356,-1.85948760975919
Chr06_84647202,6,84647202,0.0580007617104879,0.0523809523809524,1155,0.0539303358377973,0.0568823503800094,0.939280481024356,4.84910767737853
Chr18_523536376,18,523536376,0.0580939449059042,0.0506493506493507,1155,0.0539303358377973,0.0568801553768442,0.939280481024356,-2.71009593501967
Chr17_218805846,17,218805846,0.058115673485032,0.125541125541126,1155,0.0539303358377973,0.0568796440816262,0.939280481024356,-1.84960218559283
Chr01_278470028,1,278470028,0.0581992595855344,0.111255411255411,1155,0.0539303358377973,0.0568776791110875,0.939280481024356,2.61104599034658
Chr07_173778322,7,173778322,0.05822445725864,0.0528138528138528,1155,0.0539303358377973,0.0568770873445011,0.939280481024356,4.93958673652725
Chr20_368017908,20,368017908,0.0583509093903413,0.158441558441558,1155,0.0539303358377973,0.0568741217286999,0.939280481024356,-1.94083492849973
Chr16_19558510,16,19558510,0.0585087685596498,0.251948051948052,1155,0.0539303358377973,0.0568704291217275,0.939280481024356,1.44304568250911
Chr16_290433424,16,290433424,0.0585120620940689,0.326406926406926,1155,0.0539303358377973,0.0568703521930291,0.939280481024356,-1.75852707719491
Chr20_154808928,20,154808928,0.0585741380227133,0.0186147186147186,1155,0.0539303358377973,0.0568689031163713,0.939280481024356,3.91166044083427
Chr18_559857943,18,559857943,0.0590357187448104,0.0666666666666667,1155,0.0539303358377973,0.0568581791421868,0.939280481024356,-2.335762896294
Chr20_538011898,20,538011898,0.0594131260682715,0.312121212121212,1155,0.0539303358377973,0.0568494768910102,0.939280481024356,-1.29134715113406
Chr17_49501653,17,49501653,0.0596062501587134,0.433333333333333,1155,0.0539303358377973,0.0568450465743067,0.939280481024356,-2.33528559119748
Chr04_110545039,4,110545039,0.0596716582257203,0.427272727272727,1155,0.0539303358377973,0.0568435495603506,0.939280481024356,-1.79518569032155
Chr04_9352409,4,9352409,0.0598875921036758,0.0891774891774892,1155,0.0539303358377973,0.0568386197955582,0.939280481024356,2.0296046070824
Chr06_440094280,6,440094280,0.0599449485674158,0.0238095238095238,1155,0.0539303358377973,0.0568373135306371,0.939280481024356,3.97133997040409
Chr16_250448439,16,250448439,0.0600038428637529,0.0484848484848485,1155,0.0539303358377973,0.0568359736268277,0.939280481024356,-2.71460925051831
Chr18_284927817,18,284927817,0.0600862859637157,0.0463203463203463,1155,0.0539303358377973,0.0568341003153412,0.939280481024356,-2.93342833128384
Chr21_89605758,21,89605758,0.0601255707975609,0.491774891774892,1155,0.0539303358377973,0.0568332086294843,0.939280481024356,-4.79144464546016
Chr11_2536944,11,2536944,0.0602629563357107,0.148484848484848,1155,0.0539303358377973,0.0568300951301914,0.939280481024356,-1.87714038670813
Chr16_270882157,16,270882157,0.0603655618104533,0.0532467532467532,1155,0.0539303358377973,0.0568277747623787,0.939280481024356,-2.64598942004802
Chr05_414506665,5,414506665,0.0603859004898961,0.436796536796537,1155,0.0539303358377973,0.056827315313047,0.939280481024356,-1.12969219442181
Chr07_408636576,7,408636576,0.0608722747963065,0.497402597402597,1155,0.0539303358377973,0.0568163770008239,0.939280481024356,1.33157850119909
Chr21_68913858,21,68913858,0.0611249196209781,0.185714285714286,1155,0.0539303358377973,0.05681073184272,0.939280481024356,-1.87251520876509
Chr06_167431560,6,167431560,0.0611507009190995,0.0658008658008658,1155,0.0539303358377973,0.0568101571779371,0.939280481024356,2.31711203246019
Chr20_68195329,20,68195329,0.0613844015637997,0.022077922077922,1155,0.0539303358377973,0.0568049597448458,0.939280481024356,-3.14098414632736
Chr13_75937291,13,75937291,0.0615341655422764,0.171861471861472,1155,0.0539303358377973,0.0568016401169674,0.939280481024356,1.72366805042151
Chr02_226673867,2,226673867,0.0615919462954329,0.0861471861471862,1155,0.0539303358377973,0.0568003616665905,0.939280481024356,-2.32869757249696
Chr20_279923589,20,279923589,0.0618322361279746,0.122510822510823,1155,0.0539303358377973,0.0567950587236523,0.939280481024356,2.28127280425025
Chr01_249473078,1,249473078,0.0619265360168655,0.0554112554112555,1155,0.0539303358377973,0.0567929836263384,0.939280481024356,-2.58963375262397
Chr21_68561761,21,68561761,0.0621961750028576,0.0956709956709957,1155,0.0539303358377973,0.0567870686833998,0.939280481024356,-2.18007632959771
Chr04_194538080,4,194538080,0.0624887543985248,0.202164502164502,1155,0.0539303358377973,0.0567806813704609,0.939280481024356,-1.80506416216201
Chr09_35915936,9,35915936,0.0627702023884942,0.40952380952381,1155,0.0539303358377973,0.0567745671042993,0.939280481024356,-1.0162774188677
Chr17_252892073,17,252892073,0.0629267786394888,0.103030303030303,1155,0.0539303358377973,0.0567711782425886,0.939280481024356,-2.08623082870895
Chr19_618712115,19,618712115,0.063111703787943,0.00692640692640689,1155,0.0539303358377973,0.0567671873819779,0.939280481024356,-5.31296845613724
Chr02_115790517,2,115790517,0.0632908048989596,0.0220779220779221,1155,0.0539303358377973,0.0567633340890735,0.939280481024356,3.73390480532471
Chr20_407950687,20,407950687,0.063513452327653,0.103896103896104,1155,0.0539303358377973,0.0567585601098196,0.939280481024356,-1.56205452602921
Chr04_46015165,4,46015165,0.0635845525245835,0.101731601731602,1155,0.0539303358377973,0.0567570393506901,0.939280481024356,1.84532597254235
Chr03_102794002,3,102794002,0.0636320506619256,0.025974025974026,1155,0.0539303358377973,0.0567560244262124,0.939280481024356,3.72931505208801
Chr03_104631942,3,104631942,0.0636584002072011,0.337229437229437,1155,0.0539303358377973,0.0567554617466047,0.939280481024356,-1.63189072448711
Chr08_87699291,8,87699291,0.063666989422568,0.145021645021645,1155,0.0539303358377973,0.0567552783825157,0.939280481024356,-1.56800545376336
Chr02_62184856,2,62184856,0.0636957896761477,0.228571428571429,1155,0.0539303358377973,0.0567546637423116,0.939280481024356,-1.46500385833443
Chr21_76764606,21,76764606,0.0637025013819883,0.0835497835497836,1155,0.0539303358377973,0.0567545205471682,0.939280481024356,-2.0997823829955
Chr20_324677478,20,324677478,0.0637211575013659,0.154978354978355,1155,0.0539303358377973,0.0567541226009679,0.939280481024356,-2.06645669083014
Chr06_350649438,6,350649438,0.0638269092228702,0.191341991341991,1155,0.0539303358377973,0.0567518692020317,0.939280481024356,2.15805573195166
Chr13_277475582,13,277475582,0.0638586224699914,0.451515151515152,1155,0.0539303358377973,0.0567511942207435,0.939280481024356,2.12197609143675
Chr21_427002487,21,427002487,0.0639554381943394,0.0463203463203463,1155,0.0539303358377973,0.0567491358176827,0.939280481024356,2.69624891525142
Chr10_150518710,10,150518710,0.0641198818047208,0.185281385281385,1155,0.0539303358377973,0.0567456471896993,0.939280481024356,1.565166583272
Chr20_358747446,20,358747446,0.0642042079619616,0.0753246753246753,1155,0.0539303358377973,0.0567438619368466,0.939280481024356,2.29581618644642
Chr03_324190859,3,324190859,0.0644141173794847,0.0528138528138528,1155,0.0539303358377973,0.0567394288389664,0.939280481024356,-2.75219271036553
Chr07_38516989,7,38516989,0.0646194793358495,0.453679653679654,1155,0.0539303358377973,0.0567351066880386,0.939280481024356,-1.12275888427689
Chr20_611491242,20,611491242,0.0646720953827177,0.148051948051948,1155,0.0539303358377973,0.0567340016656194,0.939280481024356,-1.6938385716862
Chr16_270632318,16,270632318,0.0649716057918999,0.051948051948052,1155,0.0539303358377973,0.0567277297013545,0.939280481024356,-2.64341475790107
Chr14_453457489,14,453457489,0.0652131230615561,0.0298701298701299,1155,0.0539303358377973,0.0567226946155903,0.939280481024356,3.57806756380516
Chr10_124280634,10,124280634,0.0654866502346894,0.481385281385281,1155,0.0539303358377973,0.056717016207775,0.939280481024356,3.08112754996455
Chr15_380535402,15,380535402,0.0655059422876981,0.0792207792207792,1155,0.0539303358377973,0.0567166166634383,0.939280481024356,2.2477150573244
Chr19_711046474,19,711046474,0.0656580238474913,0.0757575757575758,1155,0.0539303358377973,0.056713471405117,0.939280481024356,2.27372330279096
Chr10_190922511,10,190922511,0.0656753400044852,0.367532467532467,1155,0.0539303358377973,0.0567131137768522,0.939280481024356,-1.97748616889544
Chr14_492082296,14,492082296,0.0656759752751423,0.25021645021645,1155,0.0539303358377973,0.0567131006586111,0.939280481024356,1.45613543146206
Chr06_492821908,6,492821908,0.06576802268905,0.0961038961038961,1155,0.0539303358377973,0.0567112013260261,0.939280481024356,-2.19737710049401
Chr18_183704445,18,183704445,0.065982505907339,0.0943722943722944,1155,0.0539303358377973,0.0567067866230045,0.939280481024356,2.41144449071439
Chr10_63530461,10,63530461,0.0660887400884373,0.248917748917749,1155,0.0539303358377973,0.0567046056862929,0.939280481024356,-1.56291729144777
Chr08_19215453,8,19215453,0.0663193582886522,0.282251082251082,1155,0.0539303358377973,0.056699884080915,0.939280481024356,1.19820464326162
Chr19_371159227,19,371159227,0.0663563656136541,0.151082251082251,1155,0.0539303358377973,0.0566991280397119,0.939280481024356,1.45414818475774
Chr09_438847132,9,438847132,0.0665513845235887,0.0753246753246753,1155,0.0539303358377973,0.0566951513366356,0.939280481024356,2.20158899048286
Chr18_522447883,18,522447883,0.0667905171568242,0.107359307359307,1155,0.0539303358377973,0.0566902920739879,0.939280481024356,1.82772501597549
Chr18_19575981,18,19575981,0.0667927314781731,0.019047619047619,1155,0.0539303358377973,0.0566902471651863,0.939280481024356,3.87741951707301
Chr13_370469315,13,370469315,0.0668336130090986,0.383549783549784,1155,0.0539303358377973,0.0566894183301327,0.939280481024356,-0.975293339139881
Chr19_607060890,19,607060890,0.067166215219569,0.0575757575757576,1155,0.0539303358377973,0.0566826952221163,0.939280481024356,-2.53482969584138
Chr10_461530679,10,461530679,0.0671774071474243,0.278354978354978,1155,0.0539303358377973,0.0566824696122503,0.939280481024356,-1.31335465503565
Chr13_9096454,13,9096454,0.0675035598705212,0.0251082251082251,1155,0.0539303358377973,0.0566759125473477,0.939280481024356,-3.77314103870937
Chr06_479151776,6,479151776,0.0676361436161352,0.24978354978355,1155,0.0539303358377973,0.0566732567350665,0.939280481024356,-1.4925979282896
Chr03_387055801,3,387055801,0.0676386742445502,0.328571428571429,1155,0.0539303358377973,0.0566732060977407,0.939280481024356,1.45248134351999
Chr15_6045246,15,6045246,0.0677674490598376,0.114718614718615,1155,0.0539303358377973,0.056670632015617,0.939280481024356,-2.01682161296353
Chr05_382986212,5,382986212,0.0678699488649203,0.433766233766234,1155,0.0539303358377973,0.0566685868851833,0.939280481024356,-1.57545917021059
Chr17_43528150,17,43528150,0.0678866344490104,0.112554112554113,1155,0.0539303358377973,0.0566682542785473,0.939280481024356,-1.76872310418959
Chr04_211602673,4,211602673,0.0679248607198818,0.0731601731601732,1155,0.0539303358377973,0.0566674926145968,0.939280481024356,2.39126681378622
Chr13_317432621,13,317432621,0.0679771837076176,0.179220779220779,1155,0.0539303358377973,0.056666450815212,0.939280481024356,1.91771181433685
Chr06_121204275,6,121204275,0.0680304047154714,0.470995670995671,1155,0.0539303358377973,0.0566653920158596,0.939280481024356,-1.3268575518905
Chr19_144574417,19,144574417,0.0681237397084866,0.341991341991342,1155,0.0539303358377973,0.0566635373131626,0.939280481024356,1.33624056389971
Chr09_62140718,9,62140718,0.0681833513201947,0.0593073593073593,1155,0.0539303358377973,0.0566623541666853,0.939280481024356,2.49184949728098
Chr13_367506106,13,367506106,0.0681921601921575,0.0242424242424242,1155,0.0539303358377973,0.0566621794257954,0.939280481024356,-3.66345467687083
Chr13_9450976,13,9450976,0.0682016488139655,0.0255411255411255,1155,0.0539303358377973,0.056661991227806,0.939280481024356,-3.7397449961929
Chr19_370840440,19,370840440,0.0682259362238711,0.298268398268398,1155,0.0539303358377973,0.0566615096373204,0.939280481024356,1.60698163672538
Chr19_370313904,19,370313904,0.0683296119154224,0.173160173160173,1155,0.0539303358377973,0.0566594559340408,0.939280481024356,-1.5089711536981
Chr07_499830540,7,499830540,0.0686070931299242,0.333766233766234,1155,0.0539303358377973,0.0566539757083869,0.939280481024356,-1.22611709902077
Chr07_26159563,7,26159563,0.0687638979034767,0.395670995670996,1155,0.0539303358377973,0.0566508893189723,0.939280481024356,1.1585242992216
Chr20_199964327,20,199964327,0.0688035740791758,0.0852813852813853,1155,0.0539303358377973,0.0566501095676686,0.939280481024356,1.88998428641992
Chr13_142625894,13,142625894,0.069393471646004,0.325108225108225,1155,0.0539303358377973,0.0566385728783499,0.939280481024356,1.68632224332327
Chr13_29369930,13,29369930,0.0696286497476817,0.0246753246753247,1155,0.0539303358377973,0.0566340027467752,0.939280481024356,-3.75894257343668
Chr12_391077975,12,391077975,0.0697060892011419,0.272727272727273,1155,0.0539303358377973,0.0566325015137068,0.939280481024356,-1.36507980112532
Chr15_148611035,15,148611035,0.0697700563625622,0.051948051948052,1155,0.0539303358377973,0.0566312628007042,0.939280481024356,2.67561483338024
Chr20_32525621,20,32525621,0.0697824990681107,0.0277056277056277,1155,0.0539303358377973,0.0566310219913044,0.939280481024356,-3.34188102539711
Chr20_645296317,20,645296317,0.069893001844249,0.0515151515151515,1155,0.0539303358377973,0.0566288853977172,0.939280481024356,2.54343640079202
Chr19_369684337,19,369684337,0.0698961081128195,0.264502164502164,1155,0.0539303358377973,0.0566288253897275,0.939280481024356,-1.28495488005308
Chr01_77499313,1,77499313,0.0698987819901382,0.127705627705628,1155,0.0539303358377973,0.0566287737371117,0.939280481024356,-1.53689057646372
Chr16_263644843,16,263644843,0.0700568412119131,0.334632034632035,1155,0.0539303358377973,0.0566257241864461,0.939280481024356,-1.50566227356308
Chr10_369734722,10,369734722,0.0700924908212158,0.315151515151515,1155,0.0539303358377973,0.0566250373923072,0.939280481024356,-1.75686763999283
Chr18_242523407,18,242523407,0.0702657525140279,0.0484848484848485,1155,0.0539303358377973,0.0566217048092749,0.939280481024356,-2.82963769886388
Chr08_72944727,8,72944727,0.0702677834650972,0.0277056277056277,1155,0.0539303358377973,0.0566216657974368,0.939280481024356,-3.55363408657946
Chr13_9595560,13,9595560,0.0702693867279963,0.0251082251082251,1155,0.0539303358377973,0.0566216350017675,0.939280481024356,-3.72736420428022
Chr04_34226869,4,34226869,0.0703341150612602,0.162770562770563,1155,0.0539303358377973,0.056620392320899,0.939280481024356,-2.42744132861594
Chr13_53181807,13,53181807,0.0703555139585329,0.338961038961039,1155,0.0539303358377973,0.0566199817658842,0.939280481024356,1.23060045844807
Chr20_649312033,20,649312033,0.0704201937959515,0.184848484848485,1155,0.0539303358377973,0.0566187416449084,0.939280481024356,-1.79875854386285
Chr06_145460186,6,145460186,0.0704331961981149,0.426839826839827,1155,0.0539303358377973,0.0566184924944064,0.939280481024356,-1.33832649324535
Chr13_372358488,13,372358488,0.0704686551238917,0.471428571428571,1155,0.0539303358377973,0.056617813285249,0.939280481024356,-0.913701250420075
Chr15_97893852,15,97893852,0.0704797344887738,0.0203463203463203,1155,0.0539303358377973,0.0566176011372161,0.939280481024356,-3.94354131436347
Chr15_50439878,15,50439878,0.0705625382276069,0.354545454545454,1155,0.0539303358377973,0.0566160167402524,0.939280481024356,1.47486668839184
Chr09_14606108,9,14606108,0.0707770583483338,0.313419913419913,1155,0.0539303358377973,0.0566119212915003,0.939280481024356,1.43425574249881
Chr20_438954299,20,438954299,0.0708257676183245,0.170995670995671,1155,0.0539303358377973,0.0566109932274196,0.939280481024356,2.10244069562242
Chr04_262248266,4,262248266,0.0708664870873894,0.126406926406926,1155,0.0539303358377973,0.0566102179193285,0.939280481024356,-1.63709388894586
Chr14_383175735,14,383175735,0.0709283029621381,0.329004329004329,1155,0.0539303358377973,0.0566090418437526,0.939280481024356,-1.14309000165943
Chr14_514488767,14,514488767,0.0709471646673168,0.30995670995671,1155,0.0539303358377973,0.056608683210028,0.939280481024356,-1.14600914930497
Chr12_352091931,12,352091931,0.071085603988558,0.455844155844156,1155,0.0539303358377973,0.0566060540713557,0.939280481024356,2.41760130832813
Chr20_36030466,20,36030466,0.0710863540448871,0.0437229437229437,1155,0.0539303358377973,0.0566060398417997,0.939280481024356,2.62601185764863
Chr18_52223864,18,52223864,0.0711328461626808,0.468831168831169,1155,0.0539303358377973,0.0566051581393814,0.939280481024356,-1.79851319574232
Chr20_647524430,20,647524430,0.0711892735504417,0.182683982683983,1155,0.0539303358377973,0.0566040888492112,0.939280481024356,-1.8050377977128
Chr13_29542602,13,29542602,0.0712183900055112,0.0242424242424242,1155,0.0539303358377973,0.0566035374525774,0.939280481024356,-3.51341608062363
Chr19_221358776,19,221358776,0.0712838114314469,0.0277056277056277,1155,0.0539303358377973,0.0566022994076781,0.939280481024356,-3.72921245103731
Chr19_695010339,19,695010339,0.071288693254955,0.0225108225108225,1155,0.0539303358377973,0.056602207072207,0.939280481024356,-3.58667716351208
Chr02_417196759,2,417196759,0.0715191747794835,0.0216450216450216,1155,0.0539303358377973,0.0565978554184555,0.939280481024356,-3.72522460357185
Chr10_194372650,10,194372650,0.0715594144789316,0.369264069264069,1155,0.0539303358377973,0.0565970972078523,0.939280481024356,-2.04131307087869
Chr08_313513610,8,313513610,0.0716345084826619,0.422077922077922,1155,0.0539303358377973,0.0565956834831371,0.939280481024356,-1.10819987336353
Chr21_308310946,21,308310946,0.0718889506885743,0.0541125541125541,1155,0.0539303358377973,0.0565909051359402,0.939280481024356,2.766938916702
Chr15_347246146,15,347246146,0.0719413876921647,0.0476190476190476,1155,0.0539303358377973,0.0565899226412157,0.939280481024356,-2.70246712215929
Chr15_166503829,15,166503829,0.0719645205680977,0.0272727272727273,1155,0.0539303358377973,0.0565894894525506,0.939280481024356,3.61475525255671
Chr07_417420018,7,417420018,0.0720714651230354,0.268831168831169,1155,0.0539303358377973,0.0565874887386861,0.939280481024356,-1.59588024377103
Chr09_305562077,9,305562077,0.0725013738881256,0.167532467532468,1155,0.0539303358377973,0.0565794780616139,0.942860397375341,-1.55331312417377
Chr08_395699161,8,395699161,0.0728841417576855,0.423809523809524,1155,0.0539303358377973,0.0565723885909246,0.942860397375341,-1.11317578489783
Chr16_177149707,16,177149707,0.0728874264400097,0.137229437229437,1155,0.0539303358377973,0.0565723279265692,0.942860397375341,1.37410280913218
Chr21_58113124,21,58113124,0.0732276700876659,0.0255411255411255,1155,0.0539303358377973,0.0565660598690271,0.942860397375341,3.66551193533098
Chr10_391123670,10,391123670,0.0733496271428095,0.0225108225108225,1155,0.0539303358377973,0.0565638207585756,0.942860397375341,-3.65531600949835
Chr03_272215949,3,272215949,0.07335438619587,0.487878787878788,1155,0.0539303358377973,0.0565637334642937,0.942860397375341,-1.22515829016274
Chr19_30140514,19,30140514,0.0734759684313859,0.0255411255411255,1155,0.0539303358377973,0.0565615053689456,0.942860397375341,-3.35025901302411
Chr11_154412637,11,154412637,0.0737507693762561,0.016017316017316,1155,0.0539303358377973,0.0565564839769963,0.942860397375341,4.06056690140153
Chr20_143511188,20,143511188,0.0738904534931875,0.422077922077922,1155,0.0539303358377973,0.0565539392551652,0.942860397375341,-1.06534830437391
Chr10_476002037,10,476002037,0.0739484975500362,0.0268398268398268,1155,0.0539303358377973,0.0565528833469103,0.942860397375341,-3.5917767040239
Chr04_66852290,4,66852290,0.0739807253993349,0.495670995670996,1155,0.0539303358377973,0.0565522974586804,0.942860397375341,-0.961076655744364
Chr13_240057098,13,240057098,0.0741741581654628,0.0255411255411255,1155,0.0539303358377973,0.0565487866906492,0.942860397375341,3.65716327453661
Chr20_62008857,20,62008857,0.074627643225891,0.38051948051948,1155,0.0539303358377973,0.0565405944646007,0.942860397375341,-1.36913094352025
Chr12_5137194,12,5137194,0.0747937012762598,0.106060606060606,1155,0.0539303358377973,0.0565376080010574,0.942860397375341,1.73710861073816
Chr15_76403992,15,76403992,0.0748166285325288,0.332467532467532,1155,0.0539303358377973,0.0565371962271667,0.942860397375341,-1.64868499920533
Chr14_449059728,14,449059728,0.0750587237521964,0.495670995670996,1155,0.0539303358377973,0.0565328564580223,0.942860397375341,0.895349967177538
Chr15_540407631,15,540407631,0.0752406967566856,0.272294372294372,1155,0.0539303358377973,0.0565296043329154,0.942860397375341,1.39271443936593
Chr16_285442833,16,285442833,0.0752501021837917,0.0995670995670996,1155,0.0539303358377973,0.05652943647414,0.942860397375341,-1.99370567611678
Chr06_409178486,6,409178486,0.0752684222478937,0.0238095238095238,1155,0.0539303358377973,0.0565291095805222,0.942860397375341,3.72289546045963
Chr06_465576000,6,465576000,0.0754378830595465,0.096969696969697,1155,0.0539303358377973,0.0565260898625444,0.942860397375341,1.89264787697583
Chr21_296419177,21,296419177,0.0754971096484098,0.0497835497835498,1155,0.0539303358377973,0.0565250361913041,0.942860397375341,-2.50252979536585
Chr06_408997558,6,408997558,0.075563314729257,0.0246753246753247,1155,0.0539303358377973,0.0565238594214047,0.942860397375341,3.712069703366
Chr20_635188745,20,635188745,0.0758399206778586,0.0961038961038961,1155,0.0539303358377973,0.0565189548293775,0.942860397375341,-2.07746463859161
Chr06_232802020,6,232802020,0.0759073790925544,0.158008658008658,1155,0.0539303358377973,0.0565177616216181,0.942860397375341,-1.42564594341773
Chr16_286668111,16,286668111,0.0760153382590492,0.0467532467532468,1155,0.0539303358377973,0.0565158544073815,0.942860397375341,-2.5147004370445
Chr01_370781202,1,370781202,0.0764614579014912,0.497402597402597,1155,0.0539303358377973,0.0565080040268873,0.942860397375341,-7.15043881853671
Chr04_215027522,4,215027522,0.0766150618039473,0.0735930735930736,1155,0.0539303358377973,0.0565053124613446,0.942860397375341,2.31236957717294
Chr19_290136957,19,290136957,0.07664893237748,0.0497835497835498,1155,0.0539303358377973,0.0565047197370283,0.942860397375341,2.63172203383158
Chr12_223106889,12,223106889,0.0769243991552522,0.0571428571428571,1155,0.0539303358377973,0.0564999096054357,0.942860397375341,2.64133628718795
Chr21_440824678,21,440824678,0.077124051176402,0.464935064935065,1155,0.0539303358377973,0.056496434912906,0.942860397375341,1.14612301700677
Chr03_456504834,3,456504834,0.0771977956166126,0.0805194805194805,1155,0.0539303358377973,0.05649515393319,0.942860397375341,2.02819537310386
Chr18_227005299,18,227005299,0.0774980830592127,0.0489177489177489,1155,0.0539303358377973,0.0564899513604051,0.942860397375341,-2.77268895530122
Chr12_201596125,12,201596125,0.0775910563396928,0.453246753246753,1155,0.0539303358377973,0.056488344971668,0.942860397375341,-2.18922276413286
Chr13_101532854,13,101532854,0.077605029229899,0.111688311688312,1155,0.0539303358377973,0.056488103727891,0.942860397375341,1.80006075818778
Chr04_241692848,4,241692848,0.0776457461457937,0.264502164502164,1155,0.0539303358377973,0.0564874010118213,0.942860397375341,1.63012232716915
Chr08_342077840,8,342077840,0.0777590572047673,0.295670995670996,1155,0.0539303358377973,0.0564854475121951,0.942860397375341,1.47804743262009
Chr21_101913547,21,101913547,0.0777903461052161,0.0303030303030303,1155,0.0539303358377973,0.0564849086273023,0.942860397375341,-3.33552412248923
Chr04_48115704,4,48115704,0.0778874028060891,0.143722943722944,1155,0.0539303358377973,0.0564832385164832,0.942860397375341,1.58669231202387
Chr14_389944031,14,389944031,0.0779042386053589,0.434632034632035,1155,0.0539303358377973,0.0564829490414169,0.942860397375341,1.17527384935829
Chr14_431432185,14,431432185,0.0780367605588125,0.025974025974026,1155,0.0539303358377973,0.0564806728076398,0.942860397375341,3.29845643957242
Chr21_90665196,21,90665196,0.0780906348423942,0.246320346320346,1155,0.0539303358377973,0.056479748638862,0.942860397375341,-1.42161404942644
Chr20_568335413,20,568335413,0.0781716402945943,0.221212121212121,1155,0.0539303358377973,0.0564783603499941,0.942860397375341,1.50957446677731
Chr08_218472971,8,218472971,0.0782548456673004,0.025974025974026,1155,0.0539303358377973,0.0564769359718927,0.942860397375341,-3.51965609761301
Chr09_133892799,9,133892799,0.0786170117280597,0.0402597402597402,1155,0.0539303358377973,0.0564707550762551,0.942860397375341,-2.25030540046146
Chr17_142101888,17,142101888,0.0786458573880266,0.00692640692640693,1155,0.0539303358377973,0.0564702641031936,0.942860397375341,-5.26874362096144
Chr18_505816535,18,505816535,0.0787685781061876,0.0454545454545455,1155,0.0539303358377973,0.0564681774798226,0.942860397375341,-2.70060651747322
Chr18_526668023,18,526668023,0.0788254657077415,0.309090909090909,1155,0.0539303358377973,0.0564672114073487,0.942860397375341,1.32761587710189
Chr20_209298370,20,209298370,0.078842155555449,0.0748917748917749,1155,0.0539303358377973,0.0564669281208728,0.942860397375341,1.89726856181922
Chr09_28443214,9,28443214,0.0788549147490419,0.227705627705628,1155,0.0539303358377973,0.056466711595285,0.942860397375341,1.4004416327723
Chr03_366089261,3,366089261,0.0788645919567459,0.0316017316017316,1155,0.0539303358377973,0.0564665473966898,0.942860397375341,3.49562103199162
Chr04_191010603,4,191010603,0.0790748476208792,0.213852813852814,1155,0.0539303358377973,0.0564629852260373,0.942860397375341,-1.51770384092117
Chr13_104225543,13,104225543,0.0792790650531881,0.312554112554113,1155,0.0539303358377973,0.0564595351217143,0.942860397375341,-1.08440424791883
Chr02_198177424,2,198177424,0.0795284076880786,0.0874458874458875,1155,0.0539303358377973,0.0564553356349046,0.942860397375341,-2.19246530448513
Chr14_64232951,14,64232951,0.0795906355477857,0.0164502164502165,1155,0.0539303358377973,0.0564542897934261,0.942860397375341,3.86819671023005
Chr21_118538093,21,118538093,0.079804373204691,0.0238095238095238,1155,0.0539303358377973,0.0564507042882598,0.942860397375341,3.6105735538406
Chr14_492016033,14,492016033,0.0798260882741294,0.283549783549784,1155,0.0539303358377973,0.0564503405922369,0.942860397375341,1.42983965279041
Chr18_183852317,18,183852317,0.0801189145704614,0.080952380952381,1155,0.0539303358377973,0.0564454465761373,0.942860397375341,2.24497644959823
Chr07_420320215,7,420320215,0.0802712977072902,0.0852813852813853,1155,0.0539303358377973,0.0564429074224009,0.942860397375341,2.02667101868906
Chr07_417419988,7,417419988,0.0803839621748793,0.0826839826839827,1155,0.0539303358377973,0.0564410334422328,0.942860397375341,1.92905199439568
Chr20_411975099,20,411975099,0.0804461164036392,0.29047619047619,1155,0.0539303358377973,0.056440000826351,0.942860397375341,-1.45449876020257
Chr02_214779158,2,214779158,0.0805064789095258,0.217316017316017,1155,0.0539303358377973,0.0564389988017621,0.942860397375341,1.32668605450013
Chr20_194288307,20,194288307,0.0808539886799681,0.105194805194805,1155,0.0539303358377973,0.0564332458304797,0.942860397375341,1.86827356013114
Chr19_101373126,19,101373126,0.0809703752446476,0.378787878787879,1155,0.0539303358377973,0.0564313250346933,0.942860397375341,-1.09768145505222
Chr12_405521665,12,405521665,0.0812383211278184,0.29047619047619,1155,0.0539303358377973,0.0564269142765188,0.942860397375341,-1.44600091000729
Chr05_231532515,5,231532515,0.0813302984583216,0.289177489177489,1155,0.0539303358377973,0.0564254038244068,0.942860397375341,-1.43883311556982
Chr13_30890926,13,30890926,0.081683036474502,0.074025974025974,1155,0.0539303358377973,0.0564196282180077,0.942860397375341,-2.1385206134044
Chr08_425966702,8,425966702,0.0817621280337017,0.221212121212121,1155,0.0539303358377973,0.0564183368990767,0.942860397375341,1.27596534876858
Chr15_417338684,15,417338684,0.0818490770142808,0.101731601731602,1155,0.0539303358377973,0.0564169188493863,0.942860397375341,1.8170313545799
Chr02_68696382,2,68696382,0.081860807537329,0.48961038961039,1155,0.0539303358377973,0.0564167276610683,0.942860397375341,1.82160326762016
Chr20_506898439,20,506898439,0.0818748610156658,0.413419913419913,1155,0.0539303358377973,0.0564164986513566,0.942860397375341,-1.039006495454
Chr15_547478916,15,547478916,0.0820911671901942,0.489177489177489,1155,0.0539303358377973,0.0564129791631951,0.942860397375341,1.07097439362852
Chr15_209943573,15,209943573,0.0821093124047948,0.493939393939394,1155,0.0539303358377973,0.0564126843805933,0.942860397375341,5.33059075948222
Chr10_449144422,10,449144422,0.0822510598632361,0.197835497835498,1155,0.0539303358377973,0.056410384007237,0.942860397375341,-2.12293380359768
Chr13_332230716,13,332230716,0.0823290521187065,0.153679653679654,1155,0.0539303358377973,0.0564091201228593,0.942860397375341,1.84554207565566
Chr14_483975557,14,483975557,0.0823447234746426,0.054978354978355,1155,0.0539303358377973,0.0564088663206799,0.942860397375341,-2.30601294542316
Chr19_150692727,19,150692727,0.0823749654646446,0.0463203463203463,1155,0.0539303358377973,0.056408376690384,0.942860397375341,2.60832969906137
Chr11_34005268,11,34005268,0.0825889763238849,0.15021645021645,1155,0.0539303358377973,0.0564049173092133,0.942860397375341,1.70986900833896
Chr15_465970482,15,465970482,0.0827291990564724,0.0826839826839827,1155,0.0539303358377973,0.056402655927686,0.942860397375341,2.07098645336967
Chr08_19140244,8,19140244,0.0827832820128071,0.396969696969697,1155,0.0539303358377973,0.0564017848352935,0.942860397375341,-1.30986704362761
Chr21_391660551,21,391660551,0.0829987600719494,0.0506493506493506,1155,0.0539303358377973,0.0563983203159488,0.942860397375341,-2.46932864072551
Chr05_232392097,5,232392097,0.083102464907644,0.393506493506494,1155,0.0539303358377973,0.0563966563843049,0.942860397375341,-1.12137482861266
Chr14_519459254,14,519459254,0.0832136721908641,0.276190476190476,1155,0.0539303358377973,0.056394874569928,0.942860397375341,-1.44385934560498
Chr08_160633519,8,160633519,0.0833024267568546,0.0532467532467532,1155,0.0539303358377973,0.0563934543501404,0.942860397375341,4.57949746038213
Chr19_786991367,19,786991367,0.0833895039196001,0.335497835497836,1155,0.0539303358377973,0.0563920625611161,0.942860397375341,1.32970700645501
Chr19_102429678,19,102429678,0.083429171198691,0.315151515151515,1155,0.0539303358377973,0.0563914290642122,0.942860397375341,-1.14148637631291
Chr10_473869817,10,473869817,0.0835634719189774,0.0264069264069264,1155,0.0539303358377973,0.0563892866625556,0.942860397375341,-3.48791552325117
Chr06_88233331,6,88233331,0.0837472800280404,0.125541125541126,1155,0.0539303358377973,0.0563863605349912,0.942860397375341,2.01870526242064
Chr05_210699163,5,210699163,0.0837748721038579,0.070995670995671,1155,0.0539303358377973,0.0563859218835948,0.942860397375341,-2.78170140720457
Chr02_313854368,2,313854368,0.0837789317678,0.127705627705628,1155,0.0539303358377973,0.0563858573573381,0.942860397375341,1.73183317079699
Chr15_166503857,15,166503857,0.0839125913107075,0.33030303030303,1155,0.0539303358377973,0.0563837347952169,0.942860397375341,-1.60382659621882
Chr05_184445451,5,184445451,0.0839295850748266,0.412121212121212,1155,0.0539303358377973,0.0563834651901962,0.942860397375341,1.1376369086183
Chr05_263265303,5,263265303,0.0840078408165015,0.300865800865801,1155,0.0539303358377973,0.0563822244294511,0.942860397375341,-1.36464663276149
Chr09_15663079,9,15663079,0.0840431321493874,0.0558441558441558,1155,0.0539303358377973,0.0563816652872732,0.942860397375341,-2.49402255369681
Chr01_356496802,1,356496802,0.0843304218175536,0.0796536796536797,1155,0.0539303358377973,0.0563771230121867,0.942860397375341,-2.09537040582671
Chr14_386756967,14,386756967,0.0844082409849207,0.0727272727272727,1155,0.0539303358377973,0.0563758955121728,0.942860397375341,2.14374823181387
Chr03_5067523,3,5067523,0.0848466071188005,0.446320346320346,1155,0.0539303358377973,0.0563690036407655,0.942860397375341,1.85274793874351
Chr06_3493516,6,3493516,0.0849886126176402,0.387445887445887,1155,0.0539303358377973,0.05636677933246,0.942860397375341,1.59774034295015
Chr21_112513535,21,112513535,0.0851390268772174,0.13030303030303,1155,0.0539303358377973,0.056364427697438,0.942860397375341,-1.45059936783584
Chr05_111147781,5,111147781,0.0851434999580516,0.0238095238095238,1155,0.0539303358377973,0.0563643578324471,0.942860397375341,-3.55051945421557
Chr03_477602723,3,477602723,0.0851451399176236,0.0303030303030303,1155,0.0539303358377973,0.0563643322189396,0.942860397375341,-3.26296173841683
Chr06_443394515,6,443394515,0.0851525868699704,0.415584415584416,1155,0.0539303358377973,0.0563642159163292,0.942860397375341,-1.03907203099658
Chr06_152302233,6,152302233,0.0852631290457396,0.152380952380952,1155,0.0539303358377973,0.0563624908204717,0.942860397375341,2.03524788304338
Chr05_239270363,5,239270363,0.0853431063165251,0.322943722943723,1155,0.0539303358377973,0.0563612442228915,0.942860397375341,-1.27389039646545
Chr10_46519211,10,46519211,0.0855566889033935,0.243290043290043,1155,0.0539303358377973,0.0563579213238977,0.942860397375341,-1.27781320258018
Chr20_623165746,20,623165746,0.0856484348581263,0.118614718614719,1155,0.0539303358377973,0.0563564967060624,0.942860397375341,1.64574370142363
Chr19_101493728,19,101493728,0.0856668204320802,0.375324675324675,1155,0.0539303358377973,0.0563562114163637,0.942860397375341,-1.07936682815978
Chr19_309140183,19,309140183,0.0857068656169632,0.0506493506493507,1155,0.0539303358377973,0.0563555902630828,0.942860397375341,2.54992840090449
Chr13_237811341,13,237811341,0.0857363017697275,0.0207792207792208,1155,0.0539303358377973,0.0563551338702368,0.942860397375341,-3.72591207835548
Chr01_92542535,1,92542535,0.0859583279792806,0.0316017316017316,1155,0.0539303358377973,0.0563516969240099,0.942860397375341,3.41769052840664
Chr04_100665785,4,100665785,0.0859764126299719,0.0670995670995671,1155,0.0539303358377973,0.0563514173989048,0.942860397375341,-2.10121235614096
Chr19_450452928,19,450452928,0.0860573928755063,0.148484848484848,1155,0.0539303358377973,0.0563501665098651,0.942860397375341,1.81797236922262
Chr06_184062310,6,184062310,0.0860938143228413,0.437662337662338,1155,0.0539303358377973,0.0563496043292575,0.942860397375341,-1.28862323946237
Chr13_301404520,13,301404520,0.0861078748200337,0.147186147186147,1155,0.0539303358377973,0.0563493873684112,0.942860397375341,-1.51738651138487
Chr19_93977220,19,93977220,0.0861406957497201,0.196536796536797,1155,0.0539303358377973,0.0563488810736003,0.942860397375341,1.75424770585988
Chr15_474860172,15,474860172,0.08614863694947,0.208658008658009,1155,0.0539303358377973,0.0563487586042651,0.942860397375341,-1.46279505294387
Chr21_279983196,21,279983196,0.0862317224492269,0.21038961038961,1155,0.0539303358377973,0.0563474779911216,0.942860397375341,-1.28561935995123
Chr16_93076841,16,93076841,0.0865616718836533,0.484848484848485,1155,0.0539303358377973,0.0563424055811582,0.942860397375341,-3.3831151499121
Chr20_649348162,20,649348162,0.0872623709139955,0.186147186147186,1155,0.0539303358377973,0.0563317026915839,0.942860397375341,-1.72979262256672
Chr10_470862769,10,470862769,0.0874912519575725,0.129004329004329,1155,0.0539303358377973,0.0563282268056452,0.942860397375341,-1.74210291555249
Chr05_393541505,5,393541505,0.0876714689709388,0.22034632034632,1155,0.0539303358377973,0.0563254968847162,0.942860397375341,-1.56826242474017
Chr14_355016791,14,355016791,0.0877264103190905,0.315584415584416,1155,0.0539303358377973,0.0563246658455737,0.942860397375341,1.17955285106132
Chr10_435491282,10,435491282,0.0877351873009033,0.0467532467532468,1155,0.0539303358377973,0.0563245331378321,0.942860397375341,2.27675489238597
Chr20_427143562,20,427143562,0.0877755328866645,0.029004329004329,1155,0.0539303358377973,0.0563239232987924,0.942860397375341,-3.35092880942081
Chr01_325670140,1,325670140,0.0881664896475422,0.0571428571428572,1155,0.0539303358377973,0.0563180295393646,0.942860397375341,-2.29991011096945
Chr14_371737311,14,371737311,0.0882622576714651,0.223809523809524,1155,0.0539303358377973,0.0563165901384201,0.942860397375341,1.1952449755384
Chr07_33824914,7,33824914,0.0882768933233643,0.0406926406926407,1155,0.0539303358377973,0.056316370312707,0.942860397375341,-2.10836350278763
Chr02_167007253,2,167007253,0.0882994190610226,0.10952380952381,1155,0.0539303358377973,0.05631603205612,0.942860397375341,-1.88059790804425
Chr19_595379797,19,595379797,0.0883067180602484,0.0229437229437229,1155,0.0539303358377973,0.0563159224711576,0.942860397375341,3.43386592810748
Chr08_80073184,8,80073184,0.0885291128602719,0.178787878787879,1155,0.0539303358377973,0.0563125882070818,0.942860397375341,1.88155515886712
Chr02_372041293,2,372041293,0.0886427050130336,0.0545454545454545,1155,0.0539303358377973,0.0563108886769484,0.942860397375341,1.94737745878082
Chr11_11439693,11,11439693,0.0887657530781834,0.166666666666667,1155,0.0539303358377973,0.0563090503354512,0.942860397375341,1.56932254005187
Chr20_74028583,20,74028583,0.0888376610940127,0.237662337662338,1155,0.0539303358377973,0.0563079773077708,0.942860397375341,-1.79434261961933
Chr13_66954591,13,66954591,0.0889504248586652,0.432034632034632,1155,0.0539303358377973,0.0563062965183777,0.942860397375341,-1.22482882506472
Chr04_200375061,4,200375061,0.0889918374856754,0.105627705627706,1155,0.0539303358377973,0.0563056798271063,0.942860397375341,-1.76523566522724
Chr10_118902678,10,118902678,0.088993950351051,0.378787878787879,1155,0.0539303358377973,0.0563056483719732,0.942860397375341,-2.25393497890877
Chr21_245395964,21,245395964,0.0889973827190232,0.270995670995671,1155,0.0539303358377973,0.0563055972745673,0.942860397375341,1.70778549414695
Chr06_543560709,6,543560709,0.0892455290527869,0.0298701298701299,1155,0.0539303358377973,0.0563019087961519,0.942860397375341,-3.48260121307516
Chr20_9582676,20,9582676,0.0897213956261025,0.176623376623377,1155,0.0539303358377973,0.0562948665074299,0.942860397375341,1.63040668006695
Chr15_469061634,15,469061634,0.0897515308061782,0.161038961038961,1155,0.0539303358377973,0.0562944219072441,0.942860397375341,1.51829551878868
Chr12_395922121,12,395922121,0.089775005156055,0.311688311688312,1155,0.0539303358377973,0.0562940756901192,0.942860397375341,1.05203512214254
Chr12_227843456,12,227843456,0.0899204530484206,0.0385281385281385,1155,0.0539303358377973,0.0562919327064632,0.942860397375341,-2.27496505499002
Chr14_42350326,14,42350326,0.0899478068927931,0.0207792207792208,1155,0.0539303358377973,0.0562915301041463,0.942860397375341,-3.57820728993164
Chr19_226236785,19,226236785,0.0899836988324387,0.0484848484848485,1155,0.0539303358377973,0.0562910020372118,0.942860397375341,2.57510822671517
Chr04_22531335,4,22531335,0.0900121128798119,0.0238095238095238,1155,0.0539303358377973,0.0562905841524174,0.942860397375341,3.26819647323373
Chr17_54757504,17,54757504,0.0901940057513575,0.0476190476190476,1155,0.0539303358377973,0.056287912448154,0.942860397375341,2.49849850626875
Chr21_294944844,21,294944844,0.0902947439298667,0.0653679653679654,1155,0.0539303358377973,0.0562864352891214,0.942860397375341,2.13667922639445
Chr01_258910867,1,258910867,0.0904372023864178,0.0316017316017316,1155,0.0539303358377973,0.0562843494247993,0.942860397375341,3.37435389945711
Chr01_501957185,1,501957185,0.090548085736763,0.0748917748917749,1155,0.0539303358377973,0.0562827283499062,0.942860397375341,-2.99346330508547
Chr21_364977532,21,364977532,0.0905525391576874,0.0255411255411255,1155,0.0539303358377973,0.0562826632875509,0.942860397375341,3.35359359822672
Chr19_331088465,19,331088465,0.0905714828767047,0.265800865800866,1155,0.0539303358377973,0.0562823865677132,0.942860397375341,-1.43120077451869
Chr15_566727557,15,566727557,0.0905969708589269,0.0545454545454545,1155,0.0539303358377973,0.0562820143519602,0.942860397375341,2.38131860822753
Chr06_6262546,6,6262546,0.0906065265416849,0.274025974025974,1155,0.0539303358377973,0.0562818748341245,0.942860397375341,1.40290225599668
Chr17_266965024,17,266965024,0.090750079785911,0.32987012987013,1155,0.0539303358377973,0.0562797808061126,0.942860397375341,-1.37784763720296
Chr13_332757414,13,332757414,0.0908186280994767,0.23030303030303,1155,0.0539303358377973,0.0562787821534343,0.942860397375341,1.56583944952445
Chr12_295308449,12,295308449,0.0908977878427611,0.383116883116883,1155,0.0539303358377973,0.0562776299259422,0.942860397375341,-1.04961349635923
Chr15_435207460,15,435207460,0.0911040086334866,0.0393939393939394,1155,0.0539303358377973,0.056274633347231,0.942860397375341,-2.56486234112188
Chr11_10926085,11,10926085,0.0911140981716553,0.0324675324675325,1155,0.0539303358377973,0.0562744869261658,0.942860397375341,2.35665153293945
Chr19_762292265,19,762292265,0.0911707706677521,0.0731601731601732,1155,0.0539303358377973,0.0562736648128649,0.942860397375341,2.04319486611803
Chr11_167984950,11,167984950,0.0913155207922931,0.23030303030303,1155,0.0539303358377973,0.0562715675303652,0.942860397375341,-1.65968162196248
Chr10_502840826,10,502840826,0.0913554863820618,0.0207792207792208,1155,0.0539303358377973,0.0562709891062183,0.942860397375341,-3.55550065612339
Chr01_489630572,1,489630572,0.0917745632434777,0.0813852813852814,1155,0.0539303358377973,0.056264940302432,0.942860397375341,1.72465396509135
Chr18_549437453,18,549437453,0.0918526252386148,0.429004329004329,1155,0.0539303358377973,0.0562638169029074,0.942860397375341,-1.08566843676698
Chr14_386351996,14,386351996,0.0919535304064459,0.192640692640693,1155,0.0539303358377973,0.056262366302246,0.942860397375341,1.54490249986293
Chr08_285828823,8,285828823,0.0920320379342213,0.472727272727273,1155,0.0539303358377973,0.0562612388844781,0.942860397375341,1.12181159713259
Chr15_437859447,15,437859447,0.0920753986717364,0.0562770562770563,1155,0.0539303358377973,0.056260616645227,0.942860397375341,2.55422014487678
Chr08_339986063,8,339986063,0.0921101406030758,0.477922077922078,1155,0.0539303358377973,0.0562601183183321,0.942860397375341,-1.02126208196597
Chr02_109894,2,109894,0.0921928970568523,0.0428571428571429,1155,0.0539303358377973,0.0562589321099836,0.942860397375341,-2.55113925281472
Chr15_521971228,15,521971228,0.0923125108535428,0.0922077922077922,1155,0.0539303358377973,0.0562572196441392,0.942860397375341,-1.80512765843947
Chr07_481720967,7,481720967,0.0924375441384908,0.0562770562770563,1155,0.0539303358377973,0.0562554321682687,0.942860397375341,2.34166971580692
Chr19_132104581,19,132104581,0.0924436004020725,0.35974025974026,1155,0.0539303358377973,0.0562553456547296,0.942860397375341,1.48698666925753
Chr02_417330432,2,417330432,0.0927437497218462,0.101298701298701,1155,0.0539303358377973,0.0562510657405112,0.942860397375341,2.15118284659454
Chr13_31204712,13,31204712,0.0929173166050779,0.153679653679654,1155,0.0539303358377973,0.0562485976741254,0.942860397375341,-1.51061851123009
Chr06_543789368,6,543789368,0.0929895084788173,0.0298701298701299,1155,0.0539303358377973,0.0562475726055981,0.942860397375341,-3.39290730493187
Chr01_331977568,1,331977568,0.0930497809625508,0.345454545454545,1155,0.0539303358377973,0.0562467174464147,0.942860397375341,1.28819970493069
Chr09_98277152,9,98277152,0.0931852182934163,0.0904761904761905,1155,0.0539303358377973,0.0562447980296572,0.942860397375341,-3.31719051006854
Chr20_633212087,20,633212087,0.0933916673827637,0.172727272727273,1155,0.0539303358377973,0.0562418780699632,0.942860397375341,1.56398144578617
Chr15_529074582,15,529074582,0.0934269685804092,0.393073593073593,1155,0.0539303358377973,0.0562413794830369,0.942860397375341,-1.17737454486351
Chr16_303336041,16,303336041,0.0936177894099949,0.465800865800866,1155,0.0539303358377973,0.056238687914827,0.942860397375341,1.70687949932733
Chr07_423302321,7,423302321,0.0936587760166956,0.104329004329004,1155,0.0539303358377973,0.0562381105694237,0.942860397375341,1.82494965450184
Chr03_144403318,3,144403318,0.0937996933799906,0.054978354978355,1155,0.0539303358377973,0.0562361276767929,0.942860397375341,-2.40227762713579
Chr10_491616255,10,491616255,0.094010786450321,0.111255411255411,1155,0.0539303358377973,0.056233163381503,0.942860397375341,1.89547224132357
Chr03_72455965,3,72455965,0.0940160352062704,0.102164502164502,1155,0.0539303358377973,0.0562330897677245,0.942860397375341,1.77884977970163
Chr19_55340733,19,55340733,0.0940461208558037,0.0528138528138528,1155,0.0539303358377973,0.0562326679029761,0.942860397375341,2.44508799025847
Chr05_152472752,5,152472752,0.0940618020663596,0.12034632034632,1155,0.0539303358377973,0.0562324480773481,0.942860397375341,1.76533662648228
Chr16_139291876,16,139291876,0.0943155271384787,0.154978354978355,1155,0.0539303358377973,0.0562288967936144,0.943883595207349,1.61714345483713
Chr11_32523201,11,32523201,0.0945211167361492,0.0207792207792208,1155,0.0539303358377973,0.056226026866779,0.943883595207349,-3.54030898613026
Chr20_9581556,20,9581556,0.0945404267254017,0.173160173160173,1155,0.0539303358377973,0.0562257576585531,0.943883595207349,1.5879364933337
Chr02_29848940,2,29848940,0.0946364701165461,0.31038961038961,1155,0.0539303358377973,0.0562244195689736,0.943883595207349,-1.4260830702693
Chr09_108389903,9,108389903,0.0948812650554771,0.167965367965368,1155,0.0539303358377973,0.0562210157339849,0.944230192012447,1.1251016575758
Chr01_143972388,1,143972388,0.0949405661612186,0.0116883116883117,1155,0.0539303358377973,0.0562201926014244,0.944230192012447,-3.89390190654476
Chr09_447878309,9,447878309,0.0950257947650529,0.371428571428571,1155,0.0539303358377973,0.0562190105615447,0.944230192012447,-1.21638439538904
Chr03_103629116,3,103629116,0.0956590154707684,0.0264069264069264,1155,0.0539303358377973,0.056210264417904,0.94507876873087,3.34966887370359
Chr11_239212997,11,239212997,0.0958615608340561,0.162337662337662,1155,0.0539303358377973,0.0562074801478935,0.94507876873087,1.42015728129587
Chr20_273378766,20,273378766,0.0959870785841597,0.0432900432900433,1155,0.0539303358377973,0.0562057579481793,0.94507876873087,2.54389212404028
Chr05_353585066,5,353585066,0.0961506153618391,0.0251082251082251,1155,0.0539303358377973,0.0562035177793978,0.94507876873087,3.23551012933724
Chr01_215577674,1,215577674,0.0962180235591924,0.032034632034632,1155,0.0539303358377973,0.0562025956138543,0.94507876873087,3.31849056034758
Chr01_258489099,1,258489099,0.0962180235591924,0.032034632034632,1155,0.0539303358377973,0.0562025956138543,0.94507876873087,3.31849056034758
Chr20_438557772,20,438557772,0.0962565943360829,0.476623376623377,1155,0.0539303358377973,0.0562020682703028,0.94507876873087,-0.924053888875591
Chr01_489630605,1,489630605,0.0963052202067239,0.0510822510822511,1155,0.0539303358377973,0.0562014037808646,0.94507876873087,2.13335004805097
Chr04_109843151,4,109843151,0.0969717305268407,0.317748917748918,1155,0.0539303358377973,0.0561923324059264,0.94507876873087,-1.71105948074137
Chr09_120620050,9,120620050,0.0970124106460488,0.36017316017316,1155,0.0539303358377973,0.0561917809437892,0.94507876873087,1.4348389895672
Chr15_542850749,15,542850749,0.0970639390702201,0.4995670995671,1155,0.0539303358377973,0.0561910827835675,0.94507876873087,-1.23293715799684
Chr20_375403753,20,375403753,0.097094366004959,0.0216450216450216,1155,0.0539303358377973,0.0561906707180034,0.94507876873087,-2.78229149576663
Chr18_509076079,18,509076079,0.0974170753147361,0.0783549783549784,1155,0.0539303358377973,0.0561863089890611,0.94507876873087,2.60416728511063
Chr14_373735432,14,373735432,0.0974406103451016,0.144588744588745,1155,0.0539303358377973,0.0561859915076073,0.94507876873087,1.50178705908382
Chr19_789376219,19,789376219,0.0975521439413358,0.029004329004329,1155,0.0539303358377973,0.0561844880858782,0.94507876873087,-3.4003686903591
Chr19_370309487,19,370309487,0.0975638699486618,0.168831168831169,1155,0.0539303358377973,0.0561843301337058,0.94507876873087,-1.4584595567419
Chr04_196365636,4,196365636,0.0976237014051975,0.124675324675325,1155,0.0539303358377973,0.0561835245119683,0.94507876873087,1.69769009923621
Chr05_360809367,5,360809367,0.0976970195131313,0.11991341991342,1155,0.0539303358377973,0.0561825380291945,0.94507876873087,1.85672321469303
Chr18_502548446,18,502548446,0.0978139177966712,0.0848484848484849,1155,0.0539303358377973,0.0561809668531509,0.94507876873087,-1.69866502994691
Chr06_339031789,6,339031789,0.0979023458198676,0.164935064935065,1155,0.0539303358377973,0.056179779694303,0.94507876873087,1.6098036540287
Chr02_417381475,2,417381475,0.0982523169131957,0.212987012987013,1155,0.0539303358377973,0.0561750927435576,0.94507876873087,-1.5888719220211
Chr07_492704770,7,492704770,0.0982868815642084,0.0991341991341991,1155,0.0539303358377973,0.0561746308297827,0.94507876873087,2.12360328899081
Chr20_548573630,20,548573630,0.0984796966324296,0.0493506493506494,1155,0.0539303358377973,0.0561720573465628,0.94507876873087,2.39662858234257
Chr06_311016346,6,311016346,0.0985282208529394,0.0320346320346321,1155,0.0539303358377973,0.0561714105655609,0.94507876873087,-3.08340628840142
Chr03_72455961,3,72455961,0.0986185722218974,0.101298701298701,1155,0.0539303358377973,0.0561702071957603,0.94507876873087,-1.75340984157924
Chr20_190019576,20,190019576,0.0986501585478561,0.0380952380952381,1155,0.0539303358377973,0.0561697867886281,0.94507876873087,-2.56569753770954
Chr13_358898224,13,358898224,0.0987585722524779,0.261471861471861,1155,0.0539303358377973,0.0561683449436692,0.94507876873087,1.37701470788826
Chr04_235828923,4,235828923,0.0989468675272581,0.156709956709957,1155,0.0539303358377973,0.0561658448216732,0.94507876873087,1.69321644945711
Chr16_18466720,16,18466720,0.0990814884338218,0.498268398268398,1155,0.0539303358377973,0.0561640605552327,0.94507876873087,5.44318058456611
Chr21_64506653,21,64506653,0.099113820752295,0.0151515151515152,1155,0.0539303358377973,0.0561636324170115,0.94507876873087,-3.39038783530022
Chr19_736148985,19,736148985,0.0992036244768253,0.0917748917748918,1155,0.0539303358377973,0.0561624440539988,0.94507876873087,2.1418921790312
Chr09_185040800,9,185040800,0.0993028958082429,0.0272727272727273,1155,0.0539303358377973,0.0561611317746353,0.94507876873087,-3.23146004350563
Chr04_180838151,4,180838151,0.0994320703777185,0.294372294372294,1155,0.0539303358377973,0.0561594263461204,0.94507876873087,-1.52256725448683
Chr05_55647210,5,55647210,0.0994631040528968,0.375324675324675,1155,0.0539303358377973,0.0561590169845234,0.94507876873087,-1.12290729901778
Chr01_295188721,1,295188721,0.0996653199334041,0.202597402597403,1155,0.0539303358377973,0.0561563529928257,0.94507876873087,1.61514140923646
Chr01_373434204,1,373434204,0.099691327378138,0.399134199134199,1155,0.0539303358377973,0.0561560107997102,0.94507876873087,0.894749948242975
Chr15_410052239,15,410052239,0.0997446665339295,0.0497835497835498,1155,0.0539303358377973,0.0561553092946926,0.94507876873087,-2.46846783194275
Chr10_472340446,10,472340446,0.0997471899323209,0.121645021645022,1155,0.0539303358377973,0.0561552761176667,0.94507876873087,-1.89666332281826
Chr06_355643209,6,355643209,0.0997606724555846,0.117748917748918,1155,0.0539303358377973,0.0561550988682825,0.94507876873087,1.80992157205191
Chr09_172121215,9,172121215,0.0999092312109344,0.172727272727273,1155,0.0539303358377973,0.0561531475578325,0.94507876873087,1.46050736005424
Chr15_448816544,15,448816544,0.100000182315694,0.265367965367965,1155,0.0539303358377973,0.0561519544855875,0.94507876873087,-1.37319829933648
Chr20_387145190,20,387145190,0.100079689366168,0.16969696969697,1155,0.0539303358377973,0.0561509125050192,0.94507876873087,1.66912798134913
Chr17_327788746,17,327788746,0.100695525362297,0.118181818181818,1155,0.0539303358377973,0.0561428721975574,0.945563417877327,-1.82509138385541
Chr16_237784150,16,237784150,0.100878307636132,0.34978354978355,1155,0.0539303358377973,0.0561404961549885,0.945563417877327,1.89196772144714
Chr13_234768174,13,234768174,0.100982100808403,0.259307359307359,1155,0.0539303358377973,0.0561391490118551,0.945563417877327,1.26126884804592
Chr12_335451026,12,335451026,0.100983129195284,0.391341991341991,1155,0.0539303358377973,0.0561391356718894,0.945563417877327,1.02902124593794
Chr17_54757525,17,54757525,0.101422128710356,0.0813852813852814,1155,0.0539303358377973,0.0561334546213748,0.945563417877327,1.96663501077609
Chr15_464573037,15,464573037,0.101430914034197,0.350649350649351,1155,0.0539303358377973,0.0561333412061924,0.945563417877327,1.15837341088172
Chr19_29877913,19,29877913,0.101447574964265,0.284848484848485,1155,0.0539303358377973,0.0561331261494629,0.945563417877327,1.39415550167647
Chr15_427618664,15,427618664,0.10146805113007,0.37012987012987,1155,0.0539303358377973,0.0561328618992049,0.945563417877327,-0.935968092407251
Chr06_66495966,6,66495966,0.101498846162257,0.0770562770562771,1155,0.0539303358377973,0.0561324645911697,0.945563417877327,1.97165656689793
Chr12_59289118,12,59289118,0.101664489054484,0.414285714285714,1155,0.0539303358377973,0.0561303297788495,0.945563417877327,-1.05315351381861
Chr08_257309625,8,257309625,0.101863665264484,0.444155844155844,1155,0.0539303358377973,0.0561277678243665,0.945563417877327,0.925543891715563
Chr19_111034993,19,111034993,0.102079558308565,0.362337662337662,1155,0.0539303358377973,0.056124997032758,0.945563417877327,-1.37484464163668
Chr15_548307962,15,548307962,0.102339375700899,0.472727272727273,1155,0.0539303358377973,0.0561216710080099,0.945563417877327,-0.928661629485873
Chr16_366058185,16,366058185,0.102434730872213,0.0164502164502165,1155,0.0539303358377973,0.0561204526481807,0.945563417877327,-3.07580378364355
Chr19_32916685,19,32916685,0.10254921248431,0.128571428571429,1155,0.0539303358377973,0.0561189915484278,0.945563417877327,1.49318551346747
Chr07_41753975,7,41753975,0.102653376035706,0.473593073593074,1155,0.0539303358377973,0.0561176636870563,0.945563417877327,-0.835034758059351
Chr19_379610287,19,379610287,0.102766007073315,0.287012987012987,1155,0.0539303358377973,0.0561162295433291,0.945563417877327,-1.29520284749344
Chr13_117825274,13,117825274,0.102847951021445,0.301731601731602,1155,0.0539303358377973,0.056115187223524,0.945563417877327,1.18298576386468
Chr15_532916274,15,532916274,0.10313693664799,0.345887445887446,1155,0.0539303358377973,0.0561115186013235,0.945563417877327,0.957671976213305
Chr02_282891189,2,282891189,0.103242457064349,0.301731601731602,1155,0.0539303358377973,0.0561101818445752,0.945563417877327,-1.00910879965022
Chr01_297752781,1,297752781,0.103285284839918,0.0225108225108225,1155,0.0539303358377973,0.056109639719643,0.945563417877327,3.30197740141467
Chr21_357173443,21,357173443,0.103377642074514,0.267532467532468,1155,0.0539303358377973,0.0561084714761827,0.945563417877327,1.23824529243026
Chr05_4716518,5,4716518,0.103402350838514,0.403030303030303,1155,0.0539303358377973,0.0561081591244799,0.945563417877327,-0.890133578954732
Chr14_42108263,14,42108263,0.103676392965322,0.228571428571429,1155,0.0539303358377973,0.0561047003422513,0.945563417877327,1.19191677185052
Chr14_467551871,14,467551871,0.10383842581155,0.252813852813853,1155,0.0539303358377973,0.0561026599800329,0.945563417877327,1.27553810293145
Chr09_383461534,9,383461534,0.103876008448329,0.364935064935065,1155,0.0539303358377973,0.056102187227807,0.945563417877327,1.45124121514698
Chr04_168813199,4,168813199,0.103877773947287,0.171861471861472,1155,0.0539303358377973,0.0561021650241988,0.945563417877327,-1.51281869434479
Chr05_397904690,5,397904690,0.103941128095378,0.0766233766233766,1155,0.0539303358377973,0.0561013685311633,0.945563417877327,-2.00686670979792
Chr07_42860865,7,42860865,0.104009061320766,0.43030303030303,1155,0.0539303358377973,0.0561005150608056,0.945563417877327,-0.910882956586477
Chr14_263062527,14,263062527,0.104059999878806,0.0761904761904761,1155,0.0539303358377973,0.0560998755016592,0.945563417877327,-2.82203686982484
Chr15_416855457,15,416855457,0.104147669965288,0.15974025974026,1155,0.0539303358377973,0.0560987755631935,0.945563417877327,1.41603821725295
Chr15_138740382,15,138740382,0.104283075414898,0.29047619047619,1155,0.0539303358377973,0.0560970787143374,0.945563417877327,-1.52086286101246
Chr05_86732163,5,86732163,0.104294029837807,0.124675324675325,1155,0.0539303358377973,0.0560969415433933,0.945563417877327,1.82009181009474
Chr05_182784240,5,182784240,0.104405866204575,0.0722943722943723,1155,0.0539303358377973,0.0560955420353179,0.945563417877327,-2.57201500680793
Chr18_297345634,18,297345634,0.10443074872576,0.0476190476190476,1155,0.0539303358377973,0.0560952308817609,0.945563417877327,-2.55035013089912
Chr10_72406775,10,72406775,0.104485509020472,0.0147186147186147,1155,0.0539303358377973,0.0560945463957925,0.945563417877327,3.65621510934217
Chr16_73504145,16,73504145,0.104613940889386,0.235930735930736,1155,0.0539303358377973,0.0560929425813906,0.945563417877327,-1.29825922143127
Chr14_244993739,14,244993739,0.104628622030737,0.0779220779220779,1155,0.0539303358377973,0.0560927593857515,0.945563417877327,2.26313387656813
Chr15_410998902,15,410998902,0.105260089824893,0.45021645021645,1155,0.0539303358377973,0.0560849063247494,0.949650613340136,1.45421568025137
Chr19_203329616,19,203329616,0.105318618527896,0.121212121212121,1155,0.0539303358377973,0.0560841810690255,0.949650613340136,1.64003317019339
Chr09_196327462,9,196327462,0.105628603354841,0.328138528138528,1155,0.0539303358377973,0.0560803472672329,0.951371941602957,-1.42396660852114
Chr18_363139377,18,363139377,0.10591505256732,0.0168831168831169,1155,0.0539303358377973,0.0560768155099747,0.952390394671578,-3.71024188051948
Chr06_41714637,6,41714637,0.106082764618411,0.171428571428571,1155,0.0539303358377973,0.0560747525786992,0.952390394671578,1.89777036975835
Chr20_607530461,20,607530461,0.106099317969421,0.267099567099567,1155,0.0539303358377973,0.0560745491594602,0.952390394671578,-1.48244062720872
Chr13_214506738,13,214506738,0.10638675276596,0.0147186147186147,1155,0.0539303358377973,0.0560710225042167,0.95344658910649,-3.59895134053556
Chr06_533010598,6,533010598,0.106476699006026,0.0575757575757576,1155,0.0539303358377973,0.0560699210660892,0.95344658910649,2.23354884064878
Chr01_418406343,1,418406343,0.106587339202654,0.37012987012987,1155,0.0539303358377973,0.0560685676205647,0.95344658910649,1.30176400544974
Chr07_48381795,7,48381795,0.106763473892938,0.392640692640693,1155,0.0539303358377973,0.0560664161709171,0.95344658910649,-1.09428233182183
Chr10_340426110,10,340426110,0.106813706002041,0.438095238095238,1155,0.0539303358377973,0.0560658033103287,0.95344658910649,1.97169682119238
Chr09_444666688,9,444666688,0.107086149767787,0.430735930735931,1155,0.0539303358377973,0.0560624848461998,0.954811663498715,-1.00860935183189
Chr12_406708130,12,406708130,0.107336006048138,0.0194805194805194,1155,0.0539303358377973,0.0560594496502822,0.955972522094284,-2.80029982648102
Chr07_498219364,7,498219364,0.107556370273526,0.348484848484849,1155,0.0539303358377973,0.0560567791536368,0.956220562696595,1.29863845488174
Chr19_153816372,19,153816372,0.107603240188289,0.0441558441558442,1155,0.0539303358377973,0.0560562119333723,0.956220562696595,2.43542593012431
Chr05_37512380,5,37512380,0.107946498784221,0.0233766233766234,1155,0.0539303358377973,0.0560520660735733,0.956789597500467,-3.33104878927793
Chr13_41219769,13,41219769,0.108022391424319,0.192640692640693,1155,0.0539303358377973,0.0560511514024692,0.956789597500467,-0.993517086270117
Chr15_431962979,15,431962979,0.108026563643187,0.465800865800866,1155,0.0539303358377973,0.0560511011386651,0.956789597500467,1.9229346512227
Chr14_353397981,14,353397981,0.108295741529529,0.0233766233766234,1155,0.0539303358377973,0.0560478627858664,0.958010809531373,-3.21801907738492
Chr10_412727253,10,412727253,0.10843535705021,0.0350649350649351,1155,0.0539303358377973,0.0560461866211709,0.958010809531373,2.34253575755754
Chr20_637261601,20,637261601,0.108524193594429,0.0229437229437229,1155,0.0539303358377973,0.0560451213223886,0.958010809531373,3.31129165966257
Chr21_426628872,21,426628872,0.108907529257748,0.054978354978355,1155,0.0539303358377973,0.0560405354596384,0.959520538306485,-2.18824559269297
Chr01_102737574,1,102737574,0.108935427242957,0.294372294372294,1155,0.0539303358377973,0.0560402024080824,0.959520538306485,1.73082675938861
Chr18_243073295,18,243073295,0.109442848353127,0.151082251082251,1155,0.0539303358377973,0.0560341610398793,0.961377767891697,-1.44716169677415
Chr17_62783449,17,62783449,0.109585382517936,0.183549783549784,1155,0.0539303358377973,0.0560324695684483,0.961377767891697,-1.52796545137525
Chr08_370433252,8,370433252,0.109616521929462,0.0199134199134199,1155,0.0539303358377973,0.0560321003552838,0.961377767891697,3.37895821849193
Chr13_118819536,13,118819536,0.109834782662265,0.197402597402597,1155,0.0539303358377973,0.0560295157216653,0.961377767891697,1.83211623450165
Chr01_476050981,1,476050981,0.109856096690504,0.0961038961038961,1155,0.0539303358377973,0.0560292636249674,0.961377767891697,-1.44453709085298
Chr13_255488922,13,255488922,0.109868306682328,0.0216450216450216,1155,0.0539303358377973,0.0560291192326636,0.961377767891697,-3.22669892175304
Chr19_92815674,19,92815674,0.110019797877876,0.480519480519481,1155,0.0539303358377973,0.0560273292035834,0.961650071385508,-0.960438262388067
Chr06_394909182,6,394909182,0.11018198185072,0.20952380952381,1155,0.0539303358377973,0.0560254158331093,0.962015139896613,-1.4746550158527
Chr15_242288768,15,242288768,0.110359759791467,0.109090909090909,1155,0.0539303358377973,0.0560233220516594,0.962515415910509,-2.01806262244236
Chr02_34989845,2,34989845,0.11062433025239,0.245887445887446,1155,0.0539303358377973,0.0560202129373377,0.96377074633189,-1.28241280820873
Chr01_470606908,1,470606908,0.110756307849886,0.074025974025974,1155,0.0539303358377973,0.0560186650553677,0.96386943726878,-1.90003313702361
Chr03_119739609,3,119739609,0.110935749932718,0.412121212121212,1155,0.0539303358377973,0.056016563748306,0.964288428482114,1.59223953494063
Chr08_342077853,8,342077853,0.111210244556857,0.302164502164502,1155,0.0539303358377973,0.0560133565886988,0.964288428482114,-1.34109352533903
Chr21_330312502,21,330312502,0.111324249055661,0.0484848484848485,1155,0.0539303358377973,0.056012027137413,0.964288428482114,-2.14847883156008
Chr13_36066636,13,36066636,0.111424331011343,0.123376623376623,1155,0.0539303358377973,0.0560108612783415,0.964288428482114,-1.61189799764338
Chr18_196675666,18,196675666,0.111633498533248,0.0298701298701299,1155,0.0539303358377973,0.0560084283985373,0.964288428482114,3.15195319108642
Chr21_144527482,21,144527482,0.11164301208145,0.188311688311688,1155,0.0539303358377973,0.0560083178635501,0.964288428482114,-1.46585368215278
Chr11_248949280,11,248949280,0.111649367423452,0.0207792207792208,1155,0.0539303358377973,0.0560082440285709,0.964288428482114,2.86502481729303
Chr09_266969348,9,266969348,0.11190021471843,0.257142857142857,1155,0.0539303358377973,0.0560053334333597,0.965411247716562,-1.11989507925807
Chr20_611491208,20,611491208,0.112206132868765,0.0701298701298701,1155,0.0539303358377973,0.0560017935668631,0.967006251875471,-2.0534240859746
Chr02_358145089,2,358145089,0.112381925854068,0.0554112554112554,1155,0.0539303358377973,0.055999764226628,0.967477592293262,-2.2255247117222
Chr19_791233735,19,791233735,0.112571438318669,0.0229437229437229,1155,0.0539303358377973,0.0559975804268952,0.9680658995994,2.56247744938628
Chr02_238988652,2,238988652,0.113030475742186,0.285281385281385,1155,0.0539303358377973,0.0559923075848158,0.970054118634253,1.38624176313721
Chr13_15167304,13,15167304,0.11304548559876,0.0238095238095238,1155,0.0539303358377973,0.0559921355695642,0.970054118634253,3.25914703872373
Chr18_312755823,18,312755823,0.113395457130332,0.0303030303030303,1155,0.0539303358377973,0.0559881319700481,0.970804751421251,3.13801982751477
Chr18_168127502,18,168127502,0.113455978877317,0.168398268398268,1155,0.0539303358377973,0.0559874409970318,0.970804751421251,-1.34697028717505
Chr08_227445381,8,227445381,0.113608045323086,0.0242424242424242,1155,0.0539303358377973,0.0559857066572532,0.970804751421251,2.61413444727587
Chr21_51364152,21,51364152,0.113619031490658,0.204329004329004,1155,0.0539303358377973,0.055985581457665,0.970804751421251,-1.21510222574085
Chr13_369608842,13,369608842,0.113880794906885,0.329437229437229,1155,0.0539303358377973,0.0559826023181057,0.971264900404871,-1.28484155752568
Chr14_448502069,14,448502069,0.113926493702052,0.412987012987013,1155,0.0539303358377973,0.0559820829933428,0.971264900404871,1.24561746888389
Chr17_35924218,17,35924218,0.114037611287992,0.0294372294372294,1155,0.0539303358377973,0.0559808212029382,0.971264900404871,-3.12019207219528
Chr01_507102526,1,507102526,0.114687823139936,0.00562770562770563,1155,0.0539303358377973,0.0559734648602229,0.972609089278627,-5.27376262771132
Chr04_189130570,4,189130570,0.114827649924205,0.0207792207792208,1155,0.0539303358377973,0.0559718889100949,0.972609089278627,3.31177003414521
Chr03_331096261,3,331096261,0.114866918207355,0.489177489177489,1155,0.0539303358377973,0.0559714467090099,0.972609089278627,-0.947194316240427
Chr15_410052206,15,410052206,0.115042286269363,0.0515151515151515,1155,0.0539303358377973,0.0559694739209554,0.972609089278627,2.28708774403776
Chr12_201376310,12,201376310,0.11517796296286,0.448484848484848,1155,0.0539303358377973,0.0559679499155062,0.972609089278627,-2.23265341017031
Chr13_29366767,13,29366767,0.115225801441181,0.0233766233766234,1155,0.0539303358377973,0.0559674130366844,0.972609089278627,-3.27463958373518
Chr10_432023216,10,432023216,0.115665159384435,0.273593073593074,1155,0.0539303358377973,0.0559624937243849,0.972609089278627,1.25193954206966
Chr04_92840097,4,92840097,0.11573628747712,0.0238095238095238,1155,0.0539303358377973,0.0559616992743673,0.972609089278627,-3.23490870433479
Chr08_74536482,8,74536482,0.115896159516068,0.0454545454545454,1155,0.0539303358377973,0.0559599155856172,0.972609089278627,-2.17333077752482
Chr07_495851997,7,495851997,0.116050745823418,0.019047619047619,1155,0.0539303358377973,0.0559581934540145,0.972609089278627,2.70485850560143
Chr12_433284875,12,433284875,0.11629627278316,0.266666666666667,1155,0.0539303358377973,0.0559554634257003,0.972609089278627,-1.28829356658383
Chr06_553115348,6,553115348,0.116318704528996,0.0891774891774892,1155,0.0539303358377973,0.0559552143235704,0.972609089278627,-1.9497039267394
Chr10_34094676,10,34094676,0.11643950055429,0.0536796536796537,1155,0.0539303358377973,0.0559538738091795,0.972609089278627,2.00214326318202
Chr15_558781225,15,558781225,0.116487826947707,0.0744588744588745,1155,0.0539303358377973,0.0559533379454087,0.972609089278627,-1.70709417795752
Chr20_11987385,20,11987385,0.116540212594206,0.477922077922078,1155,0.0539303358377973,0.0559527573484992,0.972609089278627,0.845480075123021
Chr07_230540635,7,230540635,0.116863432659865,0.478787878787879,1155,0.0539303358377973,0.0559491814306308,0.972609089278627,1.12527159018168
Chr01_105125733,1,105125733,0.116941032184842,0.0316017316017316,1155,0.0539303358377973,0.0559483245430806,0.972609089278627,3.03469393157692
Chr16_305670218,16,305670218,0.117503490157779,0.0515151515151515,1155,0.0539303358377973,0.055942132380038,0.972609089278627,2.23778451655313
Chr15_366213568,15,366213568,0.117592323600385,0.0718614718614719,1155,0.0539303358377973,0.0559411574019905,0.972609089278627,-2.61670640635586
Chr20_470329147,20,470329147,0.118374523627884,0.0138528138528139,1155,0.0539303358377973,0.0559326075142142,0.972609089278627,3.25302019292849
Chr02_430937086,2,430937086,0.118410711466586,0.403030303030303,1155,0.0539303358377973,0.0559322134755329,0.972609089278627,0.792716051765211
Chr14_8946145,14,8946145,0.11864471482557,0.499134199134199,1155,0.0539303358377973,0.0559296686966534,0.972609089278627,8.87834440503138
Chr17_214363740,17,214363740,0.118646202738067,0.0350649350649351,1155,0.0539303358377973,0.0559296525334385,0.972609089278627,-1.9113858029982
Chr16_230729716,16,230729716,0.118670088911165,0.123376623376623,1155,0.0539303358377973,0.0559293930883554,0.972609089278627,1.45273052345215
Chr13_31510576,13,31510576,0.118907469529163,0.0242424242424242,1155,0.0539303358377973,0.0559268178639691,0.972609089278627,-3.22377075461443
Chr05_252689869,5,252689869,0.11905323009087,0.278787878787879,1155,0.0539303358377973,0.055925239400108,0.972609089278627,-1.38660025970808
Chr13_66337224,13,66337224,0.119151337396863,0.464935064935065,1155,0.0539303358377973,0.055924178185626,0.972609089278627,2.07308929639441
Chr14_342085941,14,342085941,0.119275106775608,0.275757575757576,1155,0.0539303358377973,0.0559228407677386,0.972609089278627,-1.3721323438017
Chr02_86701979,2,86701979,0.119282881102887,0.159307359307359,1155,0.0539303358377973,0.0559227568118201,0.972609089278627,-1.37129081179918
Chr08_17414624,8,17414624,0.119381147014103,0.328571428571429,1155,0.0539303358377973,0.0559216961484282,0.972609089278627,0.965255547231635
Chr17_225555812,17,225555812,0.119444688475405,0.0510822510822511,1155,0.0539303358377973,0.055921010808929,0.972609089278627,-2.39805860171697
Chr01_141236454,1,141236454,0.119532521744251,0.310822510822511,1155,0.0539303358377973,0.0559200641299843,0.972609089278627,-1.1707034495451
Chr04_117557164,4,117557164,0.119568822903524,0.126839826839827,1155,0.0539303358377973,0.0559196730962315,0.972609089278627,1.84346208284904
Chr16_351776215,16,351776215,0.119649457458426,0.146320346320346,1155,0.0539303358377973,0.0559188049764429,0.972609089278627,-1.56210611318005
Chr16_252739089,16,252739089,0.119828298291183,0.370995670995671,1155,0.0539303358377973,0.0559168818693422,0.972609089278627,-1.34932810675031
Chr03_484028712,3,484028712,0.119849502005022,0.00562770562770563,1155,0.0539303358377973,0.0559166540730043,0.972609089278627,4.93378515823417
Chr10_447056796,10,447056796,0.120101928328168,0.490909090909091,1155,0.0539303358377973,0.0559139456256409,0.972609089278627,-3.79400950548916
Chr07_361465597,7,361465597,0.120347132102959,0.0203463203463203,1155,0.0539303358377973,0.055911320708896,0.972609089278627,-3.17566839724788
Chr01_55048600,1,55048600,0.120390575916629,0.374458874458874,1155,0.0539303358377973,0.0559108562593846,0.972609089278627,1.09380087801736
Chr16_74599716,16,74599716,0.1204151898307,0.0225108225108225,1155,0.0539303358377973,0.0559105931991902,0.972609089278627,-3.24560023275926
Chr15_364167481,15,364167481,0.120469806287877,0.10952380952381,1155,0.0539303358377973,0.0559100097009015,0.972609089278627,2.11819993308166
Chr10_123580330,10,123580330,0.120506064452325,0.187012987012987,1155,0.0539303358377973,0.0559096224965399,0.972609089278627,1.3083759343547
Chr16_13073830,16,13073830,0.120548817090836,0.0186147186147186,1155,0.0539303358377973,0.0559091661030009,0.972609089278627,-3.38637336065274
Chr13_51987044,13,51987044,0.12059180255401,0.454545454545455,1155,0.0539303358377973,0.0559087074049178,0.972609089278627,-1.93204611436499
Chr09_183519753,9,183519753,0.120641422371287,0.173593073593074,1155,0.0539303358377973,0.0559081781370019,0.972609089278627,1.41645210818874
Chr01_207053396,1,207053396,0.121045344948185,0.225108225108225,1155,0.0539303358377973,0.0559038786728514,0.972609089278627,1.3749288473075
Chr14_62727675,14,62727675,0.121105893831347,0.270995670995671,1155,0.0539303358377973,0.0559032355453871,0.972609089278627,-1.19333790617745
Chr06_503592049,6,503592049,0.121174748102428,0.381385281385281,1155,0.0539303358377973,0.0559025046344939,0.972609089278627,-0.964426906065341
Chr19_47123519,19,47123519,0.121272653097255,0.0480519480519481,1155,0.0539303358377973,0.0559014661334809,0.972609089278627,-2.26971663923527
Chr20_650283128,20,650283128,0.121350179409899,0.0943722943722944,1155,0.0539303358377973,0.0559006444535224,0.972609089278627,-1.76638110735232
Chr03_23597793,3,23597793,0.121404309929803,0.110822510822511,1155,0.0539303358377973,0.0559000710843083,0.972609089278627,-1.43139704212069
Chr09_159695797,9,159695797,0.121763166080675,0.390909090909091,1155,0.0539303358377973,0.0558962771149478,0.972609089278627,-0.926506815740936
Chr08_380132233,8,380132233,0.121986030670841,0.377922077922078,1155,0.0539303358377973,0.0558939271429406,0.972609089278627,0.996700017368596
Chr16_31839082,16,31839082,0.122318676043194,0.141125541125541,1155,0.0539303358377973,0.0558904284492883,0.972609089278627,-2.00130128786355
Chr18_48253625,18,48253625,0.122537262338909,0.157142857142857,1155,0.0539303358377973,0.0558881351510127,0.972609089278627,1.48217667952039
Chr08_298587800,8,298587800,0.122643811382655,0.0796536796536797,1155,0.0539303358377973,0.0558870189377448,0.972609089278627,1.88484059048952
Chr02_296782379,2,296782379,0.122644558839976,0.472727272727273,1155,0.0539303358377973,0.0558870111111469,0.972609089278627,1.51257018392675
Chr02_414436075,2,414436075,0.122811228038706,0.0567099567099567,1155,0.0539303358377973,0.0558852672457265,0.972609089278627,2.0114629820132
Chr17_239033879,17,239033879,0.122864736681991,0.398701298701299,1155,0.0539303358377973,0.0558847079402803,0.972609089278627,-1.08330941774921
Chr05_334854868,5,334854868,0.122931770849789,0.0601731601731602,1155,0.0539303358377973,0.0558840076393031,0.972609089278627,1.79723321320921
Chr20_453369564,20,453369564,0.122936350955312,0.383549783549784,1155,0.0539303358377973,0.0558839598067594,0.972609089278627,-1.44685159520043
Chr05_245444052,5,245444052,0.122965794129547,0.21038961038961,1155,0.0539303358377973,0.055883652362865,0.972609089278627,-1.40612829523104
Chr04_172882384,4,172882384,0.12298013650488,0.138095238095238,1155,0.0539303358377973,0.0558835026302398,0.972609089278627,-1.51079665116686
Chr08_324230936,8,324230936,0.12298911765513,0.0510822510822511,1155,0.0539303358377973,0.0558834088780187,0.972609089278627,-2.16309524854104
Chr19_290182756,19,290182756,0.123092168744953,0.0480519480519481,1155,0.0539303358377973,0.0558823336945667,0.972609089278627,2.30114519547115
Chr05_88434638,5,88434638,0.123138419091947,0.416883116883117,1155,0.0539303358377973,0.0558818514666387,0.972609089278627,1.0290450281274
Chr14_110978151,14,110978151,0.123216806649599,0.0779220779220779,1155,0.0539303358377973,0.0558810346202819,0.972609089278627,2.15771110461898
Chr20_649319428,20,649319428,0.123373181349592,0.0277056277056277,1155,0.0539303358377973,0.0558794068232702,0.972609089278627,3.03950823631176
Chr11_7224890,11,7224890,0.123391242855826,0.117316017316017,1155,0.0539303358377973,0.0558792189580152,0.972609089278627,-1.75335597147088
Chr19_370305072,19,370305072,0.123427262495846,0.17012987012987,1155,0.0539303358377973,0.0558788443939264,0.972609089278627,-1.2812815732774
Chr13_32246908,13,32246908,0.123716356488147,0.210822510822511,1155,0.0539303358377973,0.0558758425309601,0.972609089278627,-1.47638498566511
Chr21_244337957,21,244337957,0.124013008125953,0.493073593073593,1155,0.0539303358377973,0.0558727702843057,0.972609089278627,-3.26022982492896
Chr19_407115785,19,407115785,0.124081508939937,0.045021645021645,1155,0.0539303358377973,0.0558720620224173,0.972609089278627,-2.32738598700679
Chr18_503624808,18,503624808,0.124195289717691,0.103896103896104,1155,0.0539303358377973,0.0558708865498242,0.972609089278627,1.59900510298598
Chr20_413953061,20,413953061,0.124412215917032,0.0727272727272728,1155,0.0539303358377973,0.0558686487921184,0.972609089278627,1.81965720344306
Chr01_478710755,1,478710755,0.124536672401275,0.218614718614719,1155,0.0539303358377973,0.0558673668868629,0.972609089278627,-0.829141475739448
Chr03_507391526,3,507391526,0.124858614575212,0.135064935064935,1155,0.0539303358377973,0.055864057470848,0.972609089278627,-1.19345341878186
Chr01_337747549,1,337747549,0.12489063811054,0.0454545454545455,1155,0.0539303358377973,0.0558637288027869,0.972609089278627,-2.38158677099712
Chr14_42725411,14,42725411,0.124927873418829,0.0212121212121212,1155,0.0539303358377973,0.0558633467624193,0.972609089278627,-3.21688701434009
Chr19_555538398,19,555538398,0.125139923320206,0.120779220779221,1155,0.0539303358377973,0.0558611735072186,0.972609089278627,1.69486941289952
Chr14_481634059,14,481634059,0.125243513008175,0.381385281385281,1155,0.0539303358377973,0.0558601133269421,0.972609089278627,0.955857696902285
Chr15_606859992,15,606859992,0.125261817379525,0.282683982683983,1155,0.0539303358377973,0.0558599260937472,0.972609089278627,-1.10990672767073
Chr09_450570468,9,450570468,0.125262358915438,0.348484848484849,1155,0.0539303358377973,0.0558599205549072,0.972609089278627,-1.01933228954803
Chr08_283406098,8,283406098,0.125265995183498,0.222077922077922,1155,0.0539303358377973,0.0558598833637644,0.972609089278627,-1.13593488130664
Chr13_343919099,13,343919099,0.125330767393548,0.0186147186147186,1155,0.0539303358377973,0.0558592210855841,0.972609089278627,2.74660818829079
Chr11_20751216,11,20751216,0.125478197751537,0.238528138528139,1155,0.0539303358377973,0.055857715069072,0.972609089278627,1.33748741562121
Chr20_312466500,20,312466500,0.125510917093097,0.0203463203463203,1155,0.0539303358377973,0.0558573811045172,0.972609089278627,-3.04544241756423
Chr08_37075876,8,37075876,0.125512417634633,0.477922077922078,1155,0.0539303358377973,0.0558573657908946,0.972609089278627,-2.58663381060455
Chr20_332953987,20,332953987,0.125593491186345,0.0441558441558442,1155,0.0539303358377973,0.0558565387057393,0.972609089278627,-2.31417024520218
Chr14_450632202,14,450632202,0.125690903851137,0.124675324675325,1155,0.0539303358377973,0.0558555457198197,0.972609089278627,1.35888728899687
Chr01_369557805,1,369557805,0.125795401234087,0.152813852813853,1155,0.0539303358377973,0.0558544814667234,0.972609089278627,1.13456289687129
Chr18_560288751,18,560288751,0.125908848661857,0.238095238095238,1155,0.0539303358377973,0.0558533271752226,0.972609089278627,1.2849663189337
Chr11_166779927,11,166779927,0.125968576297421,0.236796536796537,1155,0.0539303358377973,0.0558527199305509,0.972609089278627,-1.43438295657938
Chr01_444666012,1,444666012,0.126038171518626,0.0510822510822511,1155,0.0539303358377973,0.0558520127672785,0.972609089278627,1.93231463502275
Chr20_428953938,20,428953938,0.126183307012034,0.108225108225108,1155,0.0539303358377973,0.0558505394298078,0.972609089278627,-1.58551387431997
Chr05_290033325,5,290033325,0.126262074704008,0.0242424242424242,1155,0.0539303358377973,0.0558497406120394,0.972609089278627,-3.05227882053347
Chr06_409578239,6,409578239,0.126455164255041,0.0229437229437229,1155,0.0539303358377973,0.0558477847506413,0.972609089278627,-3.08071815961776
Chr16_38644174,16,38644174,0.126623050112852,0.111688311688312,1155,0.0539303358377973,0.0558460868853657,0.972609089278627,-1.83093321821116
Chr05_187774750,5,187774750,0.127003280759276,0.0471861471861472,1155,0.0539303358377973,0.0558422507823069,0.972609089278627,2.23516879716688
Chr16_263001854,16,263001854,0.127038429137211,0.218614718614719,1155,0.0539303358377973,0.0558418968203762,0.972609089278627,-1.28463870051925
Chr12_342597009,12,342597009,0.127182297528398,0.496536796536796,1155,0.0539303358377973,0.0558404491291175,0.972609089278627,0.734328920855035
Chr01_478207649,1,478207649,0.127365233956717,0.487445887445887,1155,0.0539303358377973,0.0558386109438199,0.972609089278627,-0.968261221697588
Chr14_510132224,14,510132224,0.12751452107792,0.294372294372294,1155,0.0539303358377973,0.055837113052371,0.972609089278627,1.04955464549874
Chr13_135336672,13,135336672,0.127697284039761,0.316883116883117,1155,0.0539303358377973,0.0558352819348107,0.972609089278627,1.53394810451459
Chr21_70359296,21,70359296,0.127727612909091,0.108658008658009,1155,0.0539303358377973,0.0558349783498309,0.972609089278627,-1.43655463362859
Chr05_353570391,5,353570391,0.127763751170073,0.0264069264069264,1155,0.0539303358377973,0.0558346167190459,0.972609089278627,2.95215750115447
Chr04_7559971,4,7559971,0.127815744861515,0.0441558441558442,1155,0.0539303358377973,0.055834096625005,0.972609089278627,2.15119595744748
Chr16_14979137,16,14979137,0.127849300233628,0.458008658008658,1155,0.0539303358377973,0.0558337610950426,0.972609089278627,-1.69409097182574
Chr07_69617507,7,69617507,0.127866155021266,0.305627705627706,1155,0.0539303358377973,0.0558335925961289,0.972609089278627,1.39891829227497
Chr08_377547443,8,377547443,0.127906277483166,0.357575757575758,1155,0.0539303358377973,0.0558331915876353,0.972609089278627,-1.07140107915103
Chr04_199926698,4,199926698,0.12797454087521,0.0103896103896104,1155,0.0539303358377973,0.0558325096434947,0.972609089278627,3.58217830196212
Chr17_225385570,17,225385570,0.12806514703457,0.159307359307359,1155,0.0539303358377973,0.0558316051233724,0.972609089278627,-1.42519909181073
Chr10_234309442,10,234309442,0.128081385725366,0.00562770562770563,1155,0.0539303358377973,0.0558314430881066,0.972609089278627,5.06911773040591
Chr02_110430480,2,110430480,0.128203510341292,0.183116883116883,1155,0.0539303358377973,0.0558302252197032,0.972609089278627,-1.25508305334773
Chr02_266434130,2,266434130,0.128229137171349,0.0865800865800866,1155,0.0539303358377973,0.055829969824349,0.972609089278627,-1.89980237979066
Chr09_338389514,9,338389514,0.128317684328411,0.101298701298701,1155,0.0539303358377973,0.0558290878067849,0.972609089278627,1.63732388714379
Chr11_35125295,11,35125295,0.128698815260486,0.275757575757576,1155,0.0539303358377973,0.0558252990952818,0.972861882618683,1.5894869503345
Chr04_110545029,4,110545029,0.128732216070218,0.274025974025974,1155,0.0539303358377973,0.0558249676639437,0.972861882618683,1.22661094616245
Chr14_349045058,14,349045058,0.128844473583604,0.00649350649350644,1155,0.0539303358377973,0.055823854451445,0.972861882618683,4.57427905268742
Chr05_258009286,5,258009286,0.128937745419263,0.258441558441558,1155,0.0539303358377973,0.0558229303346613,0.972861882618683,-1.37536949102298
Chr02_117508769,2,117508769,0.128959911590085,0.296969696969697,1155,0.0539303358377973,0.0558227108267694,0.972861882618683,1.37973880220488
Chr19_766564110,19,766564110,0.129235717151865,0.025974025974026,1155,0.0539303358377973,0.0558199830845457,0.973510525545294,-3.05464838639443
Chr14_96074673,14,96074673,0.129289606659602,0.241558441558442,1155,0.0539303358377973,0.0558194508707369,0.973510525545294,-1.14752154818115
Chr01_281010562,1,281010562,0.129724338115694,0.0225108225108225,1155,0.0539303358377973,0.0558151664850943,0.973629657262743,3.08280019277633
Chr14_56252288,14,56252288,0.129926553592904,0.479220779220779,1155,0.0539303358377973,0.0558131790577275,0.973629657262743,0.968860888460569
Chr06_480082319,6,480082319,0.1299403490315,0.0800865800865801,1155,0.0539303358377973,0.0558130435983006,0.973629657262743,-1.73760960802656
Chr02_153562557,2,153562557,0.130010424421965,0.151948051948052,1155,0.0539303358377973,0.0558123557655558,0.973629657262743,1.49026750246557
Chr21_111326372,21,111326372,0.130291801856119,0.0406926406926407,1155,0.0539303358377973,0.055809598034989,0.973629657262743,-2.24040108501946
Chr15_97902578,15,97902578,0.130334307431648,0.0203463203463203,1155,0.0539303358377973,0.055809182023392,0.973629657262743,-3.28626923307937
Chr16_49001768,16,49001768,0.130387467537213,0.254545454545455,1155,0.0539303358377973,0.0558086619466401,0.973629657262743,-1.14115005089809
Chr02_350996836,2,350996836,0.130524630838221,0.290909090909091,1155,0.0539303358377973,0.0558073211412079,0.973629657262743,1.14208686349198
Chr06_77782265,6,77782265,0.130695091732472,0.256277056277056,1155,0.0539303358377973,0.0558056570342482,0.973629657262743,0.884652084728415
Chr18_120763307,18,120763307,0.130869055851009,0.0298701298701299,1155,0.0539303358377973,0.0558039612244186,0.973629657262743,2.98493530706151
Chr20_78742043,20,78742043,0.130878690613576,0.019047619047619,1155,0.0539303358377973,0.0558038673779147,0.973629657262743,-3.12511309426444
Chr14_483975260,14,483975260,0.131018094854553,0.051948051948052,1155,0.0539303358377973,0.0558025103867773,0.973629657262743,-2.03971271957516
Chr04_216165442,4,216165442,0.131033328773683,0.0982683982683983,1155,0.0539303358377973,0.0558023621942531,0.973629657262743,1.75035620549187
Chr21_81072009,21,81072009,0.131127630273797,0.0281385281385281,1155,0.0539303358377973,0.055801445276112,0.973629657262743,3.04666851681709
Chr01_265701223,1,265701223,0.131377641925931,0.0796536796536797,1155,0.0539303358377973,0.0557990179081241,0.973629657262743,-1.81603140543835
Chr18_326978751,18,326978751,0.13138675666454,0.310822510822511,1155,0.0539303358377973,0.0557989295104655,0.973629657262743,-1.31015233089738
Chr17_319803428,17,319803428,0.131538779266518,0.346320346320346,1155,0.0539303358377973,0.055797456155831,0.973629657262743,1.30015971919977
Chr19_801630764,19,801630764,0.131723879767979,0.391341991341991,1155,0.0539303358377973,0.0557956647871904,0.973629657262743,1.29283380693215
Chr17_295258553,17,295258553,0.131842395566713,0.497402597402597,1155,0.0539303358377973,0.0557945192895364,0.973629657262743,0.935955087965823
Chr13_51987045,13,51987045,0.131917509149721,0.482251082251082,1155,0.0539303358377973,0.0557937938854685,0.973629657262743,-2.77844663054611
Chr19_540414045,19,540414045,0.131959504224999,0.231601731601732,1155,0.0539303358377973,0.0557933885221854,0.973629657262743,1.19107455216894
Chr14_508816143,14,508816143,0.131986596422024,0.492207792207792,1155,0.0539303358377973,0.0557931270875016,0.973629657262743,4.10841857608102
Chr01_77245904,1,77245904,0.132223963642754,0.0251082251082251,1155,0.0539303358377973,0.0557908390995319,0.973667902173525,2.98750145145267
Chr20_168983555,20,168983555,0.132282042820372,0.262770562770563,1155,0.0539303358377973,0.0557902799721351,0.973667902173525,1.41211372253872
Chr17_1008091,17,1008091,0.132637648186255,0.164502164502165,1155,0.0539303358377973,0.0557868625380251,0.973667902173525,-1.08809819704852
Chr12_391481044,12,391481044,0.132939540298492,0.297402597402597,1155,0.0539303358377973,0.0557839693291574,0.973667902173525,-1.00638381419839
Chr07_458214326,7,458214326,0.13312324746158,0.0536796536796537,1155,0.0539303358377973,0.0557822123497034,0.973667902173525,2.11007622297939
Chr03_153682605,3,153682605,0.133142854909605,0.376623376623377,1155,0.0539303358377973,0.0557820249838135,0.973667902173525,1.01215808289041
Chr10_195503344,10,195503344,0.133465960293227,0.128138528138528,1155,0.0539303358377973,0.0557789418740198,0.973667902173525,1.43499789463146
Chr14_408641490,14,408641490,0.133522187373992,0.0216450216450216,1155,0.0539303358377973,0.0557784062016098,0.973667902173525,-3.14485335542581
Chr16_12336159,16,12336159,0.13383172359465,0.480519480519481,1155,0.0539303358377973,0.0557754617788307,0.973667902173525,2.27867906256506
Chr04_167817875,4,167817875,0.133947295546774,0.0861471861471862,1155,0.0539303358377973,0.0557743643691563,0.973667902173525,-1.7265625105249
Chr16_31442085,16,31442085,0.133960157304782,0.206060606060606,1155,0.0539303358377973,0.0557742423062867,0.973667902173525,-1.22114481560459
Chr12_341101759,12,341101759,0.134204333127524,0.111255411255411,1155,0.0539303358377973,0.0557719274720886,0.973667902173525,1.72314840838425
Chr12_122681622,12,122681622,0.134207737361129,0.0264069264069264,1155,0.0539303358377973,0.0557718952326208,0.973667902173525,-2.91630040469789
Chr01_93964340,1,93964340,0.134269448443129,0.374025974025974,1155,0.0539303358377973,0.0557713109624312,0.973667902173525,-1.02850499392812
Chr17_117309425,17,117309425,0.134273610589677,0.230735930735931,1155,0.0539303358377973,0.0557712715667447,0.973667902173525,1.23104148355574
Chr18_493141498,18,493141498,0.134290353147968,0.169264069264069,1155,0.0539303358377973,0.0557711131083464,0.973667902173525,1.63340243106916
Chr20_88241583,20,88241583,0.134290358198447,0.146320346320346,1155,0.0539303358377973,0.0557711130605497,0.973667902173525,-1.43388699023646
Chr16_376912477,16,376912477,0.13429131981469,0.341125541125541,1155,0.0539303358377973,0.0557711039600943,0.973667902173525,-1.27889493824603
Chr18_64050251,18,64050251,0.134307426235477,0.129004329004329,1155,0.0539303358377973,0.0557709515444572,0.973667902173525,-1.19512264531373
Chr14_422580551,14,422580551,0.13449963282581,0.254112554112554,1155,0.0539303358377973,0.0557691342641957,0.974177304302265,1.44868903792894
Chr20_118578626,20,118578626,0.134782893649486,0.109090909090909,1155,0.0539303358377973,0.0557664613753116,0.974885202610143,1.60616715322197
Chr15_385156920,15,385156920,0.134841425570686,0.0255411255411255,1155,0.0539303358377973,0.0557659098440881,0.974885202610143,-3.06296824196183
Chr18_47281403,18,47281403,0.135027463815486,0.18008658008658,1155,0.0539303358377973,0.0557641586324217,0.975347566385099,1.55506875064361
Chr03_430476379,3,430476379,0.135479592332785,0.107359307359307,1155,0.0539303358377973,0.0557599139059465,0.977729415669936,1.93514002512666
Chr17_315762187,17,315762187,0.135999787362685,0.0489177489177489,1155,0.0539303358377973,0.055755049741476,0.978364572287437,-2.10899652057924
Chr19_563111712,19,563111712,0.136073006497239,0.2,1155,0.0539303358377973,0.0557543667688493,0.978364572287437,1.30923682090233
Chr18_297813669,18,297813669,0.136216508422613,0.38961038961039,1155,0.0539303358377973,0.0557530294072132,0.978364572287437,1.3774046388146
Chr02_430895757,2,430895757,0.136239993470187,0.402597402597403,1155,0.0539303358377973,0.0557528106894459,0.978364572287437,0.758743230957435
Chr06_85708747,6,85708747,0.136284067457904,0.341991341991342,1155,0.0539303358377973,0.0557524003396093,0.978364572287437,1.31170055852397
Chr14_346129170,14,346129170,0.136431802631555,0.0238095238095238,1155,0.0539303358377973,0.0557510259390711,0.978364572287437,-2.97824799135159
Chr09_427722210,9,427722210,0.136495851624516,0.0255411255411255,1155,0.0539303358377973,0.0557504306009393,0.978364572287437,2.92280594193271
Chr10_80237239,10,80237239,0.13658924182287,0.149350649350649,1155,0.0539303358377973,0.0557495630961262,0.978364572287437,1.32191210435599
Chr19_121410105,19,121410105,0.13666977877992,0.0207792207792208,1155,0.0539303358377973,0.0557488155194276,0.978364572287437,-3.13331755145146
Chr15_326513185,15,326513185,0.136884318985098,0.258441558441558,1155,0.0539303358377973,0.0557468264785449,0.978773714796312,-1.52715172762333
Chr04_189825325,4,189825325,0.136971963092036,0.181818181818182,1155,0.0539303358377973,0.055746014919886,0.978773714796312,-1.53281690501206
Chr05_247578147,5,247578147,0.1377312096919,0.420779220779221,1155,0.0539303358377973,0.0557390088075722,0.979308926674679,0.912759137060362
Chr02_278594786,2,278594786,0.137853590829803,0.0246753246753246,1155,0.0539303358377973,0.0557378835652669,0.979308926674679,2.92346706037097
Chr13_378948121,13,378948121,0.137915058684409,0.0813852813852814,1155,0.0539303358377973,0.0557373188174647,0.979308926674679,-1.55243312418712
Chr17_247830062,17,247830062,0.137985127804921,0.181818181818182,1155,0.0539303358377973,0.0557366753883273,0.979308926674679,-1.42944139176828
Chr14_6809877,14,6809877,0.137988291841907,0.138961038961039,1155,0.0539303358377973,0.0557366463423329,0.979308926674679,-1.53272988000364
Chr02_87380271,2,87380271,0.138137445831728,0.144588744588745,1155,0.0539303358377973,0.0557352779499997,0.979308926674679,-1.43795903447381
Chr09_331931174,9,331931174,0.138138385109618,0.0744588744588745,1155,0.0539303358377973,0.0557352693379825,0.979308926674679,1.80386893942517
Chr10_398396643,10,398396643,0.138307379867592,0.440692640692641,1155,0.0539303358377973,0.0557337209338599,0.979308926674679,-2.14388265676166
Chr13_7468498,13,7468498,0.138308450642058,0.397402597402597,1155,0.0539303358377973,0.055733711129728,0.979308926674679,0.947253992408974
Chr20_23819620,20,23819620,0.138472386934439,0.0467532467532468,1155,0.0539303358377973,0.0557322111147738,0.979308926674679,2.15050111142605
Chr21_162802037,21,162802037,0.13870648263782,0.19004329004329,1155,0.0539303358377973,0.0557300725951169,0.979308926674679,-1.2654675255362
Chr10_43184313,10,43184313,0.138826711039404,0.394372294372294,1155,0.0539303358377973,0.0557289758549118,0.979308926674679,0.768654364372068
Chr01_85931602,1,85931602,0.139032129601563,0.0264069264069264,1155,0.0539303358377973,0.0557271044642113,0.979308926674679,2.8792776753249
Chr08_57185788,8,57185788,0.139070513663551,0.070995670995671,1155,0.0539303358377973,0.0557267551246229,0.979308926674679,1.79979672926994
Chr20_350140407,20,350140407,0.139086888707223,0.0134199134199134,1155,0.0539303358377973,0.0557266061256423,0.979308926674679,-3.09170312025869
Chr18_175187187,18,175187187,0.139174271052257,0.493073593073593,1155,0.0539303358377973,0.0557258113535632,0.979308926674679,4.28603873779957
Chr18_556121864,18,556121864,0.139470239123407,0.412987012987013,1155,0.0539303358377973,0.0557231235825374,0.979308926674679,-0.814874746036651
Chr14_190727114,14,190727114,0.139502503047817,0.141558441558442,1155,0.0539303358377973,0.0557228309719872,0.979308926674679,1.76649947794081
Chr04_31326902,4,31326902,0.139607171118096,0.0935064935064935,1155,0.0539303358377973,0.0557218822312217,0.979308926674679,-1.59242009658961
Chr12_261998642,12,261998642,0.139617547995132,0.404761904761905,1155,0.0539303358377973,0.0557217882158457,0.979308926674679,-0.932596034311416
Chr18_363933870,18,363933870,0.139698195614239,0.0307359307359307,1155,0.0539303358377973,0.0557210578091999,0.979308926674679,2.930258980578
Chr17_54041118,17,54041118,0.139743669596837,0.496969696969697,1155,0.0539303358377973,0.0557206461708476,0.979308926674679,-0.793759800726434
Chr18_410639933,18,410639933,0.139911539504418,0.210822510822511,1155,0.0539303358377973,0.0557191278859743,0.979319404438376,1.70471657366528
Chr17_131275003,17,131275003,0.140105733816412,0.310822510822511,1155,0.0539303358377973,0.0557173740644707,0.979319404438376,-0.834548624101842
Chr05_352779880,5,352779880,0.140164086040185,0.119047619047619,1155,0.0539303358377973,0.0557168476035437,0.979319404438376,1.42053531479743
Chr18_363688839,18,363688839,0.140476869083998,0.0199134199134199,1155,0.0539303358377973,0.0557140298302489,0.979319404438376,-3.23418130149227
Chr17_15252319,17,15252319,0.140498730640988,0.372294372294372,1155,0.0539303358377973,0.0557138331495085,0.979319404438376,1.44077748294319
Chr18_79317441,18,79317441,0.140650105308596,0.0307359307359307,1155,0.0539303358377973,0.0557124722282323,0.979319404438376,2.98176220715868
Chr17_28279088,17,28279088,0.140741159639627,0.145021645021645,1155,0.0539303358377973,0.055711654404983,0.979319404438376,-1.33801204050766
Chr19_371159226,19,371159226,0.140813007036967,0.141991341991342,1155,0.0539303358377973,0.0557110095126467,0.979319404438376,-1.19323925926994
Chr14_22572809,14,22572809,0.140848416034509,0.0515151515151515,1155,0.0539303358377973,0.0557106918224791,0.979319404438376,3.34774571311436
Chr21_172810185,21,172810185,0.141418088458627,0.016017316017316,1155,0.0539303358377973,0.0557055930252937,0.981442004609067,-2.85242217124406
Chr17_11651380,17,11651380,0.141528006697601,0.0402597402597403,1155,0.0539303358377973,0.055704611872356,0.981442004609067,2.22566272361968
Chr02_29752106,2,29752106,0.14157951497351,0.285714285714286,1155,0.0539303358377973,0.0557041523938242,0.981442004609067,-1.20543002633315
Chr17_265958782,17,265958782,0.141645090914289,0.211255411255411,1155,0.0539303358377973,0.0557035676970757,0.981442004609067,1.10583462567649
Chr14_270680855,14,270680855,0.141976852168895,0.0917748917748918,1155,0.0539303358377973,0.0557006142659153,0.981524686924938,-1.53802559871733
Chr18_363933878,18,363933878,0.141978411053282,0.0168831168831169,1155,0.0539303358377973,0.0557006004066322,0.981524686924938,-3.3532905487745
Chr14_2538957,14,2538957,0.142025602464042,0.0757575757575758,1155,0.0539303358377973,0.0557001809318175,0.981524686924938,1.60685521265964
Chr21_325692061,21,325692061,0.142246692950368,0.105194805194805,1155,0.0539303358377973,0.0556982177908025,0.982157772778359,-1.46166339970955
Chr13_1794553,13,1794553,0.142363086854092,0.316450216450216,1155,0.0539303358377973,0.0556971856676689,0.982157772778359,1.35668141798772
Chr20_408686779,20,408686779,0.142486235131338,0.243722943722944,1155,0.0539303358377973,0.0556960946839923,0.982159216966572,-1.19119929514886
Chr05_1789389,5,1789389,0.143087268341568,0.0735930735930736,1155,0.0539303358377973,0.0556907852609764,0.983699338616864,1.83298807878379
Chr19_351237444,19,351237444,0.143162506787631,0.435497835497835,1155,0.0539303358377973,0.0556901223871027,0.983699338616864,1.08972995689908
Chr17_58402790,17,58402790,0.143167381904354,0.0216450216450216,1155,0.0539303358377973,0.0556900794493633,0.983699338616864,-3.01692584871714
Chr19_220885080,19,220885080,0.143202194368684,0.482683982683983,1155,0.0539303358377973,0.0556897728853795,0.983699338616864,0.993821913669251
Chr11_183529747,11,183529747,0.143358841339345,0.370995670995671,1155,0.0539303358377973,0.055688394465893,0.983909464606841,0.937197549698197
Chr18_56782413,18,56782413,0.143479099545246,0.0619047619047619,1155,0.0539303358377973,0.0556873374013436,0.983909464606841,2.03935295159923
Chr13_334143266,13,334143266,0.143784115465054,0.18008658008658,1155,0.0539303358377973,0.0556846607954471,0.985155487521714,1.20288774344317
Chr20_664783679,20,664783679,0.144033402154838,0.213852813852814,1155,0.0539303358377973,0.0556824779780675,0.986017866165382,-1.42262991041281
Chr02_87312805,2,87312805,0.144255921096827,0.145021645021645,1155,0.0539303358377973,0.0556805331400534,0.98605932762796,-1.39810021487719
Chr02_45033078,2,45033078,0.144286312929914,0.200865800865801,1155,0.0539303358377973,0.05568026777489,0.98605932762796,-1.23165614199263
Chr15_165563218,15,165563218,0.144513907906802,0.0272727272727273,1155,0.0539303358377973,0.0556782825387265,0.986770607066186,2.92684413590504
Chr12_404623081,12,404623081,0.144658699009619,0.491341991341991,1155,0.0539303358377973,0.0556770214074996,0.986772011334825,-2.84716482136309
Chr18_442482754,18,442482754,0.144761146236627,0.106926406926407,1155,0.0539303358377973,0.055676129951266,0.986772011334825,1.85003745442145
Chr19_283340446,19,283340446,0.145043140351775,0.248484848484848,1155,0.0539303358377973,0.0556736798175189,0.987851362549301,1.21862602031973
Chr20_288806127,20,288806127,0.145381409974539,0.121212121212121,1155,0.0539303358377973,0.0556707478079271,0.988967652033349,1.76391368128361
Chr08_85075883,8,85075883,0.1456712231113,0.149350649350649,1155,0.0539303358377973,0.0556682419190723,0.988967652033349,-1.28743939700178
Chr11_18278410,11,18278410,0.145739773052912,0.242424242424242,1155,0.0539303358377973,0.0556676500200937,0.988967652033349,1.29020534218648
Chr03_469162304,3,469162304,0.145817975648866,0.032034632034632,1155,0.0539303358377973,0.055666975158206,0.988967652033349,2.34977943391188
Chr09_86398043,9,86398043,0.145863029902471,0.329004329004329,1155,0.0539303358377973,0.0556665865407162,0.988967652033349,-1.01586076748416
Chr05_84410296,5,84410296,0.145949788677847,0.408225108225108,1155,0.0539303358377973,0.0556658385805103,0.988967652033349,-0.92412230423929
Chr02_124718682,2,124718682,0.146322049394227,0.0277056277056277,1155,0.0539303358377973,0.0556626349531788,0.990649875093626,2.78673199504898
Chr21_39365083,21,39365083,0.146502163517047,0.388311688311688,1155,0.0539303358377973,0.0556610882160518,0.99102945329186,1.28136935489732
Chr04_27749305,4,27749305,0.146636835447241,0.067965367965368,1155,0.0539303358377973,0.0556599331179032,0.991060447945695,-1.81491309930858
Chr10_21231666,10,21231666,0.14677614257086,0.274891774891775,1155,0.0539303358377973,0.055658739523055,0.991060447945695,1.11603306449393
Chr19_765227733,19,765227733,0.146878904790049,0.0471861471861472,1155,0.0539303358377973,0.0556578598676896,0.991060447945695,2.06677048810229
Chr19_746233595,19,746233595,0.147041872880191,0.0987012987012987,1155,0.0539303358377973,0.0556564662681955,0.991322803746708,1.48052136634091
Chr09_168341321,9,168341321,0.147356815095896,0.0935064935064935,1155,0.0539303358377973,0.0556537780202252,0.991956738911545,-1.57992237246384
Chr20_118398871,20,118398871,0.147477123560975,0.10952380952381,1155,0.0539303358377973,0.0556527528180208,0.991956738911545,1.5706075675331
Chr06_147094010,6,147094010,0.147619449636344,0.270562770562771,1155,0.0539303358377973,0.055651541213573,0.991956738911545,1.45277188906539
Chr18_237273632,18,237273632,0.147706340375388,0.280519480519481,1155,0.0539303358377973,0.0556508021721817,0.991956738911545,-1.29527388277393
Chr16_73669588,16,73669588,0.147756730417416,0.0653679653679654,1155,0.0539303358377973,0.055650373809259,0.991956738911545,-1.49274115202499
Chr03_281755344,3,281755344,0.148161071636579,0.0532467532467532,1155,0.0539303358377973,0.055646942494598,0.993559202760543,-2.11769397605849
Chr01_438852519,1,438852519,0.148327878151059,0.32987012987013,1155,0.0539303358377973,0.0556455300268142,0.993559202760543,-0.864064515104616
Chr16_12392692,16,12392692,0.148453148718343,0.123376623376623,1155,0.0539303358377973,0.0556444704534055,0.993559202760543,2.2088269087958
Chr15_487022697,15,487022697,0.148615118606282,0.0173160173160173,1155,0.0539303358377973,0.0556431019647098,0.993559202760543,2.91248416764844
Chr19_685216921,19,685216921,0.148639897161978,0.0272727272727273,1155,0.0539303358377973,0.0556428927586754,0.993559202760543,2.78562750133354
Chr18_527094585,18,527094585,0.148800578746771,0.0086580086580087,1155,0.0539303358377973,0.0556415370760891,0.993559202760543,-3.73478318016623
Chr04_216930971,4,216930971,0.148865986444407,0.206493506493507,1155,0.0539303358377973,0.0556409857005622,0.993559202760543,-1.38420563713589
Chr15_128872419,15,128872419,0.149195901928412,0.0770562770562771,1155,0.0539303358377973,0.0556382087413615,0.994146122988593,-1.82670378171153
Chr15_558649875,15,558649875,0.149219337367985,0.254545454545455,1155,0.0539303358377973,0.0556380117452931,0.994146122988593,0.982876167515712
Chr04_117635735,4,117635735,0.149327243407975,0.128571428571429,1155,0.0539303358377973,0.0556371051488607,0.994146122988593,1.714521093548
Chr08_121850466,8,121850466,0.149494342506491,0.0454545454545454,1155,0.0539303358377973,0.0556357026906713,0.994429893658914,-2.11211047988218
Chr19_137332852,19,137332852,0.14976198983125,0.373160173160173,1155,0.0539303358377973,0.0556334600263491,0.994505688627911,-0.925899049353859
Chr13_367638378,13,367638378,0.150219494526435,0.235064935064935,1155,0.0539303358377973,0.0556296369989825,0.994505688627911,-1.21711854642444
Chr03_150193003,3,150193003,0.150232068276482,0.0285714285714286,1155,0.0539303358377973,0.0556295321156726,0.994505688627911,-3.05280674139055
Chr14_20812235,14,20812235,0.150589631688533,0.489177489177489,1155,0.0539303358377973,0.0556265536718066,0.994505688627911,-0.931636120590497
Chr19_801760991,19,801760991,0.150649780415868,0.437229437229437,1155,0.0539303358377973,0.0556260534298925,0.994505688627911,1.56196229872012
Chr08_41084741,8,41084741,0.150682365793121,0.29004329004329,1155,0.0539303358377973,0.0556257825199233,0.994505688627911,1.12716025399311
Chr09_98281997,9,98281997,0.15074427534647,0.032034632034632,1155,0.0539303358377973,0.0556252679958776,0.994505688627911,2.80073776356565
Chr13_264841338,13,264841338,0.150863800550674,0.148484848484848,1155,0.0539303358377973,0.0556242753107705,0.994505688627911,1.56981074519103
Chr14_468370373,14,468370373,0.150971636245353,0.0545454545454545,1155,0.0539303358377973,0.055623380473984,0.994505688627911,-1.84525845572595
Chr07_350519985,7,350519985,0.151185964535664,0.0220779220779221,1155,0.0539303358377973,0.0556216040935461,0.994505688627911,2.83891548787484
Chr07_191755626,7,191755626,0.151306783076157,0.0212121212121212,1155,0.0539303358377973,0.0556206039910346,0.994505688627911,3.00520978610373
Chr07_78834284,7,78834284,0.151306783076157,0.0212121212121212,1155,0.0539303358377973,0.0556206039910346,0.994505688627911,3.00520978610373
Chr15_530277247,15,530277247,0.151511377806647,0.0982683982683983,1155,0.0539303358377973,0.0556189124743393,0.994505688627911,-1.53547534095063
Chr02_422140221,2,422140221,0.151570348981164,0.121212121212121,1155,0.0539303358377973,0.0556184254021241,0.994505688627911,-1.40545879822253
Chr03_204262200,3,204262200,0.151688090167583,0.355411255411255,1155,0.0539303358377973,0.0556174535613961,0.994505688627911,-1.31133320872607
Chr19_113061596,19,113061596,0.151705462304001,0.336363636363636,1155,0.0539303358377973,0.05561731024343,0.994505688627911,-0.906605931541748
Chr02_279874036,2,279874036,0.151716737439614,0.478787878787879,1155,0.0539303358377973,0.0556172172349205,0.994505688627911,-2.50233677689653
Chr07_52325284,7,52325284,0.15174645568124,0.344588744588745,1155,0.0539303358377973,0.0556169721268984,0.994505688627911,-1.05204802659401
Chr02_21104901,2,21104901,0.151971599429858,0.0506493506493507,1155,0.0539303358377973,0.0556151169679843,0.994627417144014,2.07623533907433
Chr04_31032972,4,31032972,0.15203257753543,0.045021645021645,1155,0.0539303358377973,0.0556146150514948,0.994627417144014,-2.22763477694097
Chr20_316928340,20,316928340,0.152138528445361,0.153246753246753,1155,0.0539303358377973,0.0556137435022184,0.994627417144014,-1.57786830086957
Chr10_116857809,10,116857809,0.152718737338358,0.236796536796537,1155,0.0539303358377973,0.0556089828927842,0.99657701413048,1.32498805275537
Chr13_282529307,13,282529307,0.15277102491031,0.48961038961039,1155,0.0539303358377973,0.0556085548815821,0.99657701413048,3.36334321377808
Chr21_433276682,21,433276682,0.152810970372993,0.213852813852814,1155,0.0539303358377973,0.0556082280113271,0.99657701413048,-1.39819392575606
Chr18_405327396,18,405327396,0.15321076198551,0.330735930735931,1155,0.0539303358377973,0.0556049618816949,0.997156587723115,1.12296521710195
Chr13_8160801,13,8160801,0.153321861442862,0.398268398268398,1155,0.0539303358377973,0.0556040559625749,0.997156587723115,1.47639584646885
Chr16_385261478,16,385261478,0.153681298365491,0.0683982683982684,1155,0.0539303358377973,0.0556011301641793,0.997156587723115,-1.72379384183404
Chr21_409591497,21,409591497,0.153687186059156,0.346320346320346,1155,0.0539303358377973,0.0556010823033247,0.997156587723115,1.34568503152633
Chr18_427807850,18,427807850,0.153698094013062,0.0554112554112554,1155,0.0539303358377973,0.0556009936384511,0.997156587723115,1.77387203845271
Chr18_550223574,18,550223574,0.153763373002854,0.392207792207792,1155,0.0539303358377973,0.0556004631699929,0.997156587723115,1.40069592191674
Chr04_32659955,4,32659955,0.153773553144934,0.0922077922077922,1155,0.0539303358377973,0.0556003804674237,0.997156587723115,-1.53794593309614
Chr19_11740944,19,11740944,0.154422644926091,0.0458874458874459,1155,0.0539303358377973,0.0555951200992408,0.999826636766394,3.30976705107093
Chr07_275299328,7,275299328,0.154625081538605,0.297402597402597,1155,0.0539303358377973,0.0555934846479171,0.999826636766394,-1.20096201646658
Chr07_382438554,7,382438554,0.154730317715363,0.430735930735931,1155,0.0539303358377973,0.0555926354230465,0.999826636766394,-0.721848173063279
Chr01_445350752,1,445350752,0.154919713816671,0.259307359307359,1155,0.0539303358377973,0.0555911087042052,0.999826636766394,1.08965042695201
Chr02_323570782,2,323570782,0.154964533013552,0.038961038961039,1155,0.0539303358377973,0.055590747727664,0.999826636766394,-1.7639507102799
Chr20_177139622,20,177139622,0.154977442166236,0.058008658008658,1155,0.0539303358377973,0.0555906437785665,0.999826636766394,2.04251164189569
Chr14_282842392,14,282842392,0.155113654496868,0.302597402597403,1155,0.0539303358377973,0.0555895475475378,0.999826636766394,1.40207928158623
Chr05_152304420,5,152304420,0.155216817305915,0.0229437229437229,1155,0.0539303358377973,0.0555887180253444,0.999826636766394,-2.89835178169861
Chr13_2610381,13,2610381,0.155311660561659,0.0242424242424242,1155,0.0539303358377973,0.0555879559524578,0.999826636766394,2.9314419627152
Chr07_292237197,7,292237197,0.156147863215554,0.0225108225108225,1155,0.0539303358377973,0.0555812598056079,1,2.99870312076408
Chr01_264788708,1,264788708,0.156351506411777,0.0294372294372295,1155,0.0539303358377973,0.0555796352435072,1,-2.66328914448923
Chr02_221283979,2,221283979,0.156681875788064,0.180952380952381,1155,0.0539303358377973,0.0555770048365187,1,-1.34888697912052
Chr06_527021668,6,527021668,0.156845827421164,0.0887445887445888,1155,0.0539303358377973,0.0555757017920633,1,1.68657359778464
Chr13_329964265,13,329964265,0.157004726929391,0.266666666666667,1155,0.0539303358377973,0.0555744403785274,1,1.19560046947754
Chr08_336115496,8,336115496,0.157040921994886,0.49004329004329,1155,0.0539303358377973,0.0555741532494488,1,0.768757336307317
Chr04_54184682,4,54184682,0.157727392828211,0.126839826839827,1155,0.0539303358377973,0.0555687218134914,1,1.70412719861582
Chr17_50601736,17,50601736,0.157921116046735,0.0735930735930735,1155,0.0539303358377973,0.0555671939203886,1,1.71446501417586
Chr19_87209406,19,87209406,0.157978021774719,0.0251082251082251,1155,0.0539303358377973,0.0555667455109539,1,2.82223437140875
Chr16_376460217,16,376460217,0.15828974293558,0.329004329004329,1155,0.0539303358377973,0.0555642924494434,1,-1.22023557737543
Chr21_358807868,21,358807868,0.15840868186348,0.132467532467532,1155,0.0539303358377973,0.0555633579200487,1,1.48787945490818
Chr06_466556117,6,466556117,0.158504164381993,0.180519480519481,1155,0.0539303358377973,0.0555626082709983,1,1.50080708239827
Chr13_318827326,13,318827326,0.158639200207731,0.129004329004329,1155,0.0539303358377973,0.0555615489601445,1,-1.36891214622753
Chr06_78749107,6,78749107,0.158649934737439,0.333333333333333,1155,0.0539303358377973,0.0555614647954302,1,1.02897004895181
Chr19_282556572,19,282556572,0.158820782680287,0.4995670995671,1155,0.0539303358377973,0.055560126124748,1,-6.06887773221206
Chr08_273439123,8,273439123,0.158883140797087,0.0251082251082251,1155,0.0539303358377973,0.0555596379294423,1,2.78027065237752
Chr01_427076027,1,427076027,0.15908102526245,0.338961038961039,1155,0.0539303358377973,0.0555580901568032,1,-0.990637150613168
Chr11_197278944,11,197278944,0.159196258690842,0.0441558441558442,1155,0.0539303358377973,0.0555571898578076,1,-2.11874405576476
Chr03_81481243,3,81481243,0.159323671866429,0.0528138528138528,1155,0.0539303358377973,0.0555561952647657,1,-2.09243267545719
Chr15_486072849,15,486072849,0.159356636833265,0.343290043290043,1155,0.0539303358377973,0.0555559380863477,1,-1.01584014575764
Chr17_65125092,17,65125092,0.1596850434295,0.0818181818181818,1155,0.0539303358377973,0.0555533793068549,1,1.65107195124942
Chr20_191873570,20,191873570,0.159726429086754,0.0229437229437229,1155,0.0539303358377973,0.0555530572762716,1,-2.87713815483858
Chr13_243299172,13,243299172,0.159816170847574,0.0251082251082251,1155,0.0539303358377973,0.0555523593032728,1,2.79434111767682
Chr06_121663500,6,121663500,0.159857454296914,0.451082251082251,1155,0.0539303358377973,0.0555520383683374,1,-1.01286809828531
Chr06_326966364,6,326966364,0.159862217035789,0.496536796536797,1155,0.0539303358377973,0.0555520013491853,1,5.66594031626482
Chr10_37722495,10,37722495,0.160291592428487,0.148051948051948,1155,0.0539303358377973,0.0555486691181291,1,1.20301489338807
Chr10_472016820,10,472016820,0.160303951670916,0.0891774891774892,1155,0.0539303358377973,0.0555485733531892,1,-3.04288650054826
Chr14_293325111,14,293325111,0.160379760497682,0.153679653679654,1155,0.0539303358377973,0.0555479861366839,1,-1.83194515847504
Chr08_425966670,8,425966670,0.160411900229904,0.21991341991342,1155,0.0539303358377973,0.0555477372773188,1,1.03733843923925
Chr18_28074650,18,28074650,0.160515378277152,0.0965367965367965,1155,0.0539303358377973,0.0555469364284301,1,1.45905915816446
Chr06_76304321,6,76304321,0.160688927726816,0.0528138528138528,1155,0.0539303358377973,0.0555455945964953,1,3.65401574259698
Chr07_302510025,7,302510025,0.160822830075268,0.0766233766233766,1155,0.0539303358377973,0.0555445604335174,1,2.28842691363988
Chr20_647524443,20,647524443,0.160932307200224,0.0238095238095238,1155,0.0539303358377973,0.0555437156427205,1,2.87555862559446
Chr16_290433334,16,290433334,0.160972583223071,0.0454545454545455,1155,0.0539303358377973,0.0555434050139034,1,-2.19539358052684
Chr07_156607425,7,156607425,0.161374034349038,0.448051948051948,1155,0.0539303358377973,0.0555403136622215,1,-1.50779341998748
Chr01_13932907,1,13932907,0.161542694869518,0.0489177489177489,1155,0.0539303358377973,0.0555390175191646,1,1.98077720975664
Chr14_251250779,14,251250779,0.161581967303673,0.192207792207792,1155,0.0539303358377973,0.0555387159352911,1,-1.43270084236175
Chr03_358510147,3,358510147,0.161637240160251,0.477056277056277,1155,0.0539303358377973,0.0555382916215037,1,2.18839077881194
Chr05_394992464,5,394992464,0.161642429209693,0.451082251082251,1155,0.0539303358377973,0.055538251795171,1,0.837333086556015
Chr06_553136538,6,553136538,0.161665084856192,0.0337662337662338,1155,0.0539303358377973,0.0555380779285414,1,2.85461097888168
Chr18_192774956,18,192774956,0.161796299454864,0.287012987012987,1155,0.0539303358377973,0.0555370714928982,1,1.20590228272738
Chr14_377447754,14,377447754,0.161880802385629,0.158874458874459,1155,0.0539303358377973,0.0555364238360091,1,1.38302619643008
Chr03_413046308,3,413046308,0.161971268194642,0.466233766233766,1155,0.0539303358377973,0.0555357309055285,1,-0.941218194825922
Chr09_291778323,9,291778323,0.162228897785087,0.124675324675325,1155,0.0539303358377973,0.0555337599892186,1,1.45887917641491
Chr10_169871165,10,169871165,0.162424307057391,0.0939393939393939,1155,0.0539303358377973,0.055532267453178,1,1.51134989176789
Chr10_30529340,10,30529340,0.162429454120691,0.0675324675324675,1155,0.0539303358377973,0.0555322281676425,1,-1.65877078250466
Chr01_507102523,1,507102523,0.163068322733141,0.478787878787879,1155,0.0539303358377973,0.0555273629459301,1,1.46520055458961
Chr12_342583325,12,342583325,0.163077916535192,0.287878787878788,1155,0.0539303358377973,0.0555272900516638,1,1.34852406686741
Chr18_509542189,18,509542189,0.163488450055419,0.0792207792207792,1155,0.0539303358377973,0.0555241753788253,1,2.10387845506693
Chr20_350140419,20,350140419,0.163534844463353,0.445454545454545,1155,0.0539303358377973,0.0555238239519618,1,1.57271455722014
Chr21_418082621,21,418082621,0.163635089585725,0.054978354978355,1155,0.0539303358377973,0.0555230650075493,1,-1.91793538900561
Chr19_139668804,19,139668804,0.163902252061653,0.0251082251082251,1155,0.0539303358377973,0.0555210449446512,1,2.79411801842575
Chr13_333929731,13,333929731,0.163983654799131,0.106926406926407,1155,0.0539303358377973,0.0555204301925081,1,1.44951654451711
Chr13_376115339,13,376115339,0.164080194448623,0.0181818181818182,1155,0.0539303358377973,0.0555197015789227,1,3.02815334908173
Chr20_73609555,20,73609555,0.164150665795105,0.399134199134199,1155,0.0539303358377973,0.0555191700201604,1,-1.28257384941031
Chr06_246741499,6,246741499,0.164279550072746,0.275324675324675,1155,0.0539303358377973,0.0555181985330881,1,1.27397065648961
Chr20_37776608,20,37776608,0.164434391342033,0.178787878787879,1155,0.0539303358377973,0.0555170325431895,1,1.35387557589266
Chr01_126836394,1,126836394,0.164501398149117,0.348917748917749,1155,0.0539303358377973,0.0555165283560948,1,1.07952704386432
Chr19_569861434,19,569861434,0.164585867998202,0.170995670995671,1155,0.0539303358377973,0.0555158931045315,1,-1.15619645157889
Chr02_62184907,2,62184907,0.164652195644557,0.297402597402597,1155,0.0539303358377973,0.0555153945519853,1,-1.21536904282843
Chr20_663497554,20,663497554,0.164681492764753,0.316017316017316,1155,0.0539303358377973,0.0555151744130025,1,-1.15535594182268
Chr12_67337224,12,67337224,0.164864673702294,0.0584415584415584,1155,0.0539303358377973,0.0555137990041904,1,-1.76430190888208
Chr09_359284780,9,359284780,0.164934014261033,0.0060606060606061,1155,0.0539303358377973,0.0555132788188694,1,-4.30205685580222
Chr21_308531174,21,308531174,0.165083602576249,0.0298701298701299,1155,0.0539303358377973,0.0555121574755996,1,2.71924552288735
Chr21_162122567,21,162122567,0.165173582601831,0.025974025974026,1155,0.0539303358377973,0.0555114835278148,1,2.80249604481656
Chr19_502970897,19,502970897,0.1651991196303,0.09004329004329,1155,0.0539303358377973,0.0555112923327764,1,1.24901756391773
Chr15_428831151,15,428831151,0.165251912228377,0.233766233766234,1155,0.0539303358377973,0.0555108971832798,1,-1.12677259592704
Chr18_111491335,18,111491335,0.165301998052498,0.0476190476190476,1155,0.0539303358377973,0.0555105224274005,1,-2.13197969038139
Chr04_183774473,4,183774473,0.16545764586569,0.15974025974026,1155,0.0539303358377973,0.0555093586569901,1,-1.38244631606824
Chr01_493758094,1,493758094,0.165460182838411,0.351082251082251,1155,0.0539303358377973,0.055509339698561,1,-0.897693023090369
Chr10_141612391,10,141612391,0.165520622592242,0.402164502164502,1155,0.0539303358377973,0.0555088881395047,1,-1.57495797053866
Chr19_21673820,19,21673820,0.165594664561788,0.472294372294372,1155,0.0539303358377973,0.0555083352124781,1,2.17795689543982
Chr10_71967248,10,71967248,0.165765296225641,0.292640692640693,1155,0.0539303358377973,0.0555070620549224,1,1.22316236280318
Chr15_510609521,15,510609521,0.166070356516932,0.0238095238095238,1155,0.0539303358377973,0.0555047896027212,1,2.76225159074438
Chr13_47858969,13,47858969,0.166360681385806,0.196536796536797,1155,0.0539303358377973,0.0555026313540987,1,1.23344759966528
Chr21_61540644,21,61540644,0.166561472940239,0.048051948051948,1155,0.0539303358377973,0.0555011412108576,1,-1.95704285599868
Chr04_202020220,4,202020220,0.166564042375427,0.0757575757575758,1155,0.0539303358377973,0.0555011221555359,1,1.79019555869422
Chr04_244398621,4,244398621,0.166772023211889,0.270995670995671,1155,0.0539303358377973,0.0554995808543042,1,1.3444479862975
Chr20_437338461,20,437338461,0.166803844401228,0.336363636363636,1155,0.0539303358377973,0.0554993452286384,1,-1.07013433474327
Chr17_218805814,17,218805814,0.166811100160485,0.211688311688312,1155,0.0539303358377973,0.055499291509289,1,-1.39682693762535
Chr16_397588073,16,397588073,0.167076654585656,0.400865800865801,1155,0.0539303358377973,0.0554973272689785,1,0.715705333166071
Chr17_252892042,17,252892042,0.167279850058891,0.0229437229437229,1155,0.0539303358377973,0.0554958266978736,1,-2.76101702277873
Chr02_98181860,2,98181860,0.167338521111686,0.0212121212121212,1155,0.0539303358377973,0.0554953938088787,1,2.79583094301893
Chr19_781367377,19,781367377,0.167710662788416,0.0220779220779221,1155,0.0539303358377973,0.0554926521058295,1,-2.84334883301197
Chr16_303612392,16,303612392,0.167734181914572,0.0536796536796537,1155,0.0539303358377973,0.055492479066335,1,-1.88774518780997
Chr04_250210927,4,250210927,0.168029361376281,0.0536796536796537,1155,0.0539303358377973,0.0554903096781709,1,-2.03625161851036
Chr19_46876377,19,46876377,0.168432391281554,0.41991341991342,1155,0.0539303358377973,0.0554873547052557,1,0.749793884230257
Chr17_58402791,17,58402791,0.168566560450026,0.227705627705628,1155,0.0539303358377973,0.0554863727907148,1,-1.13003298740989
Chr07_446034194,7,446034194,0.16905518720626,0.427272727272727,1155,0.0539303358377973,0.0554828043525273,1,-0.869995409431738
Chr14_392601416,14,392601416,0.169127408549359,0.0974025974025974,1155,0.0539303358377973,0.0554822779249753,1,-1.39239958292978
Chr08_409688209,8,409688209,0.169240669510017,0.0264069264069264,1155,0.0539303358377973,0.0554814528757104,1,-2.74271597968341
Chr09_465063963,9,465063963,0.16934307587546,0.245454545454545,1155,0.0539303358377973,0.0554807074423239,1,1.37001165157483
Chr01_311949551,1,311949551,0.169495976053658,0.0316017316017316,1155,0.0539303358377973,0.0554795954188011,1,-2.73155905967633
Chr07_376904835,7,376904835,0.16990833130678,0.0233766233766234,1155,0.0539303358377973,0.0554766021459885,1,-2.82704075128082
Chr20_190160175,20,190160175,0.170292242940386,0.0705627705627706,1155,0.0539303358377973,0.0554738228369722,1,1.69605544156624
Chr13_18822608,13,18822608,0.170532113264972,0.442857142857143,1155,0.0539303358377973,0.0554720899600792,1,0.930421375271351
Chr15_124274076,15,124274076,0.170602356104821,0.113419913419913,1155,0.0539303358377973,0.0554715830403445,1,-1.45562822320153
Chr04_212373101,4,212373101,0.170817892335349,0.0722943722943723,1155,0.0539303358377973,0.0554700290817317,1,1.79068842249828
Chr02_288832116,2,288832116,0.170943202118174,0.0272727272727273,1155,0.0539303358377973,0.0554691266675499,1,-2.71117139726772
Chr17_323750192,17,323750192,0.171175361546859,0.443722943722944,1155,0.0539303358377973,0.0554674567874195,1,-0.71628661172295
Chr12_367040971,12,367040971,0.171431382501471,0.074025974025974,1155,0.0539303358377973,0.0554656182927771,1,2.26971849469186
Chr21_99612974,21,99612974,0.171680589902593,0.0238095238095238,1155,0.0539303358377973,0.0554638317570016,1,2.80784998026655
Chr13_347311634,13,347311634,0.171749036408118,0.133333333333333,1155,0.0539303358377973,0.055463341594967,1,1.4528506085926
Chr07_516523560,7,516523560,0.171754155859151,0.441991341991342,1155,0.0539303358377973,0.05546330494237,1,1.44215552673018
Chr05_339479855,5,339479855,0.17209977010459,0.325974025974026,1155,0.0539303358377973,0.0554608334273869,1,0.970388055172663
Chr19_370333706,19,370333706,0.172253159188254,0.0489177489177489,1155,0.0539303358377973,0.055459738359066,1,2.07813654109475
Chr02_391596222,2,391596222,0.172361517654153,0.151948051948052,1155,0.0539303358377973,0.0554589654474809,1,1.38451721292759
Chr07_160243465,7,160243465,0.172450679458514,0.0424242424242424,1155,0.0539303358377973,0.0554583298833329,1,-1.70544089053625
Chr02_122388718,2,122388718,0.172464772732484,0.0264069264069264,1155,0.0539303358377973,0.0554582294581222,1,2.55719941998466
Chr03_231079712,3,231079712,0.172475810028831,0.491341991341991,1155,0.0539303358377973,0.0554581508156525,1,-2.36463155267484
Chr15_595099440,15,595099440,0.172552851750271,0.0575757575757576,1155,0.0539303358377973,0.0554576020425868,1,-1.69614187630989
Chr19_502383981,19,502383981,0.172613231694524,0.0489177489177489,1155,0.0539303358377973,0.0554571721495276,1,2.06997378200629
Chr19_93392479,19,93392479,0.173057124536878,0.481818181818182,1155,0.0539303358377973,0.0554540170272291,1,-0.791862072413409
Chr11_195723504,11,195723504,0.173164855771363,0.125974025974026,1155,0.0539303358377973,0.0554532526952949,1,-1.43961229056234
Chr05_209580093,5,209580093,0.173301882877198,0.0246753246753247,1155,0.0539303358377973,0.055452281305814,1,2.81958621958229
Chr08_35213894,8,35213894,0.173332057609443,0.147186147186147,1155,0.0539303358377973,0.0554520675150357,1,1.41494840213576
Chr06_492821879,6,492821879,0.173516396768329,0.322077922077922,1155,0.0539303358377973,0.0554507623852227,1,0.947456866453962
Chr15_20776076,15,20776076,0.173565402969756,0.0285714285714286,1155,0.0539303358377973,0.0554504156877778,1,-2.78914288726816
Chr07_443127806,7,443127806,0.173612476524839,0.0186147186147186,1155,0.0539303358377973,0.0554500827691335,1,2.89079563705155
Chr13_15924311,13,15924311,0.17371873649143,0.46969696969697,1155,0.0539303358377973,0.0554493316481832,1,0.805825321542699
Chr04_261946497,4,261946497,0.173765069086836,0.400865800865801,1155,0.0539303358377973,0.0554490043021864,1,-0.998230945786645
Chr15_589767909,15,589767909,0.173920507907293,0.0268398268398268,1155,0.0539303358377973,0.0554479068403102,1,-2.68614705628787
Chr18_196344664,18,196344664,0.173965656451287,0.0489177489177489,1155,0.0539303358377973,0.0554475882848644,1,-2.0904477597534
Chr09_192920920,9,192920920,0.174060631732712,0.148917748917749,1155,0.0539303358377973,0.0554469184768529,1,1.3987768214032
Chr19_770059533,19,770059533,0.174332790717001,0.0545454545454546,1155,0.0539303358377973,0.0554450014209303,1,-1.5633316835349
Chr18_222850015,18,222850015,0.174488606855597,0.389177489177489,1155,0.0539303358377973,0.0554439054225897,1,1.26152060007172
Chr08_338002732,8,338002732,0.174517381934974,0.335497835497836,1155,0.0539303358377973,0.0554437031443864,1,1.11606133060872
Chr09_21153475,9,21153475,0.1745262086222,0.0346320346320346,1155,0.0539303358377973,0.055443641103737,1,-2.50991210638711
Chr20_269886006,20,269886006,0.174642141573342,0.369264069264069,1155,0.0539303358377973,0.0554428265746671,1,1.16832259760554
Chr05_169910607,5,169910607,0.174679066375446,0.019047619047619,1155,0.0539303358377973,0.055442567276947,1,-2.84417980677011
Chr01_252428109,1,252428109,0.174800894992615,0.267532467532468,1155,0.0539303358377973,0.0554417122056461,1,-1.07444421774915
Chr20_278711694,20,278711694,0.174829661961337,0.0722943722943723,1155,0.0539303358377973,0.0554415104009096,1,-1.66216059018674
Chr06_339354201,6,339354201,0.174835178077061,0.479220779220779,1155,0.0539303358377973,0.0554414717088817,1,2.34322302629607
Chr07_461715748,7,461715748,0.175050736929721,0.0229437229437229,1155,0.0539303358377973,0.0554399608026093,1,-2.79213124967161
Chr14_447708506,14,447708506,0.175063466440264,0.0696969696969697,1155,0.0539303358377973,0.0554398716453691,1,-1.60451978282519
Chr08_265899278,8,265899278,0.175130434965235,0.00735930735930736,1155,0.0539303358377973,0.0554394027222629,1,-4.06138031271334
Chr15_454913581,15,454913581,0.175344497910815,0.225108225108225,1155,0.0539303358377973,0.0554379052092184,1,1.27423972490183
Chr21_391571009,21,391571009,0.175506563928281,0.0285714285714286,1155,0.0539303358377973,0.0554367728514323,1,-2.63255903316056
Chr21_443007683,21,443007683,0.175589894218732,0.054978354978355,1155,0.0539303358377973,0.0554361910909098,1,1.87791928008852
Chr09_183832531,9,183832531,0.175623012870565,0.0246753246753247,1155,0.0539303358377973,0.0554359599654297,1,-2.71002479402721
Chr13_16690505,13,16690505,0.175675100312246,0.284415584415584,1155,0.0539303358377973,0.0554355965639912,1,1.04929233750806
Chr08_127160644,8,127160644,0.175775802016306,0.284848484848485,1155,0.0539303358377973,0.0554348943450499,1,1.17794219601168
Chr10_94157170,10,94157170,0.176016560460531,0.025974025974026,1155,0.0539303358377973,0.0554332173544956,1,2.72577587866465
Chr13_63998061,13,63998061,0.176177956351321,0.451082251082251,1155,0.0539303358377973,0.0554320946412793,1,-0.782760343362469
Chr08_291998814,8,291998814,0.176256609348598,0.0904761904761905,1155,0.0539303358377973,0.0554315479400579,1,-1.43017747797568
Chr19_663573582,19,663573582,0.176282869990216,0.258008658008658,1155,0.0539303358377973,0.0554313654703081,1,1.09914089781967
Chr06_42706635,6,42706635,0.176422959182775,0.266233766233766,1155,0.0539303358377973,0.0554303926028533,1,-1.11799472983159
Chr02_425918118,2,425918118,0.176669194620111,0.317316017316017,1155,0.0539303358377973,0.0554286847488789,1,-0.847351388567574
Chr07_33865612,7,33865612,0.176897175742842,0.0437229437229437,1155,0.0539303358377973,0.0554271059530727,1,1.92153395422731
Chr13_282580016,13,282580016,0.176922937058946,0.378787878787879,1155,0.0539303358377973,0.0554269277007424,1,-1.23962927553077
Chr06_523618402,6,523618402,0.176923194839362,0.117316017316017,1155,0.0539303358377973,0.0554269259172122,1,1.41999906185467
Chr08_430599661,8,430599661,0.177112812750277,0.480519480519481,1155,0.0539303358377973,0.0554256148028099,1,-0.864359257992959
Chr17_277530641,17,277530641,0.177338130313699,0.432034632034632,1155,0.0539303358377973,0.0554240589494517,1,0.812519452347232
Chr02_148846219,2,148846219,0.177365521098017,0.468831168831169,1155,0.0539303358377973,0.0554238699674604,1,1.80469821968506
Chr09_55240684,9,55240684,0.177436523134021,0.213419913419913,1155,0.0539303358377973,0.0554233802477472,1,1.23939544442806
Chr14_318840241,14,318840241,0.177588215098407,0.220779220779221,1155,0.0539303358377973,0.0554223347465894,1,-0.933294575244872
Chr01_313067359,1,313067359,0.17777091470162,0.0909090909090909,1155,0.0539303358377973,0.0554210769017135,1,1.38050596914778
Chr02_91989386,2,91989386,0.177928038208033,0.297402597402597,1155,0.0539303358377973,0.0554199963367693,1,1.08531769156551
Chr15_454382771,15,454382771,0.17807388509437,0.367099567099567,1155,0.0539303358377973,0.0554189943096522,1,-0.786494935244065
Chr06_361920764,6,361920764,0.178091581818454,0.48008658008658,1155,0.0539303358377973,0.0554188727905398,1,-0.917843972368985
Chr04_246627694,4,246627694,0.178311945155273,0.112554112554113,1155,0.0539303358377973,0.0554173607771502,1,-1.76137175157072
Chr15_210182258,15,210182258,0.178531841631977,0.0493506493506494,1155,0.0539303358377973,0.0554158541192145,1,-1.98576049307701
Chr06_558752211,6,558752211,0.178552606276965,0.025974025974026,1155,0.0539303358377973,0.0554157119576277,1,-2.68122280215304
Chr21_433276674,21,433276674,0.178657827066764,0.0251082251082251,1155,0.0539303358377973,0.0554149918753031,1,2.66207167338879
Chr15_602483624,15,602483624,0.178770509759642,0.0402597402597402,1155,0.0539303358377973,0.0554142212708583,1,-1.67538769647535
Chr15_508918230,15,508918230,0.178890664048553,0.106493506493506,1155,0.0539303358377973,0.0554134001889972,1,1.72557590978533
Chr20_473861066,20,473861066,0.178896074364858,0.120779220779221,1155,0.0539303358377973,0.0554133632322714,1,-1.37197505488163
Chr06_541843167,6,541843167,0.179010163977599,0.230735930735931,1155,0.0539303358377973,0.055412584211229,1,-1.10488129393494
Chr21_43573256,21,43573256,0.17923420487199,0.0822510822510823,1155,0.0539303358377973,0.0554110560963886,1,1.64948761732936
Chr20_28185316,20,28185316,0.179310442084915,0.2004329004329,1155,0.0539303358377973,0.0554105366094348,1,-1.53318578528524
Chr06_121198997,6,121198997,0.179397693726212,0.465800865800866,1155,0.0539303358377973,0.0554099423827451,1,-0.995392703679158
Chr14_115359501,14,115359501,0.179409190949903,0.0787878787878787,1155,0.0539303358377973,0.0554098641059224,1,-2.31638065000288
Chr04_265532218,4,265532218,0.179480147111026,0.0303030303030303,1155,0.0539303358377973,0.0554093811418215,1,2.0472553269401
Chr20_593264859,20,593264859,0.179522398482576,0.0883116883116883,1155,0.0539303358377973,0.0554090936622207,1,-1.31434737179063
Chr20_632554141,20,632554141,0.179579233301269,0.0303030303030303,1155,0.0539303358377973,0.0554087070798899,1,-2.00304574974962
Chr03_287042026,3,287042026,0.179721601239947,0.0510822510822511,1155,0.0539303358377973,0.0554077393347656,1,-1.9672556046996
Chr05_324907776,5,324907776,0.17984464390318,0.0281385281385281,1155,0.0539303358377973,0.0554069036676299,1,-2.74109088271703
Chr01_43008451,1,43008451,0.180055785905582,0.0766233766233766,1155,0.0539303358377973,0.0554054711986122,1,-1.59699999849765
Chr18_362583908,18,362583908,0.180135076247119,0.0307359307359307,1155,0.0539303358377973,0.0554049337644694,1,2.58137945812034
Chr13_27001746,13,27001746,0.180233896094402,0.0238095238095238,1155,0.0539303358377973,0.0554042643415842,1,-2.7790750125786
Chr07_409736830,7,409736830,0.180260617859097,0.146320346320346,1155,0.0539303358377973,0.0554040833966857,1,-1.69723156230089
Chr08_69814405,8,69814405,0.181065441052908,0.364069264069264,1155,0.0539303358377973,0.055398648094717,1,-0.887738253255776
Chr06_413055648,6,413055648,0.18108557084961,0.361904761904762,1155,0.0539303358377973,0.0553985125088765,1,-0.788753540099179
Chr15_509740265,15,509740265,0.181122948953021,0.265367965367965,1155,0.0539303358377973,0.0553982607920134,1,1.21357433180276
Chr10_378393479,10,378393479,0.181595344726516,0.300865800865801,1155,0.0539303358377973,0.0553950846966677,1,1.21707603874506
Chr10_24688210,10,24688210,0.181695453702407,0.0722943722943723,1155,0.0539303358377973,0.0553944128558571,1,2.1819605206565
Chr03_332901753,3,332901753,0.181842915944013,0.123376623376623,1155,0.0539303358377973,0.0553934240039931,1,1.36598979616437
Chr20_437898043,20,437898043,0.181923604410722,0.317748917748918,1155,0.0539303358377973,0.0553928833169582,1,-1.09744744763253
Chr14_380341025,14,380341025,0.182096000897485,0.355411255411255,1155,0.0539303358377973,0.0553917290328414,1,-0.977675472228981
Chr21_351414747,21,351414747,0.182099513218277,0.058008658008658,1155,0.0539303358377973,0.0553917055292006,1,1.90835750638283
Chr13_277475580,13,277475580,0.182127336270518,0.3,1155,0.0539303358377973,0.0553915193623231,1,-0.927881762824967
Chr21_336117011,21,336117011,0.182280810846099,0.0787878787878787,1155,0.0539303358377973,0.0553904930406764,1,-1.25072850577499
Chr14_394047320,14,394047320,0.182306755124528,0.0212121212121212,1155,0.0539303358377973,0.0553903196440285,1,-2.70300906675706
Chr18_387481094,18,387481094,0.182346285823822,0.332034632034632,1155,0.0539303358377973,0.0553900554985722,1,-1.18107951797003
Chr20_673969272,20,673969272,0.182408574141229,0.136796536796537,1155,0.0539303358377973,0.0553896394206959,1,1.41815979762549
Chr01_231586765,1,231586765,0.182430483103141,0.412121212121212,1155,0.0539303358377973,0.0553894931108488,1,-0.964770206586195
Chr10_504234482,10,504234482,0.182646520752975,0.492207792207792,1155,0.0539303358377973,0.0553880514841446,1,3.138085203625
Chr18_537421368,18,537421368,0.182757737812045,0.49047619047619,1155,0.0539303358377973,0.0553873100999492,1,2.96860863634811
Chr04_257038987,4,257038987,0.182766473035023,0.0575757575757576,1155,0.0539303358377973,0.0553872518922396,1,-1.97543162953883
Chr01_504866704,1,504866704,0.182952972718421,0.480952380952381,1155,0.0539303358377973,0.0553860099093817,1,0.827351658540636
Chr06_85708695,6,85708695,0.18304672805768,0.393073593073593,1155,0.0539303358377973,0.0553853861063855,1,-1.23390208456419
Chr07_403223672,7,403223672,0.183087739910155,0.139393939393939,1155,0.0539303358377973,0.0553851133497733,1,1.21432496048041
Chr19_637707795,19,637707795,0.183133935650977,0.490909090909091,1155,0.0539303358377973,0.0553848062016932,1,-0.86663661577478
Chr15_505995360,15,505995360,0.183153412457308,0.131601731601732,1155,0.0539303358377973,0.0553846767304724,1,1.47707630626476
Chr12_415261422,12,415261422,0.183196605641376,0.275757575757576,1155,0.0539303358377973,0.055384389662669,1,-1.11302219741469
Chr07_280683977,7,280683977,0.183238480696949,0.0212121212121212,1155,0.0539303358377973,0.0553841114303072,1,-2.73033635041787
Chr14_20812212,14,20812212,0.183296743876945,0.293506493506493,1155,0.0539303358377973,0.0553837244323262,1,0.886416297513563
Chr21_221211928,21,221211928,0.183864921465705,0.128571428571429,1155,0.0539303358377973,0.0553799579307448,1,1.30969423342509
Chr10_472016832,10,472016832,0.183876927346207,0.11991341991342,1155,0.0539303358377973,0.0553798784885022,1,-1.52624888103182
Chr07_408636553,7,408636553,0.183966288717129,0.0493506493506494,1155,0.0539303358377973,0.0553792873784887,1,1.902537626954
Chr01_412419584,1,412419584,0.184239550583359,0.260606060606061,1155,0.0539303358377973,0.0553774818653615,1,-1.06413948141997
Chr21_335496524,21,335496524,0.184700563527763,0.019047619047619,1155,0.0539303358377973,0.0553744428708921,1,-2.91585510853267
Chr21_161979472,21,161979472,0.184766256935045,0.0541125541125541,1155,0.0539303358377973,0.0553740105378117,1,1.93035233018007
Chr12_405389833,12,405389833,0.184903413191643,0.348917748917749,1155,0.0539303358377973,0.0553731084780187,1,0.874323443991983
Chr13_15162635,13,15162635,0.185247964272677,0.145887445887446,1155,0.0539303358377973,0.0553708458343208,1,-1.35078346926954
Chr19_65491949,19,65491949,0.185313576353865,0.296536796536797,1155,0.0539303358377973,0.0553704155186625,1,1.06263503994194
Chr21_367369319,21,367369319,0.185571962204926,0.080952380952381,1155,0.0539303358377973,0.0553687226202828,1,-1.5184714569159
Chr11_16179464,11,16179464,0.185688717068433,0.353246753246753,1155,0.0539303358377973,0.0553679585618315,1,-0.924527851369049
Chr14_429490278,14,429490278,0.185716894819858,0.127705627705628,1155,0.0539303358377973,0.0553677742467751,1,-1.21801367672229
Chr01_396372529,1,396372529,0.185759946520693,0.335497835497836,1155,0.0539303358377973,0.0553674927016898,1,-0.706577414800222
Chr09_68227346,9,68227346,0.185768837129499,0.0125541125541125,1155,0.0539303358377973,0.0553674345692573,1,2.81541974455376
Chr18_511289616,18,511289616,0.185929880706699,0.27965367965368,1155,0.0539303358377973,0.0553663821240348,1,-1.05176916721837
Chr13_176516538,13,176516538,0.185938038169737,0.319047619047619,1155,0.0539303358377973,0.0553663288419355,1,1.33013434590293
Chr02_392154849,2,392154849,0.185951539410622,0.0865800865800866,1155,0.0539303358377973,0.0553662406618651,1,1.57874625388371
Chr10_339512852,10,339512852,0.186013624134558,0.236796536796537,1155,0.0539303358377973,0.055365835266412,1,1.22393070695432
Chr20_421691262,20,421691262,0.186033726053305,0.398701298701299,1155,0.0539303358377973,0.0553657040403728,1,0.714931754345315
Chr15_326337910,15,326337910,0.186052197790748,0.268398268398268,1155,0.0539303358377973,0.0553655834707516,1,-1.50353185159508
Chr14_52424052,14,52424052,0.186321466059984,0.278354978354978,1155,0.0539303358377973,0.0553638274692125,1,1.04730833347887
Chr12_276923600,12,276923600,0.186416612572413,0.0264069264069264,1155,0.0539303358377973,0.0553632076881521,1,2.65348196208076
Chr12_287638732,12,287638732,0.186416612572413,0.0264069264069264,1155,0.0539303358377973,0.0553632076881521,1,2.65348196208076
Chr12_35092236,12,35092236,0.186416612572413,0.0264069264069264,1155,0.0539303358377973,0.0553632076881521,1,2.65348196208076
Chr12_61248141,12,61248141,0.186416612572413,0.0264069264069264,1155,0.0539303358377973,0.0553632076881521,1,2.65348196208076
Chr14_244681825,14,244681825,0.18660796623733,0.0783549783549784,1155,0.0539303358377973,0.0553619623307906,1,1.8419174931839
Chr12_345419664,12,345419664,0.186719832159157,0.392207792207792,1155,0.0539303358377973,0.0553612349792758,1,-0.874286367705821
Chr09_377048783,9,377048783,0.186979905407849,0.201298701298701,1155,0.0539303358377973,0.0553595459429698,1,-1.14675786871598
Chr17_9564849,17,9564849,0.187039732811123,0.0571428571428571,1155,0.0539303358377973,0.0553591577829238,1,1.80454642163768
Chr06_367267076,6,367267076,0.187132948604958,0.0268398268398268,1155,0.0539303358377973,0.0553585532870203,1,-2.70455502567535
Chr08_303295574,8,303295574,0.187162526986712,0.45021645021645,1155,0.0539303358377973,0.055358361547177,1,-0.802582642334897
Chr02_263098004,2,263098004,0.187186755386158,0.137229437229437,1155,0.0539303358377973,0.0553582045145103,1,1.26630464617253
Chr04_105922911,4,105922911,0.187320730245187,0.125974025974026,1155,0.0539303358377973,0.055357336603942,1,1.54547946241598
Chr19_685724566,19,685724566,0.187582166117265,0.489177489177489,1155,0.0539303358377973,0.0553556450599826,1,1.21315105160198
Chr07_511179838,7,511179838,0.187612656507112,0.0337662337662338,1155,0.0539303358377973,0.0553554479596509,1,-2.57190449849813
Chr21_10228936,21,10228936,0.187612656507112,0.0337662337662338,1155,0.0539303358377973,0.0553554479596509,1,-2.57190449849813
Chr07_481466209,7,481466209,0.187720024931924,0.0203463203463203,1155,0.0539303358377973,0.0553547541902175,1,-2.80573662160207
Chr21_74390853,21,74390853,0.187899263657799,0.0502164502164502,1155,0.0539303358377973,0.055353597054375,1,-1.91709159119927
Chr01_157727345,1,157727345,0.187960648366899,0.290909090909091,1155,0.0539303358377973,0.0553532010602887,1,1.65618263947636
Chr09_59953210,9,59953210,0.187975862902396,0.104761904761905,1155,0.0539303358377973,0.0553531029342886,1,1.74815890064565
Chr19_746233598,19,746233598,0.18827809730615,0.0216450216450216,1155,0.0539303358377973,0.0553511555917334,1,-2.72675934844081
Chr13_325068659,13,325068659,0.188645061034931,0.154112554112554,1155,0.0539303358377973,0.0553487960786013,1,1.3719455313294
Chr04_225439798,4,225439798,0.189092717510869,0.00865800865800866,1155,0.0539303358377973,0.0553459249583752,1,-3.38190252245103
Chr10_14669967,10,14669967,0.189092782673046,0.038961038961039,1155,0.0539303358377973,0.0553459245410223,1,-2.01199955696376
Chr06_281383765,6,281383765,0.189127884553374,0.127705627705628,1155,0.0539303358377973,0.0553456997443932,1,1.30884084082291
Chr08_338002673,8,338002673,0.18915514724786,0.370562770562771,1155,0.0539303358377973,0.0553455251844065,1,1.19502993894525
Chr08_426429544,8,426429544,0.189502968315704,0.28961038961039,1155,0.0539303358377973,0.0553433006964543,1,-1.13978714812629
Chr17_186104894,17,186104894,0.189508108617569,0.0502164502164502,1155,0.0539303358377973,0.0553432678573922,1,-1.8467673945181
Chr17_327329929,17,327329929,0.189523452400685,0.117316017316017,1155,0.0539303358377973,0.055343169839086,1,1.69308108785677
Chr10_1897307,10,1897307,0.189753519970456,0.0285714285714286,1155,0.0539303358377973,0.0553417012430742,1,-2.52924955205245
Chr18_265238727,18,265238727,0.189819551641964,0.283549783549784,1155,0.0539303358377973,0.0553412801250639,1,-1.21172662565846
Chr19_425570762,19,425570762,0.18989886688269,0.0731601731601732,1155,0.0539303358377973,0.0553407745167563,1,1.70476835614224
Chr07_417420010,7,417420010,0.190006594402691,0.380952380952381,1155,0.0539303358377973,0.0553400881840467,1,1.23074621483624
Chr19_774682333,19,774682333,0.190043192947786,0.103463203463203,1155,0.0539303358377973,0.0553398551178031,1,1.6586896225395
Chr05_357139477,5,357139477,0.190068964742519,0.0666666666666667,1155,0.0539303358377973,0.0553396910297126,1,2.28186536645509
Chr11_27769244,11,27769244,0.190421190608708,0.0445887445887446,1155,0.0539303358377973,0.0553374510191224,1,1.56519588568835
Chr06_515282632,6,515282632,0.190438645811899,0.0285714285714286,1155,0.0539303358377973,0.0553373401370399,1,-2.65732172282941
Chr02_103517490,2,103517490,0.190511807154421,0.0606060606060606,1155,0.0539303358377973,0.055336875517432,1,-1.61927130215507
Chr21_231974909,21,231974909,0.190721903828872,0.0194805194805195,1155,0.0539303358377973,0.0553355424310575,1,-2.91022349740527
Chr08_69814385,8,69814385,0.190811359461671,0.255844155844156,1155,0.0539303358377973,0.0553349753455589,1,0.995974124515783
Chr19_275275165,19,275275165,0.190830360038923,0.294372294372294,1155,0.0539303358377973,0.0553348549352903,1,-0.946518003592075
Chr19_2332579,19,2332579,0.190863723434435,0.345887445887446,1155,0.0539303358377973,0.0553346435389815,1,-0.848686445663958
Chr08_41084735,8,41084735,0.190962054603744,0.287445887445887,1155,0.0539303358377973,0.0553340207463743,1,-1.02802120882581
Chr10_416324425,10,416324425,0.190970070398273,0.311688311688312,1155,0.0539303358377973,0.0553339699938583,1,1.16536712172865
Chr18_226481938,18,226481938,0.191386118949476,0.0294372294372294,1155,0.0539303358377973,0.0553313391659684,1,2.58877598115507
Chr11_193996552,11,193996552,0.19158775144275,0.275757575757576,1155,0.0539303358377973,0.0553300665716199,1,1.18026476903123
Chr07_294032589,7,294032589,0.191801773842751,0.295238095238095,1155,0.0539303358377973,0.055328717489637,1,-0.993129893136711
Chr09_181415140,9,181415140,0.191917011610793,0.494372294372294,1155,0.0539303358377973,0.0553279918210834,1,-3.87852594774995
Chr06_387024714,6,387024714,0.192203579246734,0.0229437229437229,1155,0.0539303358377973,0.055326189469427,1,2.766142085512
Chr10_67199861,10,67199861,0.192338959506392,0.045021645021645,1155,0.0539303358377973,0.0553253390946292,1,1.95309663228426
Chr14_75346342,14,75346342,0.192392753679871,0.0731601731601732,1155,0.0539303358377973,0.0553250013872277,1,2.23821250237685
Chr09_416113721,9,416113721,0.192449879972152,0.0502164502164502,1155,0.0539303358377973,0.0553246428823799,1,-1.94036711337695
Chr21_316361978,21,316361978,0.192489381379112,0.422510822510823,1155,0.0539303358377973,0.0553243950579638,1,0.778798394724816
Chr21_303639862,21,303639862,0.192504298005325,0.025974025974026,1155,0.0539303358377973,0.0553243014893118,1,2.60459363465847
Chr15_371353327,15,371353327,0.192657170136866,0.141558441558442,1155,0.0539303358377973,0.0553233430450398,1,-1.38188370602529
Chr07_29327187,7,29327187,0.192732823437108,0.486147186147186,1155,0.0539303358377973,0.0553228690593689,1,-2.66779170695736
Chr19_112402547,19,112402547,0.192880925073146,0.387445887445887,1155,0.0539303358377973,0.0553219417973947,1,-0.814738838567735
Chr18_92543287,18,92543287,0.193047343847014,0.0238095238095238,1155,0.0539303358377973,0.0553209008450753,1,-2.65313293144145
Chr08_365742476,8,365742476,0.193255985219019,0.0506493506493507,1155,0.0539303358377973,0.0553195972714773,1,-1.85911193998584
Chr06_55763854,6,55763854,0.193315587893359,0.37012987012987,1155,0.0539303358377973,0.0553192251813135,1,-1.17353225349086
Chr20_78921704,20,78921704,0.193423092618079,0.0683982683982684,1155,0.0539303358377973,0.05531855438538,1,-1.4861355818359
Chr01_386603727,1,386603727,0.193531820835639,0.306060606060606,1155,0.0539303358377973,0.0553178763987495,1,-1.33909483713393
Chr21_124886714,21,124886714,0.193570961081112,0.270562770562771,1155,0.0539303358377973,0.0553176324445737,1,-1.07109778616822
Chr15_478140651,15,478140651,0.193656772995508,0.0155844155844156,1155,0.0539303358377973,0.0553170977961338,1,-2.91090580768008
Chr16_329884235,16,329884235,0.194139932412886,0.467532467532468,1155,0.0539303358377973,0.0553140926528101,1,0.741706820458631
Chr13_30338183,13,30338183,0.194228203024546,0.170562770562771,1155,0.0539303358377973,0.0553135445751495,1,-1.06684874706841
Chr03_412668567,3,412668567,0.194373077201364,0.474891774891775,1155,0.0539303358377973,0.0553126456742207,1,-0.857579606373491
Chr21_219919984,21,219919984,0.194420000468905,0.13030303030303,1155,0.0539303358377973,0.0553123546975468,1,1.27789417028984
Chr05_58383344,5,58383344,0.194460001854309,0.248051948051948,1155,0.0539303358377973,0.0553121067091964,1,1.20646470918115
Chr18_95307914,18,95307914,0.1950804426236,0.152380952380952,1155,0.0539303358377973,0.0553082679222552,1,-1.17531163888506
Chr15_450788268,15,450788268,0.19516394368222,0.0264069264069264,1155,0.0539303358377973,0.0553077523770437,1,2.55079800250472
Chr12_77058163,12,77058163,0.195184616130366,0.44978354978355,1155,0.0539303358377973,0.0553076247828613,1,-0.728377740093151
Chr06_311535931,6,311535931,0.195236676165295,0.0268398268398268,1155,0.0539303358377973,0.0553073035288015,1,-2.62065237724063
Chr08_331942835,8,331942835,0.195536821993635,0.37965367965368,1155,0.0539303358377973,0.0553054533328251,1,-0.881457083462294
Chr16_142190156,16,142190156,0.195831230612958,0.453679653679654,1155,0.0539303358377973,0.0553036417334771,1,1.62804190631005
Chr11_161350995,11,161350995,0.196139112870272,0.361038961038961,1155,0.0539303358377973,0.0553017506379523,1,-0.732246433755762
Chr11_177624370,11,177624370,0.196171654937371,0.381385281385281,1155,0.0539303358377973,0.0553015509592192,1,-0.833865659645113
Chr01_382216529,1,382216529,0.196498913664318,0.0805194805194805,1155,0.0539303358377973,0.0552995450503535,1,1.40648045928049
Chr04_260934440,4,260934440,0.196739233813436,0.0142857142857143,1155,0.0539303358377973,0.0552980745186085,1,-2.98161708341154
Chr14_147584834,14,147584834,0.196857375902452,0.0779220779220779,1155,0.0539303358377973,0.0552973523732155,1,-2.12335547151042
Chr03_456836224,3,456836224,0.196990742569846,0.0748917748917749,1155,0.0539303358377973,0.0552965377780336,1,1.58740384627542
Chr14_458707005,14,458707005,0.197133296258658,0.0294372294372295,1155,0.0539303358377973,0.055295667784258,1,1.79456843675007
Chr20_201616608,20,201616608,0.197352297933368,0.0216450216450216,1155,0.0539303358377973,0.0552943326717589,1,-2.74294578708472
Chr13_1764475,13,1764475,0.197478179410452,0.3,1155,0.0539303358377973,0.0552935660399848,1,1.13789579697635
Chr14_455944955,14,455944955,0.19758145538589,0.025974025974026,1155,0.0539303358377973,0.0552929375063602,1,2.47362157183085
Chr11_197116920,11,197116920,0.197637488935736,0.0441558441558442,1155,0.0539303358377973,0.055292596649685,1,-1.94108633998367
Chr17_64410249,17,64410249,0.197668083534659,0.206060606060606,1155,0.0539303358377973,0.0552924105881059,1,1.2551380268763
Chr19_641594516,19,641594516,0.19799109133175,0.0277056277056277,1155,0.0539303358377973,0.0552904482710105,1,2.41897196643875
Chr15_465429144,15,465429144,0.198004822264502,0.00692640692640693,1155,0.0539303358377973,0.0552903649369978,1,3.6770229123757
Chr20_250205347,20,250205347,0.198049208197759,0.0238095238095238,1155,0.0539303358377973,0.0552900956020037,1,-2.59675947189851
Chr21_76863334,21,76863334,0.198089844153955,0.118181818181818,1155,0.0539303358377973,0.0552898490841154,1,-1.28519006874848
Chr20_649312057,20,649312057,0.198130632248269,0.0502164502164502,1155,0.0539303358377973,0.0552896017029945,1,1.83755298883794
Chr13_377221396,13,377221396,0.198145138243144,0.0506493506493507,1155,0.0539303358377973,0.0552895137380776,1,1.60482405695882
Chr03_472946539,3,472946539,0.198182099140801,0.0285714285714286,1155,0.0539303358377973,0.0552892896399423,1,-2.26358846110406
Chr05_399137213,5,399137213,0.198410033358875,0.180519480519481,1155,0.0539303358377973,0.055287908732653,1,-1.3973695958282
Chr16_246124609,16,246124609,0.198563430635679,0.0272727272727273,1155,0.0539303358377973,0.0552869804454681,1,2.59801207233798
Chr18_499361849,18,499361849,0.198712896383196,0.155844155844156,1155,0.0539303358377973,0.0552860767600225,1,1.34918272139313
Chr17_23805355,17,23805355,0.198723423617638,0.406926406926407,1155,0.0539303358377973,0.055286013141376,1,-1.33531290590111
Chr10_399899828,10,399899828,0.198737343978856,0.0532467532467532,1155,0.0539303358377973,0.0552859290233123,1,-1.78691898307034
Chr06_257443408,6,257443408,0.198745590252002,0.0952380952380952,1155,0.0539303358377973,0.055285879195939,1,-1.42153132197657
Chr14_294901195,14,294901195,0.198757470817921,0.153679653679654,1155,0.0539303358377973,0.0552858074129404,1,-1.68431319552656
Chr14_62503331,14,62503331,0.198849789698023,0.400865800865801,1155,0.0539303358377973,0.055285249789206,1,-0.898231010484096
Chr21_293369114,21,293369114,0.198872568028897,0.496969696969697,1155,0.0539303358377973,0.0552851122505055,1,1.4634353146464
Chr01_3735320,1,3735320,0.199056937694138,0.468398268398268,1155,0.0539303358377973,0.0552839996819389,1,1.55514934516498
Chr09_15361950,9,15361950,0.199134100440774,0.0337662337662338,1155,0.0539303358377973,0.055283534407029,1,-1.978982644293
Chr13_144725749,13,144725749,0.19922348287281,0.2995670995671,1155,0.0539303358377973,0.0552829957148332,1,1.12839448154909
Chr01_418206659,1,418206659,0.199230280497565,0.457142857142857,1155,0.0539303358377973,0.0552829547583691,1,0.69112636424299
Chr19_588449650,19,588449650,0.199442613027309,0.325974025974026,1155,0.0539303358377973,0.0552816762570203,1,-1.02156474021157
Chr17_321627070,17,321627070,0.199564801791303,0.467532467532468,1155,0.0539303358377973,0.055280941256438,1,-0.84791992634706
Chr13_65198743,13,65198743,0.199603506042816,0.104329004329004,1155,0.0539303358377973,0.0552807085495584,1,-1.2970028659476
Chr12_212160595,12,212160595,0.199650008065297,0.029004329004329,1155,0.0539303358377973,0.0552804290292247,1,2.61053611539177
Chr13_332921950,13,332921950,0.199676536570411,0.133766233766234,1155,0.0539303358377973,0.055280269602566,1,1.21960257109967
Chr06_67716786,6,67716786,0.199900945466696,0.0497835497835498,1155,0.0539303358377973,0.0552789219824544,1,-3.3787550211236
Chr07_27675813,7,27675813,0.199982848355821,0.0212121212121212,1155,0.0539303358377973,0.0552784305823802,1,-2.58507873608508
Chr18_53356570,18,53356570,0.200078554925732,0.123809523809524,1155,0.0539303358377973,0.0552778566629342,1,1.40535960442924
Chr06_64940056,6,64940056,0.200103801771579,0.0311688311688312,1155,0.0539303358377973,0.0552777053200921,1,2.60518885037951
Chr07_165519240,7,165519240,0.200127078419054,0.367965367965368,1155,0.0539303358377973,0.0552775658075477,1,-1.09771361490192
Chr16_246124611,16,246124611,0.200208973933063,0.0874458874458875,1155,0.0539303358377973,0.0552770751045341,1,1.46082376765355
Chr14_24536554,14,24536554,0.201401644455089,0.144155844155844,1155,0.0539303358377973,0.0552699554922181,1,1.33693601495514
Chr15_549946327,15,549946327,0.201403180260805,0.33030303030303,1155,0.0539303358377973,0.0552699463562891,1,0.953882804345312
Chr07_341033140,7,341033140,0.201515610516915,0.47012987012987,1155,0.0539303358377973,0.0552692777738606,1,-0.973383849073002
Chr07_42860874,7,42860874,0.201520926613308,0.151082251082251,1155,0.0539303358377973,0.0552692461718192,1,1.43951128791642
Chr10_68757726,10,68757726,0.201541351013115,0.18961038961039,1155,0.0539303358377973,0.0552691247661526,1,-1.06435538107905
Chr11_36821818,11,36821818,0.201576730855729,0.0216450216450216,1155,0.0539303358377973,0.0552689144973917,1,-2.60400037133934
Chr03_508256082,3,508256082,0.201628463913484,0.170562770562771,1155,0.0539303358377973,0.0552686071167598,1,-0.787777180087772
Chr15_531022815,15,531022815,0.201700549789564,0.111255411255411,1155,0.0539303358377973,0.0552681789612915,1,1.33139230258294
Chr06_495166793,6,495166793,0.201716562676552,0.0281385281385281,1155,0.0539303358377973,0.0552680838768971,1,2.52890570777312
Chr08_14447204,8,14447204,0.201903483211682,0.0398268398268398,1155,0.0539303358377973,0.055266974601432,1,-1.95595527184399
Chr20_28476800,20,28476800,0.201929344929805,0.0567099567099567,1155,0.0539303358377973,0.0552668212209452,1,-1.85159403571282
Chr09_421664599,9,421664599,0.201945415914316,0.0926406926406926,1155,0.0539303358377973,0.0552667259189239,1,1.053406063441
Chr05_283798624,5,283798624,0.202028360884687,0.314285714285714,1155,0.0539303358377973,0.055266234191673,1,-0.978009536906541
Chr16_179413614,16,179413614,0.20205708302662,0.0515151515151515,1155,0.0539303358377973,0.0552660639720451,1,-1.97478439575707
Chr05_372997364,5,372997364,0.202114644918179,0.0242424242424242,1155,0.0539303358377973,0.0552657229215885,1,2.66680598734993
Chr06_35964480,6,35964480,0.202206848759458,0.338528138528139,1155,0.0539303358377973,0.0552651768582322,1,0.948340430182498
Chr02_68696371,2,68696371,0.202242011298606,0.0264069264069264,1155,0.0539303358377973,0.0552649686906581,1,-2.2169679552451
Chr17_106817020,17,106817020,0.202280017266022,0.46017316017316,1155,0.0539303358377973,0.0552647437375088,1,-1.61447952908725
Chr12_28957593,12,28957593,0.202546700766961,0.0255411255411255,1155,0.0539303358377973,0.0552631666666882,1,-2.55380062544268
Chr07_445390037,7,445390037,0.202573509885632,0.0264069264069264,1155,0.0539303358377973,0.0552630082625276,1,2.48599536835451
Chr02_345116596,2,345116596,0.202585693028491,0.110822510822511,1155,0.0539303358377973,0.0552629362854643,1,-1.44998959457149
Chr19_30379616,19,30379616,0.202879014287265,0.26969696969697,1155,0.0539303358377973,0.0552612049047032,1,-0.907336138688436
Chr06_2325636,6,2325636,0.202886331587911,0.0471861471861472,1155,0.0539303358377973,0.0552611617507698,1,-1.96796357958506
Chr09_81629166,9,81629166,0.20294489405536,0.337229437229437,1155,0.0539303358377973,0.0552608164434676,1,-1.1508629977576
Chr07_517986313,7,517986313,0.202970344883739,0.335064935064935,1155,0.0539303358377973,0.0552606664120096,1,-0.79893979479661
Chr15_69761749,15,69761749,0.20325405400322,0.466233766233766,1155,0.0539303358377973,0.0552589954601213,1,-1.37799377573685
Chr03_434603093,3,434603093,0.203268171428998,0.402597402597403,1155,0.0539303358377973,0.0552589123850404,1,0.833516053028802
Chr02_73517094,2,73517094,0.203382602389371,0.025974025974026,1155,0.0539303358377973,0.0552582392582369,1,2.49700949156603
Chr04_260934444,4,260934444,0.203546211374464,0.0731601731601732,1155,0.0539303358377973,0.0552572776228737,1,1.48531430993258
Chr11_88660129,11,88660129,0.203662685192244,0.297835497835498,1155,0.0539303358377973,0.0552565935866186,1,-0.982238522731905
Chr15_493025328,15,493025328,0.20397911676427,0.0536796536796537,1155,0.0539303358377973,0.0552547375508413,1,1.69564241342664
Chr20_14081853,20,14081853,0.204107856918576,0.190909090909091,1155,0.0539303358377973,0.0552539833948421,1,1.10809234249169
Chr13_282529292,13,282529292,0.204701185802406,0.49047619047619,1155,0.0539303358377973,0.0552505149330123,1,-3.13298216684143
Chr18_250161377,18,250161377,0.204874705334531,0.029004329004329,1155,0.0539303358377973,0.0552495028208276,1,2.43282746167763
Chr20_20323852,20,20323852,0.205064636536792,0.380519480519481,1155,0.0539303358377973,0.0552483961416197,1,1.16512599649116
Chr19_773638153,19,773638153,0.205065842830391,0.0545454545454545,1155,0.0539303358377973,0.0552483891167321,1,1.72941590608076
Chr01_389466344,1,389466344,0.205100958137404,0.054978354978355,1155,0.0539303358377973,0.0552481846430679,1,1.53538257647753
Chr03_5067480,3,5067480,0.205147213661632,0.183982683982684,1155,0.0539303358377973,0.0552479153638894,1,-1.23408672727956
Chr20_291863557,20,291863557,0.20537813221679,0.122510822510823,1155,0.0539303358377973,0.0552465721301023,1,1.49348887967221
Chr13_115309120,13,115309120,0.20538741839636,0.3004329004329,1155,0.0539303358377973,0.0552465181504913,1,1.23794257132533
Chr14_3867898,14,3867898,0.205483787950637,0.0722943722943723,1155,0.0539303358377973,0.0552459581343249,1,1.23025489188797
Chr07_434058105,7,434058105,0.205711011588164,0.217748917748918,1155,0.0539303358377973,0.0552446389352553,1,-1.22547827077869
Chr04_229204662,4,229204662,0.205711906270468,0.0770562770562771,1155,0.0539303358377973,0.0552446337443752,1,1.37488679006213
Chr07_185732619,7,185732619,0.205742745760041,0.490909090909091,1155,0.0539303358377973,0.0552444548322456,1,0.997564958940529
Chr01_246891827,1,246891827,0.205947169468047,0.376623376623377,1155,0.0539303358377973,0.0552432696897868,1,-0.82744241333765
Chr15_521034860,15,521034860,0.206133708459373,0.0965367965367965,1155,0.0539303358377973,0.0552421894461199,1,-1.35960905697543
Chr04_132018372,4,132018372,0.206201201329326,0.0515151515151515,1155,0.0539303358377973,0.0552417988808507,1,1.86997791085366
Chr20_502224954,20,502224954,0.206479434193056,0.315584415584416,1155,0.0539303358377973,0.0552401904071881,1,-0.928184227970661
Chr13_150830361,13,150830361,0.206562538585044,0.0952380952380952,1155,0.0539303358377973,0.0552397104748086,1,-1.43867339932305
Chr04_16906087,4,16906087,0.206564449793634,0.286147186147186,1155,0.0539303358377973,0.0552396994401598,1,0.972307564807011
Chr05_372179369,5,372179369,0.20673237979288,0.0255411255411255,1155,0.0539303358377973,0.0552387303423247,1,-2.58620309866778
Chr20_339143691,20,339143691,0.206815502714144,0.398701298701299,1155,0.0539303358377973,0.0552382509972857,1,-1.11972222323516
Chr11_6880046,11,6880046,0.206826320657084,0.318614718614719,1155,0.0539303358377973,0.0552381886301986,1,1.1306022343212
Chr10_370599944,10,370599944,0.207193842196923,0.318614718614719,1155,0.0539303358377973,0.0552360721018091,1,-1.15843846431903
Chr02_79561969,2,79561969,0.20728175194839,0.411255411255411,1155,0.0539303358377973,0.0552355664944394,1,1.14411048791703
Chr14_98096901,14,98096901,0.207356450760426,0.155411255411255,1155,0.0539303358377973,0.0552351370682831,1,-1.59067343599691
Chr17_212345421,17,212345421,0.207505196408657,0.419480519480519,1155,0.0539303358377973,0.0552342825089042,1,1.20416030665302
Chr02_172007669,2,172007669,0.207534543555491,0.154978354978355,1155,0.0539303358377973,0.055234113992074,1,1.25298770000452
Chr19_99838811,19,99838811,0.207802297906116,0.0229437229437229,1155,0.0539303358377973,0.0552325777974997,1,2.56978237228714
Chr21_350510470,21,350510470,0.207838316961058,0.183116883116883,1155,0.0539303358377973,0.0552323713231408,1,-1.28687510728207
Chr04_261635828,4,261635828,0.207983676878721,0.398268398268398,1155,0.0539303358377973,0.0552315384972495,1,-0.95337585226406
Chr13_96002039,13,96002039,0.20807510204634,0.303030303030303,1155,0.0539303358377973,0.0552310150382944,1,-0.891374345560251
Chr18_408897746,18,408897746,0.208301039980289,0.335930735930736,1155,0.0539303358377973,0.0552297225875099,1,1.13870676638351
Chr18_127947736,18,127947736,0.208491609281085,0.061038961038961,1155,0.0539303358377973,0.0552286337485915,1,-1.7221726004168
Chr02_339433164,2,339433164,0.208656751711999,0.0251082251082251,1155,0.0539303358377973,0.0552276911417372,1,-2.56370870917419
Chr05_425228185,5,425228185,0.208735109582329,0.298701298701299,1155,0.0539303358377973,0.0552272441964637,1,-0.804849641195858
Chr15_606860022,15,606860022,0.208786205731998,0.131168831168831,1155,0.0539303358377973,0.0552269528562912,1,1.35542427082254
Chr02_425492736,2,425492736,0.208832217445036,0.394372294372294,1155,0.0539303358377973,0.05522669057884,1,0.723411490951264
Chr13_337047479,13,337047479,0.209150462690592,0.15974025974026,1155,0.0539303358377973,0.0552248783793161,1,1.12804461482392
Chr02_426732298,2,426732298,0.209596485747891,0.0233766233766234,1155,0.0539303358377973,0.0552223440597197,1,-2.42802459082003
Chr06_42850784,6,42850784,0.209602916819316,0.473160173160173,1155,0.0539303358377973,0.0552223075648961,1,0.609913342571417
Chr08_343721729,8,343721729,0.209688097815636,0.474458874458874,1155,0.0539303358377973,0.0552218243078242,1,0.744342774092331
Chr08_55726242,8,55726242,0.209866161132568,0.0233766233766234,1155,0.0539303358377973,0.0552208148530933,1,-2.58292486933543
Chr19_745254694,19,745254694,0.209935034792689,0.396536796536797,1155,0.0539303358377973,0.055220424675287,1,-1.16157859417348
Chr17_32868853,17,32868853,0.209950349610093,0.458874458874459,1155,0.0539303358377973,0.0552203379355803,1,1.52213092445538
Chr20_568335376,20,568335376,0.210023088542349,0.212987012987013,1155,0.0539303358377973,0.0552199260609133,1,1.11171277438433
Chr21_275730854,21,275730854,0.210350918606133,0.0255411255411255,1155,0.0539303358377973,0.0552180718631118,1,2.6065255006349
Chr11_204381496,11,204381496,0.210363511092739,0.157575757575758,1155,0.0539303358377973,0.0552180007087171,1,-1.31786897475723
Chr20_365633643,20,365633643,0.210518705861786,0.0813852813852814,1155,0.0539303358377973,0.0552171241885285,1,-1.56425733249063
Chr21_33068438,21,33068438,0.210666416135317,0.083982683982684,1155,0.0539303358377973,0.0552162906514929,1,-1.41171441463483
Chr14_90055949,14,90055949,0.210743045208172,0.354978354978355,1155,0.0539303358377973,0.0552158585026165,1,0.992865825927169
Chr08_349296889,8,349296889,0.21075121938887,0.128138528138528,1155,0.0539303358377973,0.0552158124154131,1,1.35592119294654
Chr20_209819618,20,209819618,0.210755673624689,0.0138528138528139,1155,0.0539303358377973,0.0552157873026837,1,-2.89327524298122
Chr17_111021772,17,111021772,0.210814639527499,0.473593073593074,1155,0.0539303358377973,0.0552154549156166,1,-1.90425033623933
Chr02_163115382,2,163115382,0.211135629724341,0.148917748917749,1155,0.0539303358377973,0.0552136474469865,1,1.22163625968781
Chr12_56287010,12,56287010,0.211276011991848,0.499134199134199,1155,0.0539303358377973,0.05521285799106,1,-7.13634163589813
Chr10_447092870,10,447092870,0.211312628485936,0.0554112554112554,1155,0.0539303358377973,0.0552126521763471,1,1.57157966498008
Chr14_127546956,14,127546956,0.211430733701247,0.188744588744589,1155,0.0539303358377973,0.0552119886166093,1,-1.42851714113846
Chr18_2131664,18,2131664,0.211431268826175,0.0774891774891775,1155,0.0539303358377973,0.0552119856110765,1,-1.38241566251489
Chr11_17021394,11,17021394,0.211606919021403,0.0242424242424242,1155,0.0539303358377973,0.0552109995583105,1,2.56128971812441
Chr18_475719714,18,475719714,0.211653201574746,0.311255411255411,1155,0.0539303358377973,0.0552107399023168,1,-0.90781506559037
Chr20_9581537,20,9581537,0.211653568070709,0.0268398268398268,1155,0.0539303358377973,0.0552107378464574,1,2.4836509329033
Chr16_352718604,16,352718604,0.211807498031096,0.249350649350649,1155,0.0539303358377973,0.0552098747497527,1,0.944970919371258
Chr06_513707695,6,513707695,0.212213708027029,0.443722943722944,1155,0.0539303358377973,0.055207600672292,1,-1.41311906740589
Chr16_93076822,16,93076822,0.21227959541237,0.147186147186147,1155,0.0539303358377973,0.0552072323035955,1,1.18974960508822
Chr01_258644041,1,258644041,0.212399616960187,0.396103896103896,1155,0.0539303358377973,0.0552065616260538,1,-0.81511097666052
Chr07_275566671,7,275566671,0.212776977576199,0.0220779220779221,1155,0.0539303358377973,0.0552044558740292,1,2.53725325914969
Chr21_247837960,21,247837960,0.212801341412673,0.025974025974026,1155,0.0539303358377973,0.0552043200712153,1,2.50858352350318
Chr03_435757654,3,435757654,0.212904817324706,0.0311688311688312,1155,0.0539303358377973,0.0552037435074516,1,-2.4078660448188
Chr06_314742845,6,314742845,0.21320889935621,0.457575757575758,1155,0.0539303358377973,0.0552020511000135,1,0.814874985908347
Chr13_2610378,13,2610378,0.213463830717168,0.296969696969697,1155,0.0539303358377973,0.0552006344568349,1,1.09756115619035
Chr16_336164496,16,336164496,0.213531696084071,0.419047619047619,1155,0.0539303358377973,0.0552002576707973,1,0.702232938041476
Chr04_217742425,4,217742425,0.213629832727531,0.135064935064935,1155,0.0539303358377973,0.0551997130715333,1,-1.41589814613781
Chr20_560786706,20,560786706,0.213645202047237,0.0238095238095238,1155,0.0539303358377973,0.0551996278080157,1,2.56552152863604
Chr08_49774530,8,49774530,0.213848028907443,0.0471861471861472,1155,0.0539303358377973,0.0551985032796886,1,-1.7719460360986
Chr07_294566380,7,294566380,0.213944975551401,0.324242424242424,1155,0.0539303358377973,0.0551979662286688,1,-1.07477487157843
Chr05_4918065,5,4918065,0.213971621474606,0.0744588744588745,1155,0.0539303358377973,0.0551978186701523,1,1.42303324619735
Chr20_428311839,20,428311839,0.214039627551498,0.00822510822510823,1155,0.0539303358377973,0.0551974421684258,1,3.37339412978639
Chr12_29752706,12,29752706,0.214081790776561,0.0303030303030303,1155,0.0539303358377973,0.055197208811827,1,2.52772410289936
Chr08_299833312,8,299833312,0.214384103510828,0.354545454545455,1155,0.0539303358377973,0.0551955372317946,1,-0.843330308238649
Chr05_1153145,5,1153145,0.214564519956975,0.022077922077922,1155,0.0539303358377973,0.0551945409898141,1,-2.2405663746672
Chr14_263062794,14,263062794,0.214572968071256,0.0225108225108225,1155,0.0539303358377973,0.0551944943645877,1,-2.5290417942612
Chr12_248541693,12,248541693,0.214924418059489,0.0264069264069264,1155,0.0539303358377973,0.055192556642816,1,2.34004031480163
Chr12_296108718,12,296108718,0.214968879361635,0.0298701298701299,1155,0.0539303358377973,0.0551923117739583,1,2.52438539991783
Chr18_387725628,18,387725628,0.214984169214027,0.106493506493507,1155,0.0539303358377973,0.0551922275796363,1,-1.18923111445179
Chr13_9190113,13,9190113,0.214987867284436,0.234632034632035,1155,0.0539303358377973,0.0551922072171026,1,1.17387007584648
Chr06_209451124,6,209451124,0.215061177556535,0.43030303030303,1155,0.0539303358377973,0.0551918036377852,1,-0.912911546296982
Chr13_326465238,13,326465238,0.215073129010967,0.303463203463203,1155,0.0539303358377973,0.0551917378595366,1,0.99511647715633
Chr13_244437679,13,244437679,0.215145962501325,0.025974025974026,1155,0.0539303358377973,0.0551913370936475,1,2.39277141909361
Chr16_102995470,16,102995470,0.215377366454694,0.0727272727272728,1155,0.0539303358377973,0.0551900648659955,1,1.47146867983724
Chr11_23279872,11,23279872,0.215406745631197,0.0445887445887446,1155,0.0539303358377973,0.0551899034597236,1,1.71110166691325
Chr21_162355864,21,162355864,0.215494709899529,0.0255411255411255,1155,0.0539303358377973,0.0551894203495358,1,2.50513663453862
Chr15_550781038,15,550781038,0.215690840386006,0.291774891774892,1155,0.0539303358377973,0.0551883440229599,1,-0.929594203308966
Chr11_181064197,11,181064197,0.215882424126752,0.0242424242424242,1155,0.0539303358377973,0.0551872937732554,1,2.494341989529
Chr10_42069490,10,42069490,0.215887790312736,0.0688311688311688,1155,0.0539303358377973,0.0551872643721611,1,-1.47201812110984
Chr11_35529984,11,35529984,0.215918339789719,0.138961038961039,1155,0.0539303358377973,0.0551870970095186,1,0.957038085786166
Chr15_581195769,15,581195769,0.216507913682781,0.0303030303030303,1155,0.0539303358377973,0.0551838725973541,1,1.73105601691121
Chr21_187723406,21,187723406,0.216677283963224,0.0246753246753247,1155,0.0539303358377973,0.0551829482368689,1,2.51854803677527
Chr04_16906138,4,16906138,0.216689756035663,0.0233766233766234,1155,0.0539303358377973,0.0551828802029581,1,-2.51072715662104
Chr13_49241742,13,49241742,0.217040906701382,0.301731601731602,1155,0.0539303358377973,0.0551809666254026,1,0.977924036152928
Chr05_402137083,5,402137083,0.217090281395144,0.0714285714285714,1155,0.0539303358377973,0.055180697856643,1,1.46737295981666
Chr06_183338629,6,183338629,0.217388630753949,0.110822510822511,1155,0.0539303358377973,0.0551790753563337,1,1.25126535184705
Chr15_265284999,15,265284999,0.217591791756211,0.410822510822511,1155,0.0539303358377973,0.0551779720344052,1,-1.2935123524062
Chr03_446321557,3,446321557,0.217887442711601,0.112121212121212,1155,0.0539303358377973,0.055176368614485,1,1.73696052714101
Chr02_8306081,2,8306081,0.217937092007679,0.0857142857142857,1155,0.0539303358377973,0.0551760996034067,1,-1.53650238683534
Chr17_293056418,17,293056418,0.21794360166149,0.323376623376623,1155,0.0539303358377973,0.0551760643380583,1,1.00433162520284
Chr10_416706805,10,416706805,0.218026806879979,0.114718614718615,1155,0.0539303358377973,0.0551756136934716,1,-1.06018610813352
Chr19_641594491,19,641594491,0.218057869266479,0.0233766233766234,1155,0.0539303358377973,0.0551754455102962,1,-2.51856723806117
Chr18_17974509,18,17974509,0.218178458213135,0.0173160173160173,1155,0.0539303358377973,0.055174792868355,1,-2.25336012879266
Chr02_402743941,2,402743941,0.218411792533975,0.262770562770563,1155,0.0539303358377973,0.0551735312568586,1,-1.17599039705317
Chr01_501841375,1,501841375,0.218571367685396,0.164069264069264,1155,0.0539303358377973,0.0551726693789245,1,-1.09067175513093
Chr08_54704362,8,54704362,0.218805887122344,0.0255411255411255,1155,0.0539303358377973,0.055171404083874,1,-2.42875165449118
Chr05_199035448,5,199035448,0.218835163827551,0.0476190476190476,1155,0.0539303358377973,0.055171246241961,1,1.77012574296835
Chr09_383461464,9,383461464,0.218947547276741,0.319047619047619,1155,0.0539303358377973,0.0551706405739898,1,1.03947828243793
Chr16_120279368,16,120279368,0.21898080725445,0.0714285714285714,1155,0.0539303358377973,0.0551704613972546,1,1.45732160378975
Chr14_405404915,14,405404915,0.219098973928686,0.0216450216450216,1155,0.0539303358377973,0.0551698250776338,1,-2.47960962264008
Chr07_227234492,7,227234492,0.219396739316475,0.0207792207792208,1155,0.0539303358377973,0.0551682234478605,1,2.59217162312629
Chr07_285666020,7,285666020,0.219396739316475,0.0207792207792208,1155,0.0539303358377973,0.0551682234478605,1,2.59217162312629
Chr07_315344001,7,315344001,0.219396739316475,0.0207792207792208,1155,0.0539303358377973,0.0551682234478605,1,2.59217162312629
Chr20_589973587,20,589973587,0.219397934481835,0.457142857142857,1155,0.0539303358377973,0.0551682170245031,1,-0.810021755812755
Chr01_273530601,1,273530601,0.219551321078223,0.0316017316017316,1155,0.0539303358377973,0.0551673930026521,1,-2.34778467068554
Chr13_311065621,13,311065621,0.219679062682326,0.0554112554112554,1155,0.0539303358377973,0.0551667072755274,1,1.72138959050258
Chr13_73044402,13,73044402,0.219703947877518,0.121645021645022,1155,0.0539303358377973,0.0551665737452873,1,-1.42511004519179
Chr14_306306313,14,306306313,0.219717378213279,0.0731601731601732,1155,0.0539303358377973,0.0551665016876197,1,-1.48519362386625
Chr03_2940468,3,2940468,0.219728878509173,0.434199134199134,1155,0.0539303358377973,0.0551664399893684,1,1.39915223779724
Chr12_326020700,12,326020700,0.219763067956753,0.277056277056277,1155,0.0539303358377973,0.0551662565882525,1,0.964223083698641
Chr04_245582637,4,245582637,0.219921952016988,0.0251082251082251,1155,0.0539303358377973,0.0551654047400789,1,2.42315052176218
Chr06_204849074,6,204849074,0.219986350363298,0.029004329004329,1155,0.0539303358377973,0.0551650596814084,1,-2.51628215196445
Chr14_268951015,14,268951015,0.220157184871612,0.0930735930735931,1155,0.0539303358377973,0.0551641449022872,1,-1.34677652104644
Chr13_5650234,13,5650234,0.220423596738206,0.237662337662338,1155,0.0539303358377973,0.0551627200214383,1,1.13060895401668
Chr21_402922084,21,402922084,0.220534015883742,0.44978354978355,1155,0.0539303358377973,0.055162130057853,1,-0.841219383484912
Chr20_612639703,20,612639703,0.220550867719902,0.0489177489177489,1155,0.0539303358377973,0.0551620400504733,1,1.77913417763749
Chr18_269076993,18,269076993,0.220561601748912,0.0930735930735931,1155,0.0539303358377973,0.0551619827232174,1,1.68271959589472
Chr10_56175024,10,56175024,0.220563818632572,0.229004329004329,1155,0.0539303358377973,0.0551619708839157,1,1.03199570517188
Chr18_496459005,18,496459005,0.220613936114687,0.0497835497835498,1155,0.0539303358377973,0.0551617032687244,1,-1.76807413632081
Chr15_452606775,15,452606775,0.220856130573062,0.284415584415584,1155,0.0539303358377973,0.0551604110333698,1,-1.03112295317507
Chr04_173067349,4,173067349,0.220913779121804,0.16017316017316,1155,0.0539303358377973,0.0551601036977281,1,-1.27333232968749
Chr19_665991598,19,665991598,0.221102921941293,0.0264069264069264,1155,0.0539303358377973,0.0551590960141394,1,-2.38654747094188
Chr03_48001230,3,48001230,0.221464318775712,0.396103896103896,1155,0.0539303358377973,0.0551571734902481,1,0.805326519526034
Chr07_516523585,7,516523585,0.221667223201503,0.477056277056277,1155,0.0539303358377973,0.0551560957444545,1,-1.03181863987686
Chr13_8295060,13,8295060,0.221678713573963,0.301731601731602,1155,0.0539303358377973,0.0551560347476094,1,1.10643289682776
Chr06_234567188,6,234567188,0.221705928363248,0.334632034632035,1155,0.0539303358377973,0.0551558902925268,1,-0.942417366435677
Chr13_162005506,13,162005506,0.221811325415542,0.316883116883117,1155,0.0539303358377973,0.0551553310491969,1,1.22843214860598
Chr05_357122614,5,357122614,0.222324806121656,0.0688311688311688,1155,0.0539303358377973,0.0551526110334555,1,-1.45423734215495
Chr19_698018736,19,698018736,0.222387834119849,0.146320346320346,1155,0.0539303358377973,0.0551522776794469,1,1.49178347338551
Chr17_281917819,17,281917819,0.222453134305911,0.378354978354978,1155,0.0539303358377973,0.0551519324272457,1,-0.952600306154352
Chr07_419826879,7,419826879,0.222805754921081,0.0212121212121212,1155,0.0539303358377973,0.0551500701636207,1,-2.53398791739723
Chr05_342865556,5,342865556,0.222998661079509,0.470562770562771,1155,0.0539303358377973,0.0551490528797844,1,0.664655933555395
Chr06_445233106,6,445233106,0.223171001251699,0.0216450216450216,1155,0.0539303358377973,0.0551481449417599,1,2.50482806639872
Chr06_543841783,6,543841783,0.223218825884741,0.116017316017316,1155,0.0539303358377973,0.055147893136708,1,1.2712885193659
Chr02_92668821,2,92668821,0.223250413472727,0.0225108225108225,1155,0.0539303358377973,0.0551477268580044,1,2.3042450898218
Chr06_400888982,6,400888982,0.223270289945036,0.0316017316017316,1155,0.0539303358377973,0.0551476222416829,1,2.49444320417516
Chr09_436692517,9,436692517,0.223328149875516,0.0727272727272727,1155,0.0539303358377973,0.0551473177696493,1,1.42695256368084
Chr10_37722527,10,37722527,0.223586120859237,0.179220779220779,1155,0.0539303358377973,0.0551459614181568,1,0.973281769472194
Chr02_327228376,2,327228376,0.223638719441758,0.261904761904762,1155,0.0539303358377973,0.0551456850973777,1,-0.954285063994149
Chr01_495036871,1,495036871,0.223697003745551,0.474891774891775,1155,0.0539303358377973,0.0551453789983198,1,-0.786798687796079
Chr15_201840460,15,201840460,0.223848495332904,0.267099567099567,1155,0.0539303358377973,0.0551445838380394,1,-1.36270594987053
Chr10_509867308,10,509867308,0.223879617816568,0.44025974025974,1155,0.0539303358377973,0.0551444205599716,1,0.609096989785712
Chr04_139265872,4,139265872,0.224044644995691,0.177056277056277,1155,0.0539303358377973,0.0551435552316886,1,1.06832395823648
Chr16_151928585,16,151928585,0.224143466278347,0.497835497835498,1155,0.0539303358377973,0.0551430374233393,1,5.23901134676271
Chr04_44026827,4,44026827,0.22427019663828,0.0255411255411255,1155,0.0539303358377973,0.0551423737764791,1,-2.41253837480576
Chr02_79695223,2,79695223,0.224353377245148,0.280519480519481,1155,0.0539303358377973,0.0551419384304999,1,-0.844560753737028
Chr06_524746973,6,524746973,0.224471933074759,0.36969696969697,1155,0.0539303358377973,0.0551413182743651,1,-1.05791302652432
Chr21_279983208,21,279983208,0.224646151980639,0.0597402597402597,1155,0.0539303358377973,0.0551404076620822,1,-1.40351252529977
Chr10_502602653,10,502602653,0.224693706051694,0.0203463203463203,1155,0.0539303358377973,0.0551401592523959,1,-2.56876190452846
Chr12_122371060,12,122371060,0.224760512328763,0.4995670995671,1155,0.0539303358377973,0.0551398103809494,1,-8.01228599775277
Chr18_514508830,18,514508830,0.224980465333871,0.336796536796537,1155,0.0539303358377973,0.055138662635636,1,-0.955987781372642
Chr14_9457147,14,9457147,0.224982332522098,0.0281385281385281,1155,0.0539303358377973,0.0551386528981568,1,1.8404156907072
Chr17_17002228,17,17002228,0.225035060979345,0.367099567099567,1155,0.0539303358377973,0.0551383779566917,1,-0.906876097436168
Chr20_533106594,20,533106594,0.225291663087797,0.376190476190476,1155,0.0539303358377973,0.0551370410623552,1,1.2957716246857
Chr11_372302,11,372302,0.225475316567723,0.434199134199134,1155,0.0539303358377973,0.0551360853520145,1,-0.714899673902721
Chr19_76865217,19,76865217,0.225975191139109,0.41038961038961,1155,0.0539303358377973,0.0551334887954693,1,-0.724566935001292
Chr16_286125646,16,286125646,0.226027587823818,0.198268398268398,1155,0.0539303358377973,0.0551332170249856,1,-1.04260070844566
Chr12_263069745,12,263069745,0.226115916021073,0.377056277056277,1155,0.0539303358377973,0.0551327590567404,1,-0.796298989050058
Chr11_372292,11,372292,0.226366301863353,0.465367965367965,1155,0.0539303358377973,0.0551314620121749,1,0.689888075000056
Chr15_523188371,15,523188371,0.226446567957427,0.447619047619048,1155,0.0539303358377973,0.0551310465841132,1,-0.68155860064212
Chr18_93106571,18,93106571,0.226570050715583,0.102164502164502,1155,0.0539303358377973,0.0551304078279115,1,-1.30864606159957
Chr17_27063510,17,27063510,0.226773314671932,0.183549783549784,1155,0.0539303358377973,0.055129357287696,1,-1.03363475758508
Chr07_492704773,7,492704773,0.226875876102876,0.277922077922078,1155,0.0539303358377973,0.0551288276435956,1,-1.18223700386909
Chr15_561672612,15,561672612,0.22713897282926,0.104761904761905,1155,0.0539303358377973,0.0551274702847241,1,-1.24185489206815
Chr11_12260903,11,12260903,0.227321784679024,0.100865800865801,1155,0.0539303358377973,0.0551265282418233,1,1.5125924221424
Chr15_449827588,15,449827588,0.227430210326224,0.0298701298701299,1155,0.0539303358377973,0.0551259699470164,1,2.38305065540268
Chr19_171320435,19,171320435,0.228132284684555,0.0766233766233766,1155,0.0539303358377973,0.0551223626294371,1,-1.46523472958361
Chr08_414431552,8,414431552,0.228219157859981,0.016017316017316,1155,0.0539303358377973,0.0551219171969617,1,2.29722768955844
Chr10_477771461,10,477771461,0.228334582013616,0.118614718614719,1155,0.0539303358377973,0.0551213256882935,1,-1.37678576873986
Chr18_218774061,18,218774061,0.228366853352284,0.0735930735930736,1155,0.0539303358377973,0.0551211603733079,1,-1.51288327948103
Chr02_79929208,2,79929208,0.22840562637724,0.13982683982684,1155,0.0539303358377973,0.0551209617896151,1,1.24505071133322
Chr20_39909580,20,39909580,0.228887767288961,0.0233766233766234,1155,0.0539303358377973,0.0551184957964278,1,-2.27376286191702
Chr01_404820852,1,404820852,0.22893787021432,0.362337662337662,1155,0.0539303358377973,0.0551182398953109,1,0.74533706061635
Chr14_357576634,14,357576634,0.228997232167253,0.333333333333333,1155,0.0539303358377973,0.0551179367909542,1,0.85505088372895
Chr01_137756091,1,137756091,0.229103675012628,0.352813852813853,1155,0.0539303358377973,0.055117393526812,1,1.07195837470556
Chr02_350188656,2,350188656,0.229201499815683,0.287878787878788,1155,0.0539303358377973,0.0551168945156779,1,0.911122288134663
Chr07_501843647,7,501843647,0.229266422159664,0.0238095238095238,1155,0.0539303358377973,0.0551165634839555,1,-2.41493705292896
Chr13_19296238,13,19296238,0.229310430447394,0.419480519480519,1155,0.0539303358377973,0.0551163391548898,1,0.798359096124244
Chr19_598373417,19,598373417,0.229348702988102,0.34978354978355,1155,0.0539303358377973,0.0551161441055639,1,-1.16822708299321
Chr20_520189506,20,520189506,0.229497179421537,0.362337662337662,1155,0.0539303358377973,0.0551153877924825,1,-0.954493968692674
Chr04_220417527,4,220417527,0.229524139796999,0.0757575757575758,1155,0.0539303358377973,0.0551152505243026,1,1.557550553938
Chr21_66748924,21,66748924,0.229547295737632,0.270995670995671,1155,0.0539303358377973,0.055115132641836,1,-0.937695141413911
Chr10_384158003,10,384158003,0.229586675411738,0.3995670995671,1155,0.0539303358377973,0.0551149322003617,1,-1.39023396382856
Chr14_397349378,14,397349378,0.229684972552747,0.0251082251082251,1155,0.0539303358377973,0.0551144320513783,1,2.32441776931482
Chr13_54486768,13,54486768,0.229755937559697,0.0199134199134199,1155,0.0539303358377973,0.0551140711323254,1,-2.59862961696848
Chr04_209084404,4,209084404,0.22986991568999,0.18008658008658,1155,0.0539303358377973,0.0551134917351811,1,-1.19156110261258
Chr05_365758945,5,365758945,0.229946290418791,0.025974025974026,1155,0.0539303358377973,0.0551131036852083,1,-2.32159784493307
Chr02_343055305,2,343055305,0.229986402244934,0.456709956709957,1155,0.0539303358377973,0.0551128999445318,1,0.724338632380949
Chr18_6537483,18,6537483,0.230120341051147,0.487012987012987,1155,0.0539303358377973,0.0551122199372233,1,-2.53587082879403
Chr10_20207914,10,20207914,0.230283551833522,0.352813852813853,1155,0.0539303358377973,0.0551113919610704,1,0.712119344308007
Chr09_22669350,9,22669350,0.230359503279803,0.0458874458874459,1155,0.0539303358377973,0.0551110068970416,1,-1.82024436780988
Chr15_418040717,15,418040717,0.230425083616652,0.0359307359307359,1155,0.0539303358377973,0.0551106745363924,1,-1.9130012729247
Chr11_125496726,11,125496726,0.230457098788822,0.434632034632035,1155,0.0539303358377973,0.0551105123251932,1,-1.22529883573242
Chr18_531594568,18,531594568,0.230504914653956,0.278787878787879,1155,0.0539303358377973,0.0551102701072803,1,0.833862802825138
Chr05_269372528,5,269372528,0.230531164809814,0.0242424242424242,1155,0.0539303358377973,0.0551101371592408,1,2.50832397647957
Chr13_98055231,13,98055231,0.230580653864123,0.0515151515151515,1155,0.0539303358377973,0.0551098865638169,1,1.80395162231616
Chr08_198381302,8,198381302,0.230682578905419,0.356709956709957,1155,0.0539303358377973,0.0551093706551308,1,1.20231675811544
Chr18_340673468,18,340673468,0.230743694073474,0.44978354978355,1155,0.0539303358377973,0.0551090614435541,1,-0.753203999329344
Chr10_339512856,10,339512856,0.230974148750874,0.129437229437229,1155,0.0539303358377973,0.0551078963488546,1,-1.40344575178159
Chr19_87212581,19,87212581,0.231047747533484,0.290909090909091,1155,0.0539303358377973,0.0551075245558477,1,-0.928700517588766
Chr04_143959487,4,143959487,0.231092026408532,0.283116883116883,1155,0.0539303358377973,0.0551073009447103,1,-1.12315465683662
Chr18_101237328,18,101237328,0.231135341064193,0.0229437229437229,1155,0.0539303358377973,0.0551070822529773,1,-2.25969995459081
Chr03_467907085,3,467907085,0.231289608611221,0.0813852813852814,1155,0.0539303358377973,0.0551063037719597,1,-2.09656513791629
Chr02_345116594,2,345116594,0.231435495653271,0.0264069264069264,1155,0.0539303358377973,0.0551055681580421,1,-2.40882765062216
Chr20_480802185,20,480802185,0.231457610796575,0.33982683982684,1155,0.0539303358377973,0.0551054566945595,1,-0.852557993027887
Chr01_427755011,1,427755011,0.231481990830781,0.462337662337662,1155,0.0539303358377973,0.0551053338306067,1,-0.674301043441005
Chr14_9394970,14,9394970,0.231590657437244,0.409090909090909,1155,0.0539303358377973,0.0551047863917925,1,-1.1239701508764
Chr17_17002220,17,17002220,0.231692762857265,0.303463203463203,1155,0.0539303358377973,0.0551042722894166,1,0.855231913517116
Chr21_317772213,21,317772213,0.231905818096099,0.0203463203463203,1155,0.0539303358377973,0.0551032004336451,1,2.51935631024186
Chr10_169871202,10,169871202,0.231952402564478,0.254112554112554,1155,0.0539303358377973,0.0551029662311484,1,0.947336199882471
Chr14_45832869,14,45832869,0.232216668646598,0.0727272727272727,1155,0.0539303358377973,0.0551016387132898,1,-1.42164873719256
Chr12_86634844,12,86634844,0.232230124732886,0.0523809523809524,1155,0.0539303358377973,0.0551015711666432,1,1.77826023825611
Chr07_417420012,7,417420012,0.232300723273881,0.0186147186147186,1155,0.0539303358377973,0.0551012168547016,1,-2.56882391576725
Chr19_581443757,19,581443757,0.232371359938603,0.456709956709957,1155,0.0539303358377973,0.0551008624816327,1,-1.5138763150245
Chr21_116184458,21,116184458,0.232390552690458,0.335064935064935,1155,0.0539303358377973,0.0551007662170973,1,-1.07324467979265
Chr12_251774873,12,251774873,0.232697128444141,0.0372294372294372,1155,0.0539303358377973,0.0550992298352079,1,1.66543937498639
Chr07_363608502,7,363608502,0.232736424792679,0.0220779220779221,1155,0.0539303358377973,0.0550990330813533,1,-2.50300138970466
Chr18_263616181,18,263616181,0.232834067743124,0.284415584415584,1155,0.0539303358377973,0.0550985443642853,1,-1.10674495940555
Chr15_559646173,15,559646173,0.232981037574126,0.256277056277056,1155,0.0539303358377973,0.0550978092260251,1,-0.966241214384439
Chr01_40844942,1,40844942,0.233138675617701,0.2,1155,0.0539303358377973,0.05509702134871,1,-0.828642102327478
Chr06_166361680,6,166361680,0.233145725719929,0.435930735930736,1155,0.0539303358377973,0.0550969861272438,1,1.45354859965141
Chr10_21231724,10,21231724,0.233180902559901,0.171428571428571,1155,0.0539303358377973,0.0550968104072069,1,1.02410447640418
Chr02_106154939,2,106154939,0.233183837230175,0.122510822510822,1155,0.0539303358377973,0.0550967957489982,1,1.36608852377617
Chr05_139002592,5,139002592,0.233365316031511,0.466233766233766,1155,0.0539303358377973,0.0550958897247518,1,1.7357020186264
Chr10_116834034,10,116834034,0.233393058758475,0.235930735930736,1155,0.0539303358377973,0.0550957512956047,1,1.10151052404942
Chr20_207210937,20,207210937,0.233770473900311,0.0670995670995671,1155,0.0539303358377973,0.0550938700651066,1,1.19974722529469
Chr21_343413834,21,343413834,0.23413619622384,0.0528138528138528,1155,0.0539303358377973,0.0550920506201469,1,1.783159874799
Chr08_9378259,8,9378259,0.234250795880184,0.297402597402597,1155,0.0539303358377973,0.0550914812018908,1,0.943263858107713
Chr14_488145490,14,488145490,0.234315321103137,0.0186147186147186,1155,0.0539303358377973,0.0550911607398629,1,-2.58928848036831
Chr21_427002537,21,427002537,0.234614103494861,0.474458874458874,1155,0.0539303358377973,0.0550896782400822,1,-1.77106665091128
Chr13_243373650,13,243373650,0.234938435108528,0.0255411255411255,1155,0.0539303358377973,0.0550880715555031,1,2.36386236244488
Chr02_162864312,2,162864312,0.235059849882304,0.0480519480519481,1155,0.0539303358377973,0.0550874707779198,1,1.83398337838136
Chr21_88842818,21,88842818,0.23519045755198,0.0255411255411255,1155,0.0539303358377973,0.0550868249320987,1,2.38216087406286
Chr11_220186349,11,220186349,0.235204335394652,0.0376623376623376,1155,0.0539303358377973,0.0550867563326723,1,2.55992001540199
Chr15_75201668,15,75201668,0.235403218971419,0.281385281385281,1155,0.0539303358377973,0.0550857737715947,1,-1.25802428707527
Chr02_115790481,2,115790481,0.235497960409933,0.080952380952381,1155,0.0539303358377973,0.0550853060662124,1,-1.29811087787566
Chr20_204388326,20,204388326,0.235498062785468,0.172294372294372,1155,0.0539303358377973,0.0550853055609448,1,-1.07641801786065
Chr12_332128678,12,332128678,0.236045745871345,0.423376623376623,1155,0.0539303358377973,0.055082606304319,1,-0.818859077121488
Chr05_187774353,5,187774353,0.236095985782508,0.148917748917749,1155,0.0539303358377973,0.0550823590770722,1,-1.08243672620563
Chr05_86153981,5,86153981,0.236148012508595,0.067965367965368,1155,0.0539303358377973,0.0550821031242477,1,-1.45350239293654
Chr17_88173407,17,88173407,0.236151991807457,0.43030303030303,1155,0.0539303358377973,0.0550820835503423,1,0.600116722964174
Chr19_555904386,19,555904386,0.236168795774936,0.0476190476190476,1155,0.0539303358377973,0.0550820008971465,1,1.81147858395424
Chr18_43276077,18,43276077,0.236203706106292,0.029004329004329,1155,0.0539303358377973,0.0550818292074923,1,2.2800539862219
Chr20_413953751,20,413953751,0.23646506209452,0.362337662337662,1155,0.0539303358377973,0.0550805448306159,1,-1.06792399740243
Chr15_442437731,15,442437731,0.236494247903472,0.142857142857143,1155,0.0539303358377973,0.0550804015102013,1,-1.21060837387091
Chr08_77402910,8,77402910,0.236958896822666,0.458874458874459,1155,0.0539303358377973,0.0550781226815482,1,-0.773727691764378
Chr04_36943172,4,36943172,0.237059346941228,0.137229437229437,1155,0.0539303358377973,0.0550776307456599,1,1.10913675378424
Chr14_144978632,14,144978632,0.237406144194167,0.0748917748917749,1155,0.0539303358377973,0.0550759343124561,1,2.07114495621735
Chr02_339433134,2,339433134,0.237519848623018,0.313419913419913,1155,0.0539303358377973,0.0550753787574789,1,-0.997955713782289
Chr20_441916348,20,441916348,0.237566480350545,0.0948051948051948,1155,0.0539303358377973,0.0550751510101953,1,-1.29899772231171
Chr09_351276466,9,351276466,0.237727027527034,0.429437229437229,1155,0.0539303358377973,0.0550743673198135,1,-0.697010289243849
Chr21_170570268,21,170570268,0.237750595618882,0.0965367965367965,1155,0.0539303358377973,0.0550742523292953,1,-1.23644971495806
Chr16_296781501,16,296781501,0.237801301156893,0.0411255411255411,1155,0.0539303358377973,0.0550740049800221,1,1.74702136262522
Chr02_338749407,2,338749407,0.237807953064811,0.442857142857143,1155,0.0539303358377973,0.0550739725357644,1,0.723018436974741
Chr09_312140289,9,312140289,0.237875818177982,0.480952380952381,1155,0.0539303358377973,0.0550736415909295,1,1.86020918996815
Chr20_661898310,20,661898310,0.23798439559601,0.3,1155,0.0539303358377973,0.055073112350566,1,0.969361921975718
Chr09_404054976,9,404054976,0.238083345677931,0.0965367965367965,1155,0.0539303358377973,0.0550726302921777,1,1.23061068083645
Chr14_213541597,14,213541597,0.23823257948659,0.0818181818181818,1155,0.0539303358377973,0.0550719037249492,1,-1.82015178666416
Chr21_443377378,21,443377378,0.238352948256182,0.054978354978355,1155,0.0539303358377973,0.0550713180941813,1,-1.58860633455583
Chr04_7259322,4,7259322,0.238399781248315,0.0701298701298701,1155,0.0539303358377973,0.0550710903344735,1,-1.46810628260108
Chr10_83243158,10,83243158,0.23851341757513,0.255411255411255,1155,0.0539303358377973,0.05507053792054,1,-1.03873462519937
Chr21_347418047,21,347418047,0.238808135367701,0.205627705627706,1155,0.0539303358377973,0.0550691067143441,1,-1.17913405221714
Chr19_581443709,19,581443709,0.238973306970872,0.444155844155844,1155,0.0539303358377973,0.055068305547595,1,1.4272132052788
Chr19_171320227,19,171320227,0.239262087162341,0.351515151515152,1155,0.0539303358377973,0.0550669064318616,1,0.806337155433766
Chr14_25501858,14,25501858,0.23935194511107,0.470562770562771,1155,0.0539303358377973,0.0550664714964094,1,-0.56768892152057
Chr07_422746869,7,422746869,0.239395687900984,0.0233766233766234,1155,0.0539303358377973,0.0550662598419591,1,-2.40408803460748
Chr07_501843666,7,501843666,0.239468883227925,0.0212121212121212,1155,0.0539303358377973,0.0550659057832303,1,-2.41550074042495
Chr02_187128489,2,187128489,0.239502561384511,0.0216450216450216,1155,0.0539303358377973,0.0550657429202399,1,-2.44131649633793
Chr14_270680849,14,270680849,0.239737322947186,0.080952380952381,1155,0.0539303358377973,0.0550646084184011,1,-1.36133060964963
Chr07_499829724,7,499829724,0.239816634860725,0.323376623376623,1155,0.0539303358377973,0.0550642254432987,1,-0.777386278718126
Chr13_291635173,13,291635173,0.240003883674532,0.00952380952380952,1155,0.0539303358377973,0.0550633218819677,1,-2.95653509060185
Chr18_413118666,18,413118666,0.240122455317979,0.064935064935065,1155,0.0539303358377973,0.055062750162826,1,1.59635088541199
Chr17_100090361,17,100090361,0.240330647815448,0.483982683982684,1155,0.0539303358377973,0.0550617471477274,1,-2.26793832880344
Chr15_534187276,15,534187276,0.240448072530618,0.437229437229437,1155,0.0539303358377973,0.0550611818934984,1,0.74672849288666
Chr01_390164861,1,390164861,0.240574013531253,0.0367965367965368,1155,0.0539303358377973,0.0550605760172167,1,-1.52422126522372
Chr20_199689244,20,199689244,0.240608632334823,0.00735930735930736,1155,0.0539303358377973,0.0550604095409085,1,-3.43216073754027
Chr04_238085766,4,238085766,0.240684571345553,0.038961038961039,1155,0.0539303358377973,0.0550600444644173,1,-2.31688904671154
Chr10_116835801,10,116835801,0.240769947501725,0.238095238095238,1155,0.0539303358377973,0.0550596341862968,1,1.09262946080051
Chr21_423854170,21,423854170,0.240813008127263,0.483549783549784,1155,0.0539303358377973,0.0550594273241332,1,-1.53849958753415
Chr15_210182229,15,210182229,0.240871618702199,0.117748917748918,1155,0.0539303358377973,0.0550591458327544,1,1.35540337037278
Chr03_328779163,3,328779163,0.2408989506161,0.41038961038961,1155,0.0539303358377973,0.0550590145931821,1,0.741423541059419
Chr10_17560457,10,17560457,0.240910732721018,0.0731601731601732,1155,0.0539303358377973,0.0550589580246711,1,1.4084568211162
Chr01_501841368,1,501841368,0.241037088017045,0.196969696969697,1155,0.0539303358377973,0.0550583515764668,1,0.888709244225439
Chr08_164693941,8,164693941,0.241051954136187,0.0787878787878788,1155,0.0539303358377973,0.0550582802512788,1,1.4347900563464
Chr21_91781279,21,91781279,0.241291036020621,0.193073593073593,1155,0.0539303358377973,0.0550571339111394,1,1.03186354816879
Chr21_308566743,21,308566743,0.241320555274201,0.0246753246753247,1155,0.0539303358377973,0.0550569924693677,1,2.36107915359057
Chr12_415261425,12,415261425,0.24146630344811,0.395670995670996,1155,0.0539303358377973,0.0550562944244501,1,1.06715319007219
Chr07_472555828,7,472555828,0.24151340874706,0.0683982683982684,1155,0.0539303358377973,0.0550560689285177,1,-1.39993068661964
Chr08_55521630,8,55521630,0.241745690200208,0.265800865800866,1155,0.0539303358377973,0.0550549577661114,1,-0.966236470855705
Chr07_66140981,7,66140981,0.241822897267382,0.0735930735930735,1155,0.0539303358377973,0.0550545887194849,1,1.38563719847207
Chr21_4749370,21,4749370,0.242192880057377,0.480952380952381,1155,0.0539303358377973,0.0550528222075005,1,0.636219238006163
Chr21_281844722,21,281844722,0.242284549268108,0.168398268398268,1155,0.0539303358377973,0.055052385034036,1,-1.0871875008576
Chr21_151059091,21,151059091,0.242339427749462,0.116883116883117,1155,0.0539303358377973,0.0550521234132416,1,-1.15534299479393
Chr02_351225381,2,351225381,0.242459388021091,0.395238095238095,1155,0.0539303358377973,0.0550515517811082,1,-0.809269501216875
Chr20_647524330,20,647524330,0.242547138250656,0.0922077922077922,1155,0.0539303358377973,0.0550511338539181,1,-1.35529114310918
Chr09_235644658,9,235644658,0.242588106822552,0.463636363636364,1155,0.0539303358377973,0.0550509387964151,1,0.897160477517843
Chr17_47186687,17,47186687,0.242633160407082,0.281385281385281,1155,0.0539303358377973,0.0550507243359267,1,-0.894982290944682
Chr21_86384571,21,86384571,0.243158984808168,0.0831168831168831,1155,0.0539303358377973,0.0550482249341223,1,-1.4019453477033
Chr03_357099285,3,357099285,0.243414010413089,0.0510822510822511,1155,0.0539303358377973,0.0550470150938802,1,1.72332438246227
Chr08_325356332,8,325356332,0.243576692633543,0.0199134199134199,1155,0.0539303358377973,0.0550462441379804,1,2.4730587825072
Chr08_404582681,8,404582681,0.243684870602294,0.476623376623377,1155,0.0539303358377973,0.0550457318271614,1,-0.599993885377017
Chr21_434867513,21,434867513,0.243790497692209,0.273160173160173,1155,0.0539303358377973,0.0550452318646201,1,-1.00118091668918
Chr12_354501447,12,354501447,0.243853902421134,0.433333333333333,1155,0.0539303358377973,0.0550449318793064,1,0.669898089282839
Chr05_1789344,5,1789344,0.24396408129761,0.416450216450216,1155,0.0539303358377973,0.0550444108189908,1,-0.715321688907778
Chr21_23872939,21,23872939,0.243989714225582,0.275757575757576,1155,0.0539303358377973,0.0550442896363929,1,-0.996671904231448
Chr06_289762957,6,289762957,0.244058389838677,0.435497835497835,1155,0.0539303358377973,0.0550439650411695,1,-0.866928758748486
Chr15_190658603,15,190658603,0.24458050203537,0.14978354978355,1155,0.0539303358377973,0.055041500920221,1,-1.1751190978118
Chr12_335968931,12,335968931,0.244673654893831,0.435064935064935,1155,0.0539303358377973,0.0550410619585084,1,0.791204878778302
Chr08_6828271,8,6828271,0.244892825564157,0.158441558441558,1155,0.0539303358377973,0.0550400299713003,1,1.01315507669165
Chr01_435226399,1,435226399,0.244933300910708,0.371861471861472,1155,0.0539303358377973,0.0550398395124954,1,-0.936624146517431
Chr19_193008218,19,193008218,0.244956884525929,0.0225108225108225,1155,0.0539303358377973,0.0550397285563256,1,2.45193921432603
Chr05_345516779,5,345516779,0.245249178220697,0.342424242424242,1155,0.0539303358377973,0.055038354455894,1,-1.2792569437446
Chr03_319865,3,319865,0.245251238476405,0.0337662337662338,1155,0.0539303358377973,0.0550383447775401,1,2.29500209051827
Chr13_19529814,13,19529814,0.245408672433369,0.0506493506493507,1155,0.0539303358377973,0.0550376055023069,1,-1.6922716481711
Chr14_268951013,14,268951013,0.245719392841042,0.323809523809524,1155,0.0539303358377973,0.0550361481276114,1,0.877286793514287
Chr14_75935726,14,75935726,0.245892769397175,0.0225108225108225,1155,0.0539303358377973,0.0550353359171698,1,-2.38001475659607
Chr03_395238155,3,395238155,0.246035312047191,0.144588744588745,1155,0.0539303358377973,0.055034668677595,1,-1.17867908648373
Chr04_48108928,4,48108928,0.246082098325308,0.012987012987013,1155,0.0539303358377973,0.055034449774934,1,-2.62735796848179
Chr16_399394755,16,399394755,0.246220102824498,0.471428571428571,1155,0.0539303358377973,0.0550338043788126,1,0.671468971973354
Chr06_570319211,6,570319211,0.246262512102214,0.0406926406926407,1155,0.0539303358377973,0.0550336061351602,1,1.63946903970042
Chr07_135765924,7,135765924,0.246349025668131,0.0194805194805195,1155,0.0539303358377973,0.0550332018539477,1,2.47046013292517
Chr20_39429399,20,39429399,0.246424217194045,0.236796536796537,1155,0.0539303358377973,0.055032850622139,1,-0.940615290930282
Chr01_504866701,1,504866701,0.246479067745206,0.23982683982684,1155,0.0539303358377973,0.0550325944890322,1,-0.98191695757464
Chr20_61867804,20,61867804,0.246491936129547,0.0251082251082251,1155,0.0539303358377973,0.0550325344082292,1,-2.31429611514643
Chr17_37600558,17,37600558,0.24650258348109,0.0502164502164502,1155,0.0539303358377973,0.0550324847000386,1,1.66216189905789
Chr11_41084309,11,41084309,0.246611639366643,0.274891774891775,1155,0.0539303358377973,0.0550319757133197,1,-0.987003325513712
Chr01_437233111,1,437233111,0.246680828548913,0.0766233766233766,1155,0.0539303358377973,0.0550316529356772,1,-1.834820827627
Chr13_152683468,13,152683468,0.246746911751437,0.0692640692640693,1155,0.0539303358377973,0.0550313447513208,1,-1.51119154794748
Chr04_23127052,4,23127052,0.246885955935913,0.0216450216450217,1155,0.0539303358377973,0.0550306966373142,1,2.4006792208902
Chr07_31910177,7,31910177,0.246894767563251,0.491341991341991,1155,0.0539303358377973,0.0550306555795312,1,-2.84303746242449
Chr19_563165362,19,563165362,0.247062316732994,0.319480519480519,1155,0.0539303358377973,0.0550298752252857,1,-0.856887196922202
Chr18_521918929,18,521918929,0.247275306882651,0.212987012987013,1155,0.0539303358377973,0.055028884166147,1,1.0582438734516
Chr13_368465210,13,368465210,0.247323224962276,0.431601731601732,1155,0.0539303358377973,0.0550286613437638,1,-0.63469249175489
Chr18_361406817,18,361406817,0.247344603764185,0.110822510822511,1155,0.0539303358377973,0.0550285619479118,1,1.17085059902092
Chr01_434013940,1,434013940,0.247393448285895,0.0948051948051948,1155,0.0539303358377973,0.0550283348959465,1,-1.26017353709926
Chr20_589688572,20,589688572,0.247685916850653,0.487012987012987,1155,0.0539303358377973,0.0550269765142324,1,2.37810575118965
Chr10_503408984,10,503408984,0.247695484046102,0.0346320346320346,1155,0.0539303358377973,0.055026932112209,1,-1.76923367788709
Chr19_269943656,19,269943656,0.247787837470765,0.0246753246753247,1155,0.0539303358377973,0.0550265036015014,1,2.32047818958402
Chr09_226680733,9,226680733,0.247958059260063,0.0255411255411255,1155,0.0539303358377973,0.0550257143017884,1,-1.80789164862063
Chr13_70053494,13,70053494,0.248299060295324,0.481385281385281,1155,0.0539303358377973,0.0550241351130084,1,-0.782225289273811
Chr08_367002467,8,367002467,0.248318135140471,0.414718614718615,1155,0.0539303358377973,0.0550240468551844,1,1.1045091728347
Chr01_12234885,1,12234885,0.248408383245868,0.405194805194805,1155,0.0539303358377973,0.0550236293968631,1,-0.74917445368385
Chr19_575884546,19,575884546,0.248479135208343,0.0268398268398268,1155,0.0539303358377973,0.055023302251329,1,2.26889237592688
Chr01_299491496,1,299491496,0.24848102571981,0.299134199134199,1155,0.0539303358377973,0.0550232935114816,1,-1.01141375534135
Chr19_498737238,19,498737238,0.248521447444597,0.0272727272727273,1155,0.0539303358377973,0.0550231066610146,1,-2.38087331895026
Chr16_315495395,16,315495395,0.248596582988581,0.385714285714286,1155,0.0539303358377973,0.0550227594439989,1,-0.980788843250878
Chr06_393493275,6,393493275,0.248725780342512,0.153246753246753,1155,0.0539303358377973,0.0550221626968145,1,1.11188131831011
Chr06_542923408,6,542923408,0.24893915623358,0.116883116883117,1155,0.0539303358377973,0.05502117797077,1,1.21811432557709
Chr19_272443734,19,272443734,0.249016177809385,0.426406926406926,1155,0.0539303358377973,0.0550208227717551,1,-0.683712165525066
Chr20_574246240,20,574246240,0.249161638333519,0.0186147186147186,1155,0.0539303358377973,0.0550201523214844,1,-2.49964427137081
Chr13_116162594,13,116162594,0.249276992813091,0.488311688311688,1155,0.0539303358377973,0.0550196209759357,1,-2.19431480965113
Chr20_105464234,20,105464234,0.2495527471,0.0476190476190476,1155,0.0539303358377973,0.0550183520186959,1,2.77129201021557
Chr17_43148430,17,43148430,0.249712943002102,0.0562770562770563,1155,0.0539303358377973,0.0550176156241691,1,-1.46271719134573
Chr15_448818228,15,448818228,0.249866615725435,0.0567099567099567,1155,0.0539303358377973,0.0550169097602776,1,1.71554882301351
Chr15_471544327,15,471544327,0.249906589169736,0.392207792207792,1155,0.0539303358377973,0.0550167262378508,1,0.785118627464072
Chr20_649321037,20,649321037,0.249979929408081,0.0225108225108225,1155,0.0539303358377973,0.0550163896185256,1,2.37911348015083
Chr10_360841783,10,360841783,0.249980125352966,0.354545454545454,1155,0.0539303358377973,0.0550163887193351,1,-1.01594199349688
Chr05_369137529,5,369137529,0.249981293562602,0.494805194805195,1155,0.0539303358377973,0.0550163833584389,1,3.54220643168355
Chr06_445165342,6,445165342,0.250029252543816,0.0229437229437229,1155,0.0539303358377973,0.0550161633018317,1,2.34939685639999
Chr08_273165007,8,273165007,0.250069003467597,0.0242424242424242,1155,0.0539303358377973,0.0550159809466226,1,2.28677059437737
Chr07_466218294,7,466218294,0.2501595975241,0.101731601731602,1155,0.0539303358377973,0.0550155654842386,1,-1.16158928384537
Chr20_515775751,20,515775751,0.250211501115573,0.0774891774891775,1155,0.0539303358377973,0.0550153275387169,1,-1.44163269765528
Chr01_311143055,1,311143055,0.250318080155868,0.0238095238095238,1155,0.0539303358377973,0.0550148391303791,1,2.24787750520998
Chr13_278893249,13,278893249,0.250523647141403,0.1004329004329,1155,0.0539303358377973,0.0550138978214688,1,1.21936199457765
Chr05_297127269,5,297127269,0.250774531714422,0.464069264069264,1155,0.0539303358377973,0.0550127502840102,1,-0.674199398094942
Chr09_387933685,9,387933685,0.250851849299269,0.445021645021645,1155,0.0539303358377973,0.0550123969202679,1,-0.722942352764505
Chr09_385700323,9,385700323,0.250934124135673,0.0497835497835498,1155,0.0539303358377973,0.0550120210473694,1,1.66621202523972
Chr02_417977100,2,417977100,0.250969660491193,0.212987012987013,1155,0.0539303358377973,0.0550118587462192,1,-1.11390523813574
Chr20_429564018,20,429564018,0.251173533819893,0.327705627705628,1155,0.0539303358377973,0.055010928164158,1,-1.11499850168252
Chr11_223183757,11,223183757,0.251282639509783,0.00692640692640693,1155,0.0539303358377973,0.0550104305312464,1,3.3099293978423
Chr04_196107121,4,196107121,0.251425516505194,0.209090909090909,1155,0.0539303358377973,0.0550097792682646,1,-1.04678050082396
Chr01_425762789,1,425762789,0.25147511373177,0.0402597402597403,1155,0.0539303358377973,0.055009553300174,1,1.45056499697549
Chr14_355016834,14,355016834,0.251535065651968,0.0601731601731602,1155,0.0539303358377973,0.0550092802285711,1,-1.42971776059429
Chr16_315619226,16,315619226,0.251537871061454,0.196536796536797,1155,0.0539303358377973,0.055009267452329,1,-0.984607625568145
Chr14_211132554,14,211132554,0.251626324031486,0.440692640692641,1155,0.0539303358377973,0.0550088647145038,1,0.716609353491549
Chr20_515254256,20,515254256,0.251782450432955,0.312987012987013,1155,0.0539303358377973,0.0550081542753514,1,-0.998545041862712
Chr11_236555758,11,236555758,0.251801388016162,0.429004329004329,1155,0.0539303358377973,0.0550080681384166,1,0.726677303740956
Chr19_429658080,19,429658080,0.251868503071528,0.117316017316017,1155,0.0539303358377973,0.0550077629320679,1,-1.12146814393178
Chr09_186879729,9,186879729,0.251958493262583,0.0255411255411255,1155,0.0539303358377973,0.0550073538577373,1,-2.37187948220803
Chr10_14687446,10,14687446,0.252136627247667,0.348917748917749,1155,0.0539303358377973,0.0550065446319832,1,-0.751559836593174
Chr03_484028820,3,484028820,0.252213633311803,0.182683982683983,1155,0.0539303358377973,0.0550061950270708,1,-0.882815784528688
Chr15_459103343,15,459103343,0.252849458487357,0.0783549783549784,1155,0.0539303358377973,0.0550033134118504,1,1.43803198044557
Chr14_468370384,14,468370384,0.253000546553201,0.061038961038961,1155,0.0539303358377973,0.0550026299786356,1,-1.37774574728506
Chr09_11193935,9,11193935,0.253185794654186,0.354978354978355,1155,0.0539303358377973,0.055001792710903,1,-1.00635645246382
Chr10_75187919,10,75187919,0.253272949513791,0.00692640692640693,1155,0.0539303358377973,0.055001399057042,1,-3.44852128861631
Chr20_70304922,20,70304922,0.253330208488763,0.0965367965367965,1155,0.0539303358377973,0.055001140525209,1,-1.01531349157516
Chr05_353731146,5,353731146,0.253400051424457,0.484848484848485,1155,0.0539303358377973,0.0550008252725295,1,-0.627536804717238
Chr04_264595550,4,264595550,0.253526187724776,0.296103896103896,1155,0.0539303358377973,0.0550002561974055,1,0.839116126833517
Chr19_518165862,19,518165862,0.253621290628039,0.288744588744589,1155,0.0539303358377973,0.0549998273627221,1,-0.915842763312185
Chr11_9939370,11,9939370,0.253649303710623,0.260606060606061,1155,0.0539303358377973,0.0549997010848694,1,1.10484915792898
Chr06_94200276,6,94200276,0.253689473477588,0.125974025974026,1155,0.0539303358377973,0.0549995200368798,1,1.28316840321733
Chr10_331859330,10,331859330,0.253986199017584,0.0948051948051948,1155,0.0539303358377973,0.0549981837667767,1,1.46082341205943
Chr03_20686531,3,20686531,0.25407000559318,0.467099567099567,1155,0.0539303358377973,0.0549978067015755,1,1.09764244139251
Chr07_102399983,7,102399983,0.254199367217674,0.383982683982684,1155,0.0539303358377973,0.0549972249744146,1,0.859289837790016
Chr01_40844941,1,40844941,0.254255089206001,0.00649350649350649,1155,0.0539303358377973,0.054996974510232,1,-3.42438167565231
Chr17_213350326,17,213350326,0.254257930117487,0.277056277056277,1155,0.0539303358377973,0.0549969617424599,1,0.759652787682938
Chr01_495036928,1,495036928,0.254301674056529,0.0844155844155844,1155,0.0539303358377973,0.0549967651683875,1,-1.3160942328312
Chr21_281844724,21,281844724,0.254420535527267,0.0476190476190476,1155,0.0539303358377973,0.0549962312457327,1,-1.62923334479152
Chr08_306168711,8,306168711,0.25463834939193,0.00649350649350649,1155,0.0539303358377973,0.0549952536289802,1,3.16251545643404
Chr13_11512814,13,11512814,0.254662410625146,0.1,1155,0.0539303358377973,0.0549951456978705,1,1.48050970204673
Chr05_293089678,5,293089678,0.254664493394998,0.0246753246753247,1155,0.0539303358377973,0.0549951363558148,1,2.37594956018735
Chr07_495745846,7,495745846,0.254976520252519,0.0329004329004329,1155,0.0539303358377973,0.0549937378534862,1,-2.21822185436079
Chr21_146973502,21,146973502,0.25516686801806,0.174891774891775,1155,0.0539303358377973,0.054992885752061,1,-1.08596236388277
Chr21_366906467,21,366906467,0.25527155997807,0.0571428571428571,1155,0.0539303358377973,0.0549924174273048,1,-1.5644544858724
Chr09_419434458,9,419434458,0.255302330282011,0.0255411255411255,1155,0.0539303358377973,0.054992279825728,1,2.24225992546771
Chr16_346120561,16,346120561,0.255718596934304,0.309090909090909,1155,0.0539303358377973,0.0549904203331018,1,0.929310914681537
Chr15_126178775,15,126178775,0.255859114237958,0.158441558441558,1155,0.0539303358377973,0.0549897934754079,1,-1.38779408641176
Chr02_211468575,2,211468575,0.255878712074538,0.0272727272727273,1155,0.0539303358377973,0.054989706081828,1,-2.21647745269455
Chr06_527297515,6,527297515,0.255974502474904,0.0164502164502165,1155,0.0539303358377973,0.054989279037901,1,2.508211267132
Chr21_164229596,21,164229596,0.256431338029152,0.171428571428571,1155,0.0539303358377973,0.0549872451262375,1,-1.07113046798543
Chr15_462047512,15,462047512,0.256615740727532,0.344155844155844,1155,0.0539303358377973,0.0549864254003126,1,-0.93667055776524
Chr09_452619935,9,452619935,0.256696867069877,0.342424242424242,1155,0.0539303358377973,0.0549860649995163,1,-0.843114451601309
Chr06_394079063,6,394079063,0.256746546826402,0.0307359307359307,1155,0.0539303358377973,0.0549858443684694,1,2.21338646229614
Chr02_319068789,2,319068789,0.256971708484067,0.0255411255411255,1155,0.0539303358377973,0.0549848450715547,1,-2.23091053068258
Chr17_213040406,17,213040406,0.257022689572469,0.319047619047619,1155,0.0539303358377973,0.0549846189609974,1,1.04757549322767
Chr03_469162300,3,469162300,0.257160754381172,0.312121212121212,1155,0.0539303358377973,0.0549840068961656,1,0.919596514537119
Chr09_81355774,9,81355774,0.257172298873143,0.0489177489177489,1155,0.0539303358377973,0.0549839557358642,1,1.70323525034468
Chr07_445702015,7,445702015,0.257542422203043,0.0264069264069264,1155,0.0539303358377973,0.0549823170084313,1,2.21047579963931
Chr07_390883157,7,390883157,0.257652387033058,0.395670995670996,1155,0.0539303358377973,0.0549818306980762,1,0.693478126983308
Chr07_423277162,7,423277162,0.257771054108796,0.138095238095238,1155,0.0539303358377973,0.0549813061905365,1,0.936488633090377
Chr13_301409469,13,301409469,0.257890868642189,0.1995670995671,1155,0.0539303358377973,0.0549807769140381,1,-0.991171708430898
Chr19_111448183,19,111448183,0.257898785331942,0.376623376623377,1155,0.0539303358377973,0.0549807419530481,1,-0.70902983782014
Chr07_462735818,7,462735818,0.257901786142145,0.4004329004329,1155,0.0539303358377973,0.0549807287014802,1,0.643630793000995
Chr18_206116238,18,206116238,0.258035311136917,0.293506493506493,1155,0.0539303358377973,0.054980139248482,1,-0.954149245170584
Chr18_399723004,18,399723004,0.258210848612514,0.185714285714286,1155,0.0539303358377973,0.0549793649028981,1,0.887419639173572
Chr10_432702880,10,432702880,0.258247420421138,0.0744588744588745,1155,0.0539303358377973,0.0549792036562338,1,1.37059855295421
Chr18_403616312,18,403616312,0.258377944477694,0.0463203463203463,1155,0.0539303358377973,0.0549786284003231,1,-1.65729386119074
Chr11_103148491,11,103148491,0.258441808576999,0.0255411255411255,1155,0.0539303358377973,0.0549783470643934,1,2.2278457813082
Chr09_28472431,9,28472431,0.258536145428172,0.0233766233766234,1155,0.0539303358377973,0.0549779316463649,1,-2.24917677594402
Chr21_208562341,21,208562341,0.258792113148339,0.168398268398268,1155,0.0539303358377973,0.0549768054212537,1,-1.05974299073915
Chr05_409915271,5,409915271,0.259154826997479,0.492207792207792,1155,0.0539303358377973,0.0549752118855961,1,0.583453228107231
Chr21_172910671,21,172910671,0.259320095247511,0.0242424242424242,1155,0.0539303358377973,0.0549744867165803,1,2.3016176333428
Chr03_122754247,3,122754247,0.259324732500385,0.35974025974026,1155,0.0539303358377973,0.0549744663773548,1,1.05972568826797
Chr14_263392100,14,263392100,0.259418808959536,0.118181818181818,1155,0.0539303358377973,0.0549740538504863,1,-1.13883243527624
Chr07_25993123,7,25993123,0.259661798631342,0.316450216450216,1155,0.0539303358377973,0.0549729891933064,1,-0.813066321615594
Chr15_531001576,15,531001576,0.260436677805354,0.0199134199134199,1155,0.0539303358377973,0.0549696022928287,1,-2.33593539602086
Chr06_21158885,6,21158885,0.26051142856431,0.025974025974026,1155,0.0539303358377973,0.0549692762270962,1,2.22282513338952
Chr18_132512945,18,132512945,0.260597655629781,0.33030303030303,1155,0.0539303358377973,0.0549689002452842,1,-0.90845164836071
Chr14_454633437,14,454633437,0.260645387428509,0.0255411255411255,1155,0.0539303358377973,0.0549686921833391,1,2.16267255754271
Chr18_413286435,18,413286435,0.260940209362136,0.215584415584416,1155,0.0539303358377973,0.054967408106655,1,1.41228887011346
Chr04_226234841,4,226234841,0.261105006845368,0.0744588744588745,1155,0.0539303358377973,0.0549666911261283,1,1.45425260334872
Chr16_49001779,16,49001779,0.26118499368608,0.154112554112554,1155,0.0539303358377973,0.054966343331543,1,1.11363964168638
Chr13_1794515,13,1794515,0.261323077332249,0.305194805194805,1155,0.0539303358377973,0.05496574323426,1,1.03763482658042
Chr05_382123592,5,382123592,0.261450219998258,0.393506493506494,1155,0.0539303358377973,0.0549651910330797,1,-0.813725017957239
Chr12_23998270,12,23998270,0.261537689469956,0.184848484848485,1155,0.0539303358377973,0.0549648113324053,1,0.911496240428193
Chr08_53515949,8,53515949,0.261583119904451,0.0484848484848485,1155,0.0539303358377973,0.0549646141832899,1,-1.55854010088387
Chr18_492879580,18,492879580,0.261584823338221,0.48961038961039,1155,0.0539303358377973,0.0549646067919247,1,0.600031987562033
Chr19_369356377,19,369356377,0.261646611285659,0.0341991341991342,1155,0.0539303358377973,0.0549643387283695,1,1.48282803996831
Chr11_228804489,11,228804489,0.261721591129302,0.423376623376623,1155,0.0539303358377973,0.0549640135379925,1,0.551227894340116
Chr14_288267877,14,288267877,0.261851930536724,0.0787878787878787,1155,0.0539303358377973,0.0549634485261956,1,-1.96154041548562
Chr12_372988661,12,372988661,0.262220698492955,0.110822510822511,1155,0.0539303358377973,0.0549618518331996,1,1.27527568824615
Chr21_147654756,21,147654756,0.262251356195572,0.110822510822511,1155,0.0539303358377973,0.0549617192168718,1,-1.17542346710161
Chr01_345539204,1,345539204,0.262616828804249,0.254978354978355,1155,0.0539303358377973,0.0549601397694655,1,0.831976412752056
Chr02_350188620,2,350188620,0.262668083192449,0.401731601731602,1155,0.0539303358377973,0.0549599184838184,1,-0.801065972459725
Chr18_114156263,18,114156263,0.262908196216384,0.497402597402597,1155,0.0539303358377973,0.0549588825338008,1,3.01555733429677
Chr20_648586027,20,648586027,0.263056393800048,0.21038961038961,1155,0.0539303358377973,0.0549582437326233,1,-1.07627724408101
Chr16_152994949,16,152994949,0.263071875572878,0.0528138528138528,1155,0.0539303358377973,0.0549581770247066,1,-1.694831124372
Chr04_246091193,4,246091193,0.263316362982404,0.384848484848485,1155,0.0539303358377973,0.0549571242228976,1,-0.650930473894078
Chr13_65198746,13,65198746,0.263450501731244,0.0493506493506494,1155,0.0539303358377973,0.0549565471160052,1,1.59858874906375
Chr10_504289973,10,504289973,0.263647342826554,0.122510822510823,1155,0.0539303358377973,0.0549557009049149,1,1.10775068044794
Chr02_392515841,2,392515841,0.263722419271618,0.334199134199134,1155,0.0539303358377973,0.0549553783615092,1,-0.646200540796869
Chr07_150018545,7,150018545,0.263795980801334,0.496969696969697,1155,0.0539303358377973,0.0549550624371928,1,-4.81962460392424
Chr02_109887,2,109887,0.263845459025682,0.0372294372294372,1155,0.0539303358377973,0.0549548500049362,1,-1.74139885045383
Chr09_180364649,9,180364649,0.264050262085685,0.180952380952381,1155,0.0539303358377973,0.0549539712199296,1,1.23431001773451
Chr09_150089963,9,150089963,0.264098012525201,0.0303030303030303,1155,0.0539303358377973,0.0549537664504605,1,2.11335878772476
Chr16_269952310,16,269952310,0.264098029741234,0.0748917748917749,1155,0.0539303358377973,0.0549537663766388,1,1.30720764032786
Chr05_418592206,5,418592206,0.264331829290529,0.248917748917749,1155,0.0539303358377973,0.0549527644322425,1,-0.941705926419843
Chr19_237198527,19,237198527,0.264427267414319,0.174025974025974,1155,0.0539303358377973,0.0549523557504219,1,-0.82704413292106
Chr01_412088402,1,412088402,0.264434454206929,0.259307359307359,1155,0.0539303358377973,0.0549523249828209,1,-0.883695816861575
Chr14_373735384,14,373735384,0.264622831450595,0.0203463203463203,1155,0.0539303358377973,0.0549515188859224,1,-2.32718207268501
Chr02_68671551,2,68671551,0.264679325614133,0.300865800865801,1155,0.0539303358377973,0.0549512772773687,1,0.866121172999328
Chr06_525917176,6,525917176,0.264682276322605,0.0904761904761905,1155,0.0539303358377973,0.054951264659836,1,1.32298343583597
Chr15_89686430,15,89686430,0.264694488268805,0.318181818181818,1155,0.0539303358377973,0.0549512124421756,1,1.01279055896742
Chr08_149208846,8,149208846,0.264827332025352,0.0251082251082251,1155,0.0539303358377973,0.0549506446026301,1,2.27887927833602
Chr06_67311293,6,67311293,0.264878412400729,0.0857142857142857,1155,0.0539303358377973,0.0549504263543353,1,1.05849521452762
Chr12_267269056,12,267269056,0.26500308655885,0.0458874458874459,1155,0.0539303358377973,0.0549498938858693,1,-1.67036092023591
Chr02_34989848,2,34989848,0.26505709536794,0.259307359307359,1155,0.0539303358377973,0.0549496633174712,1,-0.816387337675849
Chr02_350996844,2,350996844,0.265101996365099,0.403030303030303,1155,0.0539303358377973,0.0549494716756526,1,-0.779668477100387
Chr10_461519324,10,461519324,0.265378330992848,0.416017316017316,1155,0.0539303358377973,0.0549482931415862,1,-0.518197021676798
Chr13_21083272,13,21083272,0.265426345079322,0.342424242424242,1155,0.0539303358377973,0.0549480885230791,1,0.97557207234621
Chr13_16915915,13,16915915,0.265704946905479,0.31991341991342,1155,0.0539303358377973,0.0549469021328858,1,0.775047365766284
Chr01_477464321,1,477464321,0.265725618974768,0.0242424242424242,1155,0.0539303358377973,0.0549468141652782,1,2.19361826383319
Chr20_599120232,20,599120232,0.265878740472733,0.164502164502165,1155,0.0539303358377973,0.0549461628397272,1,-0.962784384430591
Chr21_31070947,21,31070947,0.265989379031919,0.489177489177489,1155,0.0539303358377973,0.0549456925125582,1,2.37508603367814
Chr13_329964259,13,329964259,0.266030435616085,0.0238095238095238,1155,0.0539303358377973,0.0549455180420361,1,2.19087517589205
Chr14_33072331,14,33072331,0.266071922029973,0.0294372294372294,1155,0.0539303358377973,0.0549453417790243,1,-1.51537630535245
Chr01_476050962,1,476050962,0.266233848729288,0.0965367965367965,1155,0.0539303358377973,0.0549446541298489,1,1.15957910010877
Chr13_147725670,13,147725670,0.266249136826737,0.155411255411255,1155,0.0539303358377973,0.0549445892332803,1,0.923483778736568
Chr13_104225517,13,104225517,0.266290903713402,0.391341991341991,1155,0.0539303358377973,0.0549444119603545,1,0.654613448956297
Chr19_782894282,19,782894282,0.26631492038341,0.102164502164502,1155,0.0539303358377973,0.0549443100411018,1,1.11599413018769
Chr10_37722482,10,37722482,0.26633749795637,0.18008658008658,1155,0.0539303358377973,0.0549442142393752,1,0.8930640115031
Chr18_10799442,18,10799442,0.266374223771959,0.0367965367965368,1155,0.0539303358377973,0.054944058425085,1,1.70032962154455
Chr03_393783648,3,393783648,0.266428272958636,0.123376623376623,1155,0.0539303358377973,0.0549438291627212,1,-0.937494952937243
Chr07_275299321,7,275299321,0.266604316291651,0.0212121212121212,1155,0.0539303358377973,0.0549430828351907,1,-2.35617506881036
Chr09_14561448,9,14561448,0.266609532835224,0.270562770562771,1155,0.0539303358377973,0.0549430607292712,1,0.868269583076483
Chr02_143430796,2,143430796,0.266665988649635,0.054978354978355,1155,0.0539303358377973,0.0549428215233975,1,-1.61870446338696
Chr13_308066482,13,308066482,0.266763037784629,0.0268398268398269,1155,0.0539303358377973,0.0549424104692868,1,1.67841636588309
Chr19_404535054,19,404535054,0.266849554075845,0.120779220779221,1155,0.0539303358377973,0.0549420441844812,1,1.10881621420288
Chr05_391939572,5,391939572,0.267048536684946,0.381818181818182,1155,0.0539303358377973,0.0549412023116943,1,-0.699305064744294
Chr04_7259337,4,7259337,0.267234760890354,0.210822510822511,1155,0.0539303358377973,0.0549404151266941,1,-0.988636863940485
Chr19_82162426,19,82162426,0.267294362178177,0.0194805194805195,1155,0.0539303358377973,0.0549401633316937,1,-2.36406376597319
Chr12_122371025,12,122371025,0.267622519847958,0.262337662337662,1155,0.0539303358377973,0.054938778231536,1,0.966842030194215
Chr16_257068145,16,257068145,0.267625868976425,0.0424242424242424,1155,0.0539303358377973,0.0549387641063341,1,-1.66966750114881
Chr06_508163149,6,508163149,0.267638369104954,0.378787878787879,1155,0.0539303358377973,0.0549387113880532,1,-0.729095218419729
Chr07_484255571,7,484255571,0.267728524883518,0.0562770562770563,1155,0.0539303358377973,0.0549383312543263,1,1.56358430853258
Chr02_392861137,2,392861137,0.267782160916621,0.0878787878787879,1155,0.0539303358377973,0.0549381051786035,1,1.31579141013802
Chr12_387256034,12,387256034,0.268300696075389,0.0588744588744589,1155,0.0539303358377973,0.0549359224650243,1,-1.49350274892838
Chr15_468857316,15,468857316,0.26837853677002,0.0212121212121212,1155,0.0539303358377973,0.0549355952583293,1,-2.28405955488584
Chr19_628563763,19,628563763,0.26838522960113,0.045021645021645,1155,0.0539303358377973,0.0549355671302617,1,-1.39262915240236
Chr15_42256543,15,42256543,0.26878173796714,0.36969696969697,1155,0.0539303358377973,0.0549339022798295,1,1.05322867721651
Chr10_461928126,10,461928126,0.268890946132439,0.153246753246753,1155,0.0539303358377973,0.054933444277832,1,-1.02200390646328
Chr08_47584980,8,47584980,0.268948171151005,0.0463203463203463,1155,0.0539303358377973,0.0549332043778223,1,1.60514760122398
Chr07_425648962,7,425648962,0.269232953449686,0.0207792207792208,1155,0.0539303358377973,0.0549320114548809,1,2.28155892138119
Chr11_38670388,11,38670388,0.269378416391556,0.0229437229437229,1155,0.0539303358377973,0.0549314027342952,1,2.25219150367862
Chr12_368910580,12,368910580,0.269476134169027,0.107792207792208,1155,0.0539303358377973,0.0549309940441641,1,1.07689398483055
Chr17_284256624,17,284256624,0.27010940521552,0.105194805194805,1155,0.0539303358377973,0.054928349965629,1,-1.43569855209563
Chr13_67033899,13,67033899,0.27017954979048,0.44025974025974,1155,0.0539303358377973,0.0549280575699622,1,-0.775531072714386
Chr06_505054040,6,505054040,0.270229503323202,0.267099567099567,1155,0.0539303358377973,0.0549278493979687,1,-0.842515035386839
Chr06_546437978,6,546437978,0.270342248064868,0.0277056277056277,1155,0.0539303358377973,0.05492737973227,1,1.86257960257048
Chr14_95883899,14,95883899,0.270744561684939,0.153679653679654,1155,0.0539303358377973,0.0549257057923521,1,-1.3987075994412
Chr12_27354692,12,27354692,0.270757431630769,0.37965367965368,1155,0.0539303358377973,0.0549256522946843,1,-0.649555188306266
Chr08_153647638,8,153647638,0.270766543144109,0.0354978354978355,1155,0.0539303358377973,0.054925614421956,1,-1.50133777639007
Chr06_283434362,6,283434362,0.27097512740501,0.0298701298701299,1155,0.0539303358377973,0.0549247478609577,1,-2.25596631375583
Chr20_661798759,20,661798759,0.271042723087678,0.0965367965367965,1155,0.0539303358377973,0.054924467214578,1,1.13674660719717
Chr21_12800549,21,12800549,0.271233826291627,0.0822510822510822,1155,0.0539303358377973,0.0549236742587258,1,-1.2889513666953
Chr16_400595591,16,400595591,0.271350799458358,0.499134199134199,1155,0.0539303358377973,0.0549231892401094,1,8.85305570296623
Chr10_232232181,10,232232181,0.271373241512051,0.0203463203463203,1155,0.0539303358377973,0.0549230962161062,1,-2.27344300893321
Chr08_97687625,8,97687625,0.271396216715482,0.0484848484848485,1155,0.0539303358377973,0.0549230009921384,1,1.5082933094268
Chr03_479306653,3,479306653,0.271445641466732,0.383116883116883,1155,0.0539303358377973,0.0549227961785109,1,0.683942876753804
Chr19_116876015,19,116876015,0.271716601991301,0.0125541125541126,1155,0.0539303358377973,0.0549216741614256,1,-2.64292237458793
Chr18_396163694,18,396163694,0.271796919008223,0.309090909090909,1155,0.0539303358377973,0.0549213418469681,1,-0.821089599563606
Chr02_314018216,2,314018216,0.272014196997527,0.35021645021645,1155,0.0539303358377973,0.0549204434680339,1,1.00448785408167
Chr15_492385151,15,492385151,0.272302796824758,0.188744588744589,1155,0.0539303358377973,0.0549192515843718,1,-1.14461833394864
Chr16_346120558,16,346120558,0.27245151001968,0.0229437229437229,1155,0.0539303358377973,0.0549186380341978,1,-2.00116809220856
Chr19_670207031,19,670207031,0.272539866087392,0.448917748917749,1155,0.0539303358377973,0.0549182736998977,1,-0.716197749726234
Chr19_29877449,19,29877449,0.272547199009189,0.275324675324675,1155,0.0539303358377973,0.0549182434694122,1,-0.818364895321054
Chr20_605108656,20,605108656,0.27281837636233,0.0238095238095238,1155,0.0539303358377973,0.0549171262373868,1,2.23872161675402
Chr19_766524357,19,766524357,0.272893783704106,0.479220779220779,1155,0.0539303358377973,0.0549168158117816,1,0.752282509499935
Chr03_76611730,3,76611730,0.273041711198429,0.356709956709957,1155,0.0539303358377973,0.0549162071585431,1,-0.651513257813065
Chr20_216511553,20,216511553,0.273282388426047,0.0987012987012987,1155,0.0539303358377973,0.0549152177665151,1,-2.04200952313045
Chr20_259575517,20,259575517,0.273631080977997,0.192640692640693,1155,0.0539303358377973,0.0549137862756642,1,1.04452101490571
Chr01_451247551,1,451247551,0.273942097725233,0.025974025974026,1155,0.0539303358377973,0.0549125113861215,1,-2.15742429496389
Chr18_112460873,18,112460873,0.2742581989325,0.0445887445887446,1155,0.0539303358377973,0.0549112175155486,1,-1.67830609252684
Chr17_269990493,17,269990493,0.274551861000585,0.382251082251082,1155,0.0539303358377973,0.0549100171702502,1,0.975542370140261
Chr06_42939498,6,42939498,0.274703901427805,0.0225108225108225,1155,0.0539303358377973,0.054909396337664,1,2.23630890752096
Chr21_28810268,21,28810268,0.274712190671352,0.494805194805195,1155,0.0539303358377973,0.0549093625022844,1,2.68783323097841
Chr06_552266217,6,552266217,0.275084037801314,0.132467532467532,1155,0.0539303358377973,0.0549078459994111,1,-1.03948119824994
Chr18_251257588,18,251257588,0.275408609445891,0.393506493506494,1155,0.0539303358377973,0.0549065244044485,1,0.978166179077505
Chr07_444359207,7,444359207,0.275662431045631,0.0329004329004329,1155,0.0539303358377973,0.0549054922541079,1,1.41181852011805
Chr18_28675369,18,28675369,0.275676204362784,0.12987012987013,1155,0.0539303358377973,0.0549054362799266,1,-1.32604887327071
Chr08_320499970,8,320499970,0.275718343687063,0.0952380952380952,1155,0.0539303358377973,0.0549052650493226,1,1.16380635499854
Chr01_171720398,1,171720398,0.275728705262428,0.310822510822511,1155,0.0539303358377973,0.0549052229507242,1,-0.859625905397337
Chr20_9582808,20,9582808,0.275900274258235,0.332034632034632,1155,0.0539303358377973,0.0549045261630288,1,-1.01551683221999
Chr18_510449691,18,510449691,0.276169763473225,0.303463203463203,1155,0.0539303358377973,0.0549034327947874,1,0.975781210809146
Chr13_223431833,13,223431833,0.276284187956931,0.0458874458874459,1155,0.0539303358377973,0.0549029689591159,1,-1.73166379772849
Chr12_122371003,12,122371003,0.276680149861245,0.366666666666667,1155,0.0539303358377973,0.0549013657359113,1,0.967318902431202
Chr11_182779161,11,182779161,0.276781376459149,0.312554112554113,1155,0.0539303358377973,0.0549009563396857,1,-0.750893013952862
Chr13_132456129,13,132456129,0.277052283741737,0.22034632034632,1155,0.0539303358377973,0.0548998616213421,1,1.19215698907351
Chr16_323227710,16,323227710,0.277311128333166,0.435064935064935,1155,0.0539303358377973,0.0548988169060932,1,0.494354672259703
Chr02_117550177,2,117550177,0.277770157219582,0.301298701298701,1155,0.0539303358377973,0.0548969672500627,1,1.02318743094565
Chr14_432053719,14,432053719,0.278008576095986,0.431168831168831,1155,0.0539303358377973,0.0548960080607775,1,1.09728006929686
Chr16_53460762,16,53460762,0.278097197906319,0.348051948051948,1155,0.0539303358377973,0.0548956517883114,1,-0.83503810635645
Chr14_140633171,14,140633171,0.27840878643031,0.0272727272727273,1155,0.0539303358377973,0.0548944002928513,1,-2.13147778886281
Chr10_54103580,10,54103580,0.27845577085362,0.0653679653679654,1155,0.0539303358377973,0.0548942117331185,1,1.34165739196123
Chr07_474152228,7,474152228,0.278487945254129,0.0567099567099567,1155,0.0539303358377973,0.054894082632692,1,1.3875175589542
Chr12_336355751,12,336355751,0.278577676635166,0.124675324675325,1155,0.0539303358377973,0.0548937226830893,1,0.768525415058335
Chr09_370475281,9,370475281,0.278868629858207,0.422943722943723,1155,0.0539303358377973,0.0548925565546747,1,-0.747462405266788
Chr06_476642969,6,476642969,0.278936991070161,0.067965367965368,1155,0.0539303358377973,0.0548922827884287,1,-1.19426015887721
Chr05_339720810,5,339720810,0.278965793069749,0.377056277056277,1155,0.0539303358377973,0.0548921674703642,1,0.583943249936993
Chr05_261602958,5,261602958,0.279128060664432,0.0489177489177489,1155,0.0539303358377973,0.0548915180604688,1,1.59929553451266
Chr15_417857495,15,417857495,0.279251354900604,0.0476190476190476,1155,0.0539303358377973,0.0548910249439611,1,-1.55202627414219
Chr14_493558871,14,493558871,0.279390536650264,0.272294372294372,1155,0.0539303358377973,0.0548904686152327,1,0.88920741280478
Chr04_239757534,4,239757534,0.279634819326541,0.0554112554112554,1155,0.0539303358377973,0.0548894930288297,1,-1.60951107083196
Chr03_42742623,3,42742623,0.279739239833541,0.0692640692640693,1155,0.0539303358377973,0.0548890763351116,1,-1.34205212683874
Chr03_288115286,3,288115286,0.279746612822762,0.474025974025974,1155,0.0539303358377973,0.0548890469203613,1,-0.800489645591028
Chr19_36478078,19,36478078,0.279993008432581,0.093939393939394,1155,0.0539303358377973,0.0548880644806671,1,-0.949246549625173
Chr02_345670303,2,345670303,0.280010568441895,0.0354978354978355,1155,0.0539303358377973,0.0548879945062872,1,-1.49286600563924
Chr19_618886999,19,618886999,0.280083263909623,0.0281385281385281,1155,0.0539303358377973,0.0548877048831343,1,-2.13808623309895
Chr05_291950232,5,291950232,0.280155491751894,0.0463203463203463,1155,0.0539303358377973,0.0548874172170458,1,-1.53111804091894
Chr21_179647240,21,179647240,0.280298227898,0.0216450216450216,1155,0.0539303358377973,0.0548868490087699,1,-2.28461255345781
Chr08_81118620,8,81118620,0.280318038932639,0.3,1155,0.0539303358377973,0.0548867701733035,1,0.948951219100366
Chr03_198517255,3,198517255,0.280434674921009,0.0489177489177489,1155,0.0539303358377973,0.0548863061780483,1,-1.5988840256103
Chr13_382740054,13,382740054,0.280499719638835,0.41038961038961,1155,0.0539303358377973,0.0548860475264041,1,0.703671076081065
Chr02_315873114,2,315873114,0.280566434061891,0.0688311688311688,1155,0.0539303358377973,0.0548857823138589,1,1.07374615616413
Chr07_18148896,7,18148896,0.280821108905171,0.411255411255411,1155,0.0539303358377973,0.0548847706269489,1,-0.627708214228733
Chr09_3462994,9,3462994,0.280825136159815,0.0471861471861472,1155,0.0539303358377973,0.0548847546381338,1,1.49676446150788
Chr16_188494319,16,188494319,0.280864166278762,0.132034632034632,1155,0.0539303358377973,0.0548845996976338,1,1.0290090039247
Chr21_146461150,21,146461150,0.280882196497205,0.0727272727272728,1155,0.0539303358377973,0.0548845281310479,1,-1.32250294053165
Chr19_30118558,19,30118558,0.280912759876477,0.0757575757575758,1155,0.0539303358377973,0.0548844068303772,1,-1.21793235494678
Chr08_74556727,8,74556727,0.280966188056504,0.0463203463203463,1155,0.0539303358377973,0.0548841948234062,1,-1.56868134665729
Chr09_130411564,9,130411564,0.281039272709547,0.270995670995671,1155,0.0539303358377973,0.0548839049006167,1,-0.91515342912075
Chr13_36490402,13,36490402,0.281064057472012,0.489177489177489,1155,0.0539303358377973,0.0548838066024713,1,-0.771432299014123
Chr21_75063069,21,75063069,0.281244141152944,0.193506493506494,1155,0.0539303358377973,0.0548830927066345,1,-1.09487545794116
Chr07_417541587,7,417541587,0.281272351110194,0.325108225108225,1155,0.0539303358377973,0.0548829809278139,1,-0.799284465651709
Chr11_204395800,11,204395800,0.281285733916223,0.0696969696969697,1155,0.0539303358377973,0.0548829279048898,1,1.29437936857602
Chr06_66288789,6,66288789,0.281544856750839,0.307792207792208,1155,0.0539303358377973,0.05488190188391,1,-1.00338605397644
Chr21_407381664,21,407381664,0.281665857259053,0.496536796536796,1155,0.0539303358377973,0.0548814231801283,1,4.38853523754915
Chr19_35400607,19,35400607,0.281688360883258,0.051948051948052,1155,0.0539303358377973,0.054881334179685,1,-1.53969786352343
Chr12_305515847,12,305515847,0.281919918992583,0.480519480519481,1155,0.0539303358377973,0.0548804189038433,1,-0.718231975709244
Chr20_79233025,20,79233025,0.282039728831256,0.0718614718614719,1155,0.0539303358377973,0.0548799457068269,1,-1.60386196425401
Chr09_274293,9,274293,0.282256190540509,0.0454545454545455,1155,0.0539303358377973,0.0548790914213896,1,-1.53377761901997
Chr08_393456771,8,393456771,0.282483726829035,0.0186147186147186,1155,0.0539303358377973,0.05487819432265,1,-2.35398584464512
Chr12_44006438,12,44006438,0.28274711948827,0.0216450216450216,1155,0.0539303358377973,0.0548771569961068,1,2.18247031377356
Chr15_103617252,15,103617252,0.283084963296564,0.213419913419913,1155,0.0539303358377973,0.0548758282466211,1,0.962193047921346
Chr08_289848559,8,289848559,0.283213075149425,0.112987012987013,1155,0.0539303358377973,0.0548753249041646,1,-0.852623947565093
Chr11_211462585,11,211462585,0.283373576077192,0.0787878787878788,1155,0.0539303358377973,0.0548746947142382,1,1.2504014291781
Chr19_474144397,19,474144397,0.283705063606898,0.0246753246753247,1155,0.0539303358377973,0.0548733945941108,1,2.22137786154373
Chr18_475719711,18,475719711,0.283740504714909,0.151082251082251,1155,0.0539303358377973,0.054873255705237,1,-0.973470834496652
Chr06_543789362,6,543789362,0.283889520634293,0.115151515151515,1155,0.0539303358377973,0.0548726719726746,1,-1.41454253091652
Chr12_422672673,12,422672673,0.283909202452471,0.393939393939394,1155,0.0539303358377973,0.054872594903119,1,0.697978383711416
Chr14_389250710,14,389250710,0.283926116902802,0.0216450216450217,1155,0.0539303358377973,0.0548725286753635,1,2.26114220934323
Chr13_149734798,13,149734798,0.284020655759014,0.0978354978354978,1155,0.0539303358377973,0.0548721586048928,1,-1.20742900191422
Chr04_262340139,4,262340139,0.284163877852611,0.0796536796536797,1155,0.0539303358377973,0.0548715982623021,1,-1.21502220955705
Chr19_581956346,19,581956346,0.284195366736029,0.357142857142857,1155,0.0539303358377973,0.0548714751131155,1,-0.631151932917476
Chr11_8704836,11,8704836,0.284256860616798,0.361038961038961,1155,0.0539303358377973,0.0548712346679292,1,-0.722519446224311
Chr03_19754359,3,19754359,0.284285724583828,0.117316017316017,1155,0.0539303358377973,0.0548711218306326,1,1.22704999570436
Chr07_37675384,7,37675384,0.284539184146289,0.211255411255411,1155,0.0539303358377973,0.0548701316101694,1,-1.03919254276201
Chr14_459452601,14,459452601,0.284731189870634,0.0891774891774892,1155,0.0539303358377973,0.054869382223286,1,1.09265013261908
Chr20_580996403,20,580996403,0.284778326325497,0.202597402597403,1155,0.0539303358377973,0.0548691983505365,1,1.00767545459547
Chr02_319100254,2,319100254,0.284815307853268,0.0255411255411255,1155,0.0539303358377973,0.0548690541177742,1,-2.15916807705801
Chr20_497598167,20,497598167,0.284948895216755,0.430735930735931,1155,0.0539303358377973,0.0548685333076157,1,0.593013009051248
Chr20_572679313,20,572679313,0.285096192366676,0.367965367965368,1155,0.0539303358377973,0.0548679594069088,1,0.845185690059111
Chr05_131060151,5,131060151,0.285262269607755,0.303030303030303,1155,0.0539303358377973,0.0548673127862462,1,-0.903117049193838
Chr08_300706869,8,300706869,0.285282617903413,0.371428571428571,1155,0.0539303358377973,0.0548672335931519,1,-1.01431474593261
Chr01_469320972,1,469320972,0.285360621559208,0.289177489177489,1155,0.0539303358377973,0.0548669300788307,1,-0.841022159348768
Chr13_377828726,13,377828726,0.285499455645008,0.4995670995671,1155,0.0539303358377973,0.0548663901321771,1,-12.0889010008832
Chr16_219806477,16,219806477,0.285796531732255,0.0926406926406926,1155,0.0539303358377973,0.0548652358778217,1,-1.12992507305593
Chr01_440284975,1,440284975,0.285833116997182,0.0982683982683983,1155,0.0539303358377973,0.0548650938354505,1,-1.10687009085534
Chr12_301921173,12,301921173,0.285856103008954,0.490909090909091,1155,0.0539303358377973,0.0548650046040237,1,2.68720732585734
Chr15_405143226,15,405143226,0.2861680047382,0.241558441558442,1155,0.0539303358377973,0.0548637947054339,1,-1.00695984494925
Chr05_92340910,5,92340910,0.28620686437397,0.0744588744588745,1155,0.0539303358377973,0.0548636440823256,1,1.18229874142973
Chr16_399570034,16,399570034,0.286229772531169,0.448917748917749,1155,0.0539303358377973,0.0548635553006219,1,1.11739048466427
Chr19_38623904,19,38623904,0.286251834378897,0.375757575757576,1155,0.0539303358377973,0.0548634698073696,1,-0.879981858193389
Chr10_81315256,10,81315256,0.286301406990075,0.0294372294372295,1155,0.0539303358377973,0.0548632777359644,1,1.59028606543143
Chr07_354033120,7,354033120,0.287019960824566,0.0792207792207792,1155,0.0539303358377973,0.0548604984038559,1,-1.27798310805166
Chr07_501986336,7,501986336,0.28705600775238,0.0376623376623377,1155,0.0539303358377973,0.0548603592091386,1,-1.61928637664654
Chr13_265039548,13,265039548,0.28731114178589,0.0320346320346321,1155,0.0539303358377973,0.0548593746476792,1,1.90877074649097
Chr15_436257128,15,436257128,0.28763694208057,0.452813852813853,1155,0.0539303358377973,0.054858119001112,1,1.08062735667852
Chr08_101267123,8,101267123,0.287905679288248,0.0294372294372294,1155,0.0539303358377973,0.0548570846391498,1,2.05881728145094
Chr09_355495187,9,355495187,0.288360150776507,0.423376623376623,1155,0.0539303358377973,0.0548553381848556,1,-0.659583892752948
Chr16_268171439,16,268171439,0.288429928335217,0.354112554112554,1155,0.0539303358377973,0.0548550703522834,1,1.12062461795836
Chr20_606179531,20,606179531,0.28847464977755,0.0424242424242424,1155,0.0539303358377973,0.05485489873792,1,1.58028293637132
Chr02_15543397,2,15543397,0.288543929538215,0.319047619047619,1155,0.0539303358377973,0.0548546329501984,1,-0.895923472726707
Chr13_40955336,13,40955336,0.289007537175725,0.129004329004329,1155,0.0539303358377973,0.0548528564364578,1,-1.01146945682399
Chr08_91576777,8,91576777,0.289397119232979,0.0354978354978355,1155,0.0539303358377973,0.0548513663894021,1,1.83683158712978
Chr21_391570998,21,391570998,0.289405773103863,0.296103896103896,1155,0.0539303358377973,0.0548513333196945,1,-0.814308521489608
Chr07_324623092,7,324623092,0.289415579819532,0.316017316017316,1155,0.0539303358377973,0.0548512958460552,1,-0.981260902905376
Chr03_467925059,3,467925059,0.289468586336204,0.0242424242424242,1155,0.0539303358377973,0.0548510933243972,1,-2.14078099927772
Chr06_570723838,6,570723838,0.289955953053396,0.0264069264069264,1155,0.0539303358377973,0.0548492334588562,1,-2.19100256135863
Chr15_97479632,15,97479632,0.290077585995029,0.0822510822510822,1155,0.0539303358377973,0.0548487699106438,1,1.15532771126345
Chr10_132997317,10,132997317,0.29031584138153,0.115584415584416,1155,0.0539303358377973,0.0548478626275809,1,-1.06214179726697
Chr18_454361846,18,454361846,0.290486210216703,0.194372294372294,1155,0.0539303358377973,0.0548472144407315,1,-0.938891512677628
Chr14_327619081,14,327619081,0.290922784450733,0.311688311688312,1155,0.0539303358377973,0.0548455556586874,1,-0.935348546811838
Chr02_416818960,2,416818960,0.290976156963442,0.0272727272727273,1155,0.0539303358377973,0.054845353085595,1,2.08932894295405
Chr21_395014575,21,395014575,0.291131321309809,0.428571428571429,1155,0.0539303358377973,0.0548447644353062,1,1.30502236354516
Chr06_42706615,6,42706615,0.291265859473543,0.0298701298701299,1155,0.0539303358377973,0.0548442543592068,1,1.52495096145424
Chr11_225969790,11,225969790,0.291285254881779,0.424675324675325,1155,0.0539303358377973,0.0548441808499889,1,0.54899761637175
Chr02_382548979,2,382548979,0.291294920960103,0.219480519480519,1155,0.0539303358377973,0.054844144217577,1,0.94115501209825
Chr04_224202325,4,224202325,0.29135613678978,0.0761904761904762,1155,0.0539303358377973,0.0548439122584463,1,1.34726455582089
Chr20_284121473,20,284121473,0.291670612055068,0.122943722943723,1155,0.0539303358377973,0.0548427216288325,1,1.26963021808271
Chr15_99274497,15,99274497,0.291883537818689,0.442857142857143,1155,0.0539303358377973,0.0548419164049462,1,1.02772603324479
Chr03_147264642,3,147264642,0.292036994009186,0.352813852813853,1155,0.0539303358377973,0.0548413365431698,1,0.823862434877242
Chr07_173555658,7,173555658,0.292177108297072,0.369264069264069,1155,0.0539303358377973,0.0548408074362071,1,-0.907511357807323
Chr18_509392530,18,509392530,0.292693230125523,0.0415584415584416,1155,0.0539303358377973,0.0548388612245538,1,-1.61874652643351
Chr10_489682964,10,489682964,0.292758133841991,0.0212121212121212,1155,0.0539303358377973,0.0548386167938391,1,-2.23332534760007
Chr11_50314840,11,50314840,0.292765561286296,0.201731601731602,1155,0.0539303358377973,0.0548385888261279,1,0.912715940678623
Chr21_425617810,21,425617810,0.292777005407976,0.337229437229437,1155,0.0539303358377973,0.054838545735567,1,0.889929275753673
Chr09_267872400,9,267872400,0.292800292785152,0.124675324675325,1155,0.0539303358377973,0.0548384580582401,1,-0.795739253983285
Chr21_72425153,21,72425153,0.292855550871428,0.0774891774891775,1155,0.0539303358377973,0.0548382500463993,1,-1.33290836674132
Chr02_8306086,2,8306086,0.293136251100321,0.177056277056277,1155,0.0539303358377973,0.0548371941619555,1,0.970851960833159
Chr04_47599552,4,47599552,0.293156718829833,0.104329004329004,1155,0.0539303358377973,0.0548371172209685,1,-1.29332400052144
Chr06_204585304,6,204585304,0.293507567587502,0.0363636363636364,1155,0.0539303358377973,0.0548357994006994,1,1.55323683898453
Chr18_358689833,18,358689833,0.293768399025615,0.361038961038961,1155,0.0539303358377973,0.0548348209998613,1,-1.08254400063208
Chr18_59157016,18,59157016,0.293932337048681,0.0268398268398268,1155,0.0539303358377973,0.054834206623503,1,2.03559359503112
Chr01_443840641,1,443840641,0.294000799385835,0.336796536796537,1155,0.0539303358377973,0.0548339501829997,1,0.932376020379877
Chr02_32207202,2,32207202,0.294015772504809,0.258441558441558,1155,0.0539303358377973,0.0548338941081323,1,0.882612908700537
Chr15_547478468,15,547478468,0.294110992335928,0.125541125541126,1155,0.0539303358377973,0.0548335375920297,1,1.18110893731807
Chr13_328733457,13,328733457,0.294420179774214,0.0476190476190476,1155,0.0539303358377973,0.0548323809705964,1,-1.56933714145737
Chr08_286017252,8,286017252,0.294473904231826,0.354545454545455,1155,0.0539303358377973,0.0548321801545659,1,0.866588967673067
Chr13_28531832,13,28531832,0.294743244847572,0.0458874458874459,1155,0.0539303358377973,0.0548311740966009,1,1.52299208865179
Chr17_19795624,17,19795624,0.2950360930668,0.258441558441558,1155,0.0539303358377973,0.0548300815678047,1,-0.788421697001979
Chr15_7896938,15,7896938,0.295050441685611,0.0536796536796537,1155,0.0539303358377973,0.0548300280731444,1,-1.55119641496748
Chr18_537421393,18,537421393,0.295139278204128,0.487445887445887,1155,0.0539303358377973,0.0548296969462142,1,-2.0425299795902
Chr01_380823619,1,380823619,0.295178529584061,0.494805194805195,1155,0.0539303358377973,0.0548295506823423,1,3.46735605006415
Chr21_229155478,21,229155478,0.295247219227053,0.261471861471861,1155,0.0539303358377973,0.054829294781586,1,-0.928194547157545
Chr11_104544869,11,104544869,0.295256310198718,0.0251082251082251,1155,0.0539303358377973,0.0548292609192215,1,2.13344171214914
Chr06_83757376,6,83757376,0.295272069975642,0.438095238095238,1155,0.0539303358377973,0.0548292022198337,1,0.570110950307537
Chr05_415610528,5,415610528,0.295484046984972,0.0225108225108225,1155,0.0539303358377973,0.0548284130735012,1,-1.57413159745172
Chr21_441876214,21,441876214,0.295507979987846,0.412554112554113,1155,0.0539303358377973,0.0548283240215269,1,0.759302388088003
Chr11_194507333,11,194507333,0.295887078890351,0.0246753246753246,1155,0.0539303358377973,0.0548269146705761,1,1.94426957002133
Chr21_96660126,21,96660126,0.296158701553098,0.418181818181818,1155,0.0539303358377973,0.0548259063009674,1,0.671995188771518
Chr20_108123453,20,108123453,0.29626980005584,0.231168831168831,1155,0.0539303358377973,0.0548254942018419,1,0.802546772230812
Chr20_243687274,20,243687274,0.29635518957755,0.202597402597403,1155,0.0539303358377973,0.0548251776001787,1,-0.906181092100269
Chr07_410545010,7,410545010,0.296362327857022,0.0242424242424242,1155,0.0539303358377973,0.0548251511386399,1,-2.12389087862277
Chr21_175918581,21,175918581,0.296477606517352,0.195238095238095,1155,0.0539303358377973,0.0548247239149332,1,-0.891859727771049
Chr10_394388506,10,394388506,0.296635844121097,0.0186147186147186,1155,0.0539303358377973,0.054824137832224,1,-2.27717315245323
Chr19_146758930,19,146758930,0.296651528124625,0.067965367965368,1155,0.0539303358377973,0.0548240797634555,1,-1.22013075482913
Chr01_280752042,1,280752042,0.296692496644243,0.0225108225108225,1155,0.0539303358377973,0.0548239280993849,1,2.12459015615794
Chr07_341482168,7,341482168,0.2967315933755,0.0333333333333333,1155,0.0539303358377973,0.0548237833896922,1,-2.03505309361964
Chr10_502840787,10,502840787,0.296838279206288,0.016017316017316,1155,0.0539303358377973,0.0548233886353512,1,-2.26864686207037
Chr06_479152046,6,479152046,0.296901737884669,0.0272727272727273,1155,0.0539303358377973,0.0548231539146956,1,2.10302796437023
Chr19_562895643,19,562895643,0.296989572283776,0.194805194805195,1155,0.0539303358377973,0.0548228291395471,1,-0.902580011245675
Chr04_158941122,4,158941122,0.297032006401321,0.0688311688311688,1155,0.0539303358377973,0.054822672279999,1,1.34324580739836
Chr19_722142295,19,722142295,0.297272177520907,0.288311688311688,1155,0.0539303358377973,0.0548217850193815,1,0.772865288473014
Chr06_197123130,6,197123130,0.297318088418262,0.377922077922078,1155,0.0539303358377973,0.0548216155162955,1,0.823057367767774
Chr07_48993090,7,48993090,0.29741741104865,0.474891774891775,1155,0.0539303358377973,0.0548212489321064,1,-0.526469986567236
Chr05_299979105,5,299979105,0.297541911075416,0.0541125541125541,1155,0.0539303358377973,0.0548207896442662,1,2.74440847111691
Chr15_50439861,15,50439861,0.297595264022848,0.0696969696969697,1155,0.0539303358377973,0.0548205928977443,1,1.72494329375448
Chr19_29877862,19,29877862,0.29765552425393,0.0242424242424242,1155,0.0539303358377973,0.0548203707341607,1,-2.08749279862485
Chr15_503413059,15,503413059,0.29768069745319,0.376190476190476,1155,0.0539303358377973,0.0548202779443314,1,0.698017893738552
Chr04_210088895,4,210088895,0.29772766410588,0.158441558441558,1155,0.0539303358377973,0.0548201048495763,1,-1.09487641495366
Chr13_31987470,13,31987470,0.297802161615429,0.0506493506493507,1155,0.0539303358377973,0.0548198303623286,1,-1.54703386793348
Chr20_438290560,20,438290560,0.29788078936542,0.308225108225108,1155,0.0539303358377973,0.0548195407528931,1,0.918806433882764
Chr06_358998780,6,358998780,0.298149427047717,0.0272727272727273,1155,0.0539303358377973,0.054818552021435,1,-2.1357435014839
Chr13_8956887,13,8956887,0.298188594288894,0.0380952380952381,1155,0.0539303358377973,0.0548184079605806,1,-1.61825824192289
Chr19_619561589,19,619561589,0.29819127076997,0.181818181818182,1155,0.0539303358377973,0.0548183981171161,1,-0.982532087045939
Chr21_266898817,21,266898817,0.298295280511943,0.248917748917749,1155,0.0539303358377973,0.0548180156818702,1,-0.961156847198538
Chr14_153938588,14,153938588,0.298384276053084,0.357575757575758,1155,0.0539303358377973,0.0548176885887585,1,-1.01324993239621
Chr18_287332805,18,287332805,0.298604825635433,0.0238095238095238,1155,0.0539303358377973,0.0548168785242169,1,-2.08199636029659
Chr09_457696997,9,457696997,0.298839201891415,0.386580086580087,1155,0.0539303358377973,0.0548160185185826,1,-0.711141673236824
Chr03_109505355,3,109505355,0.298886554204523,0.124242424242424,1155,0.0539303358377973,0.0548158448723615,1,1.06926694186873
Chr20_338250224,20,338250224,0.299109502662259,0.0787878787878787,1155,0.0539303358377973,0.0548150277710918,1,1.19754485638418
Chr20_398143280,20,398143280,0.299315871769133,0.0186147186147186,1155,0.0539303358377973,0.0548142721313056,1,-2.28998377751857
Chr04_40447321,4,40447321,0.299479138921394,0.206060606060606,1155,0.0539303358377973,0.0548136747885404,1,0.828680110214293
Chr01_275452967,1,275452967,0.299563063953898,0.170995670995671,1155,0.0539303358377973,0.0548133678966327,1,-1.02240861027656
Chr13_325082190,13,325082190,0.299577560353739,0.177922077922078,1155,0.0539303358377973,0.0548133148983031,1,-0.866381632324305
Chr18_34078880,18,34078880,0.299591654503414,0.446320346320346,1155,0.0539303358377973,0.0548132633737533,1,-0.628465659942975
Chr14_345355600,14,345355600,0.299877607353072,0.0658008658008658,1155,0.0539303358377973,0.0548122186783055,1,-1.1943026562452
Chr08_310500195,8,310500195,0.300004030106081,0.106060606060606,1155,0.0539303358377973,0.0548117572165748,1,-1.04611784547319
Chr02_348370245,2,348370245,0.300235576192666,0.103030303030303,1155,0.0539303358377973,0.0548109126886104,1,-1.13092102375026
Chr18_322420106,18,322420106,0.300304417146123,0.382683982683983,1155,0.0539303358377973,0.0548106617639272,1,-1.02891998622692
Chr06_228436625,6,228436625,0.30055319561779,0.38008658008658,1155,0.0539303358377973,0.0548097555863747,1,0.807564385108662
Chr19_113345908,19,113345908,0.300795366555063,0.241558441558442,1155,0.0539303358377973,0.0548088744052866,1,0.794971705424388
Chr18_423622012,18,423622012,0.300807641303654,0.0298701298701299,1155,0.0539303358377973,0.0548088297658423,1,1.9323228162561
Chr19_745154071,19,745154071,0.300964273196698,0.0207792207792208,1155,0.0539303358377973,0.0548082603505298,1,-2.08083313161384
Chr15_77967134,15,77967134,0.300989683459641,0.0770562770562771,1155,0.0539303358377973,0.0548081680107914,1,-1.32258816222989
Chr14_491900782,14,491900782,0.301104076910525,0.341125541125541,1155,0.0539303358377973,0.0548077524346915,1,-0.619731686141165
Chr17_35793737,17,35793737,0.30114027832882,0.132467532467532,1155,0.0539303358377973,0.0548076209622111,1,0.905094926630341
Chr13_317065356,13,317065356,0.30122631236278,0.104761904761905,1155,0.0539303358377973,0.0548073085947068,1,1.06409588657112
Chr04_7715681,4,7715681,0.301282821744664,0.5,1155,0.0539303358377973,0.0548071034862725,1,1.45781786671182
Chr21_162960463,21,162960463,0.301364872804182,0.165367965367965,1155,0.0539303358377973,0.0548068057592174,1,-0.962656057149729
Chr17_28279156,17,28279156,0.301462647034305,0.145021645021645,1155,0.0539303358377973,0.054806451116291,1,-0.939021765840835
Chr10_3570785,10,3570785,0.301517221981316,0.462770562770563,1155,0.0539303358377973,0.054806253228687,1,-0.566837896817901
Chr14_447708600,14,447708600,0.301623860901626,0.0787878787878788,1155,0.0539303358377973,0.0548058666916122,1,-1.61590799138719
Chr01_371050827,1,371050827,0.3016613529569,0.243722943722944,1155,0.0539303358377973,0.0548057308350205,1,-0.815036600304865
Chr01_443757535,1,443757535,0.301792364135993,0.295238095238095,1155,0.0539303358377973,0.0548052562726944,1,-0.73327600994034
Chr21_83397079,21,83397079,0.301940205523061,0.108225108225108,1155,0.0539303358377973,0.0548047210655523,1,-1.06559835019698
Chr16_18496456,16,18496456,0.302002081468494,0.0251082251082251,1155,0.0539303358377973,0.0548044971661432,1,-2.03420345872684
Chr02_417381502,2,417381502,0.302061341733061,0.0913419913419913,1155,0.0539303358377973,0.0548042827871578,1,-0.98442162228524
Chr19_685724561,19,685724561,0.302062053658776,0.0177489177489178,1155,0.0539303358377973,0.0548042802120349,1,-2.14453897557861
Chr02_123951906,2,123951906,0.302285251000778,0.0528138528138528,1155,0.0539303358377973,0.0548034732666536,1,1.44378102521009
Chr19_29877895,19,29877895,0.30237550998145,0.296969696969697,1155,0.0539303358377973,0.0548031471637654,1,0.842606049854538
Chr19_567158607,19,567158607,0.302425120207862,0.354545454545455,1155,0.0539303358377973,0.0548029679771083,1,0.676073345654771
Chr21_65688209,21,65688209,0.302447347287298,0.487012987012987,1155,0.0539303358377973,0.0548028877076707,1,2.2052209089652
Chr09_26638807,9,26638807,0.302624605432257,0.0428571428571429,1155,0.0539303358377973,0.0548022478417046,1,1.58567096697377
Chr02_274704624,2,274704624,0.302759314525723,0.151082251082251,1155,0.0539303358377973,0.0548017618929658,1,1.00822411518951
Chr08_385670556,8,385670556,0.302913252800087,0.44025974025974,1155,0.0539303358377973,0.0548012069189975,1,0.60619962491873
Chr12_391077976,12,391077976,0.303570474236495,0.019047619047619,1155,0.0539303358377973,0.0547988416174078,1,-2.16003976778138
Chr14_291935405,14,291935405,0.303668820285551,0.0255411255411255,1155,0.0539303358377973,0.0547984882453364,1,-2.06129737232598
Chr04_71329928,4,71329928,0.303697423687525,0.441125541125541,1155,0.0539303358377973,0.0547983854968204,1,-0.502844541695637
Chr17_303808891,17,303808891,0.303907578371452,0.393506493506494,1155,0.0539303358377973,0.0547976309674573,1,-0.960094944378909
Chr09_367831492,9,367831492,0.304005172077267,0.454112554112554,1155,0.0539303358377973,0.0547972808011765,1,-0.576959593569228
Chr16_320552170,16,320552170,0.304256511817146,0.147619047619048,1155,0.0539303358377973,0.0547963796633764,1,-0.88565051401531
Chr21_442376022,21,442376022,0.30435390855529,0.455411255411255,1155,0.0539303358377973,0.0547960307221842,1,-0.696175613074018
Chr14_59420358,14,59420358,0.304379802756908,0.34978354978355,1155,0.0539303358377973,0.0547959379759092,1,-0.678278860058214
Chr05_7244701,5,7244701,0.304397883248861,0.340692640692641,1155,0.0539303358377973,0.0547958732223589,1,-0.744881516459202
Chr10_132972844,10,132972844,0.304429431852182,0.374458874458874,1155,0.0539303358377973,0.0547957602459819,1,-1.4423822613021
Chr02_336655488,2,336655488,0.304534737847557,0.414718614718615,1155,0.0539303358377973,0.054795383252157,1,-1.04430255770478
Chr11_35011878,11,35011878,0.304555798071154,0.396103896103896,1155,0.0539303358377973,0.0547953078771355,1,0.645426585251954
Chr19_402761614,19,402761614,0.304562503315689,0.303030303030303,1155,0.0539303358377973,0.0547952838803302,1,-0.866331279247447
Chr16_28994466,16,28994466,0.304600647350208,0.272727272727273,1155,0.0539303358377973,0.05479514738303,1,0.857161788103951
Chr10_122396841,10,122396841,0.304865906063939,0.371861471861472,1155,0.0539303358377973,0.0547941987743562,1,-1.10480453333048
Chr18_291366356,18,291366356,0.304976058776035,0.0800865800865801,1155,0.0539303358377973,0.0547938051642539,1,-1.26485824266953
Chr19_130480640,19,130480640,0.305019222530099,0.422077922077922,1155,0.0539303358377973,0.0547936509768709,1,0.643645343513185
Chr15_162504126,15,162504126,0.305174152867942,0.0264069264069264,1155,0.0539303358377973,0.054793097775268,1,-2.18324691228932
Chr08_11351712,8,11351712,0.30525222844125,0.299134199134199,1155,0.0539303358377973,0.0547928191327948,1,-0.856467376153432
Chr14_491900799,14,491900799,0.305555548335653,0.0225108225108225,1155,0.0539303358377973,0.054791737495711,1,-2.09123095556653
Chr07_111075254,7,111075254,0.305689028474441,0.0203463203463203,1155,0.0539303358377973,0.0547912619471167,1,2.16718568665823
Chr18_514508841,18,514508841,0.305737561706958,0.487878787878788,1155,0.0539303358377973,0.0547910891048929,1,1.0827720117444
Chr01_279748265,1,279748265,0.305790865029097,0.211688311688312,1155,0.0539303358377973,0.0547908993158448,1,-0.970233591231477
Chr15_142313412,15,142313412,0.305950453625971,0.446753246753247,1155,0.0539303358377973,0.0547903313493133,1,-1.02427917872762
Chr01_382216552,1,382216552,0.306170963587409,0.473593073593074,1155,0.0539303358377973,0.0547895471990081,1,-1.49147507121188
Chr02_246829529,2,246829529,0.306280183399379,0.00822510822510825,1155,0.0539303358377973,0.0547891590761803,1,2.72513706659083
Chr13_256162227,13,256162227,0.306559790244907,0.149350649350649,1155,0.0539303358377973,0.0547881662846956,1,1.10939374787176
Chr15_140093363,15,140093363,0.306606190924259,0.0541125541125541,1155,0.0539303358377973,0.0547880016448768,1,1.46958762102847
Chr02_424876120,2,424876120,0.306694528241546,0.343290043290043,1155,0.0539303358377973,0.0547876882939871,1,-0.589776939046445
Chr10_499033645,10,499033645,0.306711454400076,0.0307359307359307,1155,0.0539303358377973,0.0547876282667434,1,-1.4655797760015
Chr03_108842133,3,108842133,0.306756410976865,0.00995670995670994,1155,0.0539303358377973,0.0547874688527713,1,-2.52613447047406
Chr13_305864224,13,305864224,0.306810229557383,0.20995670995671,1155,0.0539303358377973,0.0547872780544064,1,-0.853609187898542
Chr17_250057836,17,250057836,0.306911469435983,0.143290043290043,1155,0.0539303358377973,0.0547869192550955,1,-0.776884010035815
Chr07_501915200,7,501915200,0.307023028651439,0.0341991341991342,1155,0.0539303358377973,0.0547865240613973,1,-1.99974231198536
Chr07_505632490,7,505632490,0.307023028651439,0.0341991341991342,1155,0.0539303358377973,0.0547865240613973,1,-1.99974231198536
Chr10_116308039,10,116308039,0.307092000559937,0.120779220779221,1155,0.0539303358377973,0.0547862798246316,1,1.01865894624405
Chr15_510211031,15,510211031,0.307100050998998,0.353246753246753,1155,0.0539303358377973,0.054786251321823,1,0.646033361110426
Chr16_320600009,16,320600009,0.307326611115441,0.285281385281385,1155,0.0539303358377973,0.0547854495768758,1,0.70942364440225
Chr16_231417453,16,231417453,0.307684560782475,0.0372294372294372,1155,0.0539303358377973,0.0547841844371038,1,1.54617197160995
Chr01_93606960,1,93606960,0.30807189234252,0.0424242424242424,1155,0.0539303358377973,0.0547828176018251,1,-1.47966941669981
Chr03_469631260,3,469631260,0.308231962341775,0.129437229437229,1155,0.0539303358377973,0.0547822533906558,1,0.954261350112176
Chr15_370623097,15,370623097,0.308331349040976,0.0242424242424242,1155,0.0539303358377973,0.0547819032662331,1,2.1859423320067
Chr09_138147549,9,138147549,0.308401670238344,0.0731601731601732,1155,0.0539303358377973,0.0547816556238271,1,1.33339324872327
Chr02_106306927,2,106306927,0.308774874465146,0.0229437229437229,1155,0.0539303358377973,0.0547803425792703,1,1.95695422320117
Chr16_90449187,16,90449187,0.308850020142111,0.275324675324675,1155,0.0539303358377973,0.0547800784438104,1,-0.867021798627462
Chr16_315495424,16,315495424,0.309038295239682,0.317748917748918,1155,0.0539303358377973,0.0547794170277618,1,-0.870233618643113
Chr21_432180407,21,432180407,0.30911832294675,0.360606060606061,1155,0.0539303358377973,0.0547791360467698,1,0.570229294865698
Chr18_363139352,18,363139352,0.309150771861082,0.483116883116883,1155,0.0539303358377973,0.0547790221440936,1,-1.88523179312438
Chr08_78479850,8,78479850,0.309163533150707,0.111688311688312,1155,0.0539303358377973,0.0547789773534791,1,-1.25974556071151
Chr12_27577151,12,27577151,0.309209369199281,0.051948051948052,1155,0.0539303358377973,0.0547788164942175,1,-1.44236388754861
Chr01_55353281,1,55353281,0.309304806576333,0.467965367965368,1155,0.0539303358377973,0.0547784816611719,1,0.665473245176514
Chr18_490838354,18,490838354,0.309344098642955,0.0246753246753247,1155,0.0539303358377973,0.0547783438477236,1,-2.09759301573216
Chr07_150026780,7,150026780,0.309413136734513,0.20952380952381,1155,0.0539303358377973,0.054778101757893,1,0.90202081241361
Chr13_227609460,13,227609460,0.309516394092105,0.0696969696969697,1155,0.0539303358377973,0.0547777398055278,1,-1.29495655866999
Chr20_20507082,20,20507082,0.309700522468943,0.414718614718615,1155,0.0539303358377973,0.0547770947624289,1,0.534009909776415
Chr01_77499326,1,77499326,0.309766138428436,0.151082251082251,1155,0.0539303358377973,0.0547768650156114,1,0.794764820475962
Chr07_103055291,7,103055291,0.310089705156496,0.466233766233766,1155,0.0539303358377973,0.0547757330094638,1,0.754756184789642
Chr01_306457943,1,306457943,0.310152876939962,0.196103896103896,1155,0.0539303358377973,0.0547755121808944,1,0.973726194200708
Chr07_386772027,7,386772027,0.310170086327426,0.367965367965368,1155,0.0539303358377973,0.0547754520324721,1,0.758705859085467
Chr08_95242070,8,95242070,0.310172305312308,0.163203463203463,1155,0.0539303358377973,0.054775444277228,1,-0.675068601830446
Chr02_143430889,2,143430889,0.310182580037942,0.348917748917749,1155,0.0539303358377973,0.0547754083685097,1,0.869754519715627
Chr02_344356124,2,344356124,0.310183466523099,0.404761904761905,1155,0.0539303358377973,0.0547754052704371,1,0.506508249361559
Chr18_181188691,18,181188691,0.31033323592312,0.0454545454545455,1155,0.0539303358377973,0.0547748820252167,1,1.39382581689233
Chr01_131581665,1,131581665,0.310512189135353,0.352380952380952,1155,0.0539303358377973,0.0547742572525077,1,0.960347598363057
Chr05_148718189,5,148718189,0.310530613916915,0.0497835497835498,1155,0.0539303358377973,0.0547741929533887,1,-1.45280395732914
Chr09_183303361,9,183303361,0.310721533141934,0.173160173160173,1155,0.0539303358377973,0.05477352697271,1,0.924942829478994
Chr02_414221756,2,414221756,0.310978949554526,0.0536796536796537,1155,0.0539303358377973,0.0547726298746923,1,1.42688635070317
Chr03_476822024,3,476822024,0.3110196127404,0.126406926406926,1155,0.0539303358377973,0.0547724882517296,1,1.09420215292153
Chr03_133899021,3,133899021,0.31112068405571,0.206493506493507,1155,0.0539303358377973,0.0547721363420672,1,-0.819827001823825
Chr15_326020806,15,326020806,0.311172752670602,0.263203463203463,1155,0.0539303358377973,0.054771955107959,1,-1.08480088469082
Chr15_611405217,15,611405217,0.311229136837043,0.102597402597403,1155,0.0539303358377973,0.0547717588973882,1,1.31257551258869
Chr08_47585005,8,47585005,0.311878626700995,0.256277056277056,1155,0.0539303358377973,0.0547695020830714,1,0.772029205759679
Chr20_406028136,20,406028136,0.312066603423413,0.134632034632035,1155,0.0539303358377973,0.0547688500549836,1,-1.010936090646
Chr20_10465595,20,10465595,0.312097350185454,0.0341991341991342,1155,0.0539303358377973,0.0547687434535726,1,-1.56641620302238
Chr02_336322362,2,336322362,0.31213296110407,0.435930735930736,1155,0.0539303358377973,0.0547686200048831,1,0.526431262968174
Chr13_15098828,13,15098828,0.312796817560598,0.106060606060606,1155,0.0539303358377973,0.0547663220431892,1,0.769799588278872
Chr17_335473434,17,335473434,0.31281700482558,0.15021645021645,1155,0.0539303358377973,0.0547662522640808,1,0.891502199433859
Chr21_56648990,21,56648990,0.312949401225565,0.0272727272727272,1155,0.0539303358377973,0.0547657947696811,1,-1.86248144443061
Chr18_273585618,18,273585618,0.312996633225649,0.169264069264069,1155,0.0539303358377973,0.0547656316211755,1,0.806346000827304
Chr19_137196166,19,137196166,0.31320614382012,0.168831168831169,1155,0.0539303358377973,0.0547649083184568,1,-0.919963410874345
Chr08_300706896,8,300706896,0.313422202405753,0.463203463203463,1155,0.0539303358377973,0.0547641630716919,1,0.823253263517188
Chr10_50474008,10,50474008,0.313476678136739,0.0688311688311688,1155,0.0539303358377973,0.0547639752755714,1,1.18358108782354
Chr16_336163144,16,336163144,0.313538753923066,0.422943722943723,1155,0.0539303358377973,0.0547637613315001,1,0.574914978832197
Chr10_470505920,10,470505920,0.314046121125313,0.101298701298701,1155,0.0539303358377973,0.054762014764972,1,-1.09258720954105
Chr08_426429520,8,426429520,0.314059427218965,0.0207792207792208,1155,0.0539303358377973,0.0547619690095865,1,2.07365938128117
Chr19_575235341,19,575235341,0.314182693825858,0.0744588744588744,1155,0.0539303358377973,0.0547615452558029,1,-1.12343878247407
Chr09_441841657,9,441841657,0.31443619559254,0.417316017316017,1155,0.0539303358377973,0.054760674475584,1,0.635371857721566
Chr14_371657314,14,371657314,0.314486210116931,0.0753246753246753,1155,0.0539303358377973,0.0547605027838487,1,1.79301427469244
Chr15_590402876,15,590402876,0.314489564174914,0.299134199134199,1155,0.0539303358377973,0.05476049127119,1,-0.946699397216435
Chr07_275724838,7,275724838,0.314494761146884,0.0220779220779221,1155,0.0539303358377973,0.0547604734331262,1,1.98160838704253
Chr13_19296295,13,19296295,0.314556490983681,0.0506493506493507,1155,0.0539303358377973,0.0547602615814173,1,-1.46610511692683
Chr18_17030492,18,17030492,0.31465575979989,0.356277056277056,1155,0.0539303358377973,0.0547599210130991,1,-0.604858508683606
Chr06_265254330,6,265254330,0.315128695193624,0.268831168831169,1155,0.0539303358377973,0.0547583004101483,1,0.607869227241494
Chr08_78172630,8,78172630,0.315433312591231,0.28008658008658,1155,0.0539303358377973,0.0547572582659449,1,-0.853888867000336
Chr19_252739058,19,252739058,0.315519317554988,0.140692640692641,1155,0.0539303358377973,0.0547569642679814,1,1.05111069397154
Chr02_110841099,2,110841099,0.315789511922728,0.309090909090909,1155,0.0539303358377973,0.0547560413225323,1,0.78195890932696
Chr14_292989620,14,292989620,0.31605759121661,0.025974025974026,1155,0.0539303358377973,0.0547551266239444,1,-2.00708405251139
Chr04_246851979,4,246851979,0.316115479140761,0.106493506493506,1155,0.0539303358377973,0.0547549292412306,1,-1.26772568659965
Chr12_253641525,12,253641525,0.316305316545574,0.33030303030303,1155,0.0539303358377973,0.0547542822775683,1,-0.797837987605845
Chr13_11975044,13,11975044,0.316310149213757,0.0216450216450216,1155,0.0539303358377973,0.0547542658145347,1,-2.09490355108143
Chr19_746423706,19,746423706,0.316444065884173,0.0515151515151515,1155,0.0539303358377973,0.0547538097433514,1,1.43305121225225
Chr03_131736727,3,131736727,0.316514764235114,0.360606060606061,1155,0.0539303358377973,0.054753569072693,1,0.749525513789393
Chr17_12475339,17,12475339,0.316661119287698,0.025974025974026,1155,0.0539303358377973,0.0547530710761583,1,1.95831951073427
Chr17_12515794,17,12515794,0.316661119287698,0.025974025974026,1155,0.0539303358377973,0.0547530710761583,1,1.95831951073427
Chr09_400934862,9,400934862,0.316664414741336,0.441125541125541,1155,0.0539303358377973,0.0547530598663233,1,0.630544669419066
Chr04_261875632,4,261875632,0.316698558124252,0.426406926406926,1155,0.0539303358377973,0.054752943732999,1,-0.977291060464268
Chr21_90696952,21,90696952,0.316910820765141,0.0545454545454545,1155,0.0539303358377973,0.0547522221233716,1,1.42635783755931
Chr06_556273169,6,556273169,0.316943632143238,0.0515151515151515,1155,0.0539303358377973,0.0547521106341488,1,1.44362960502824
Chr19_433055728,19,433055728,0.316989482351109,0.00952380952380952,1155,0.0539303358377973,0.0547519548658743,1,-2.67856033422892
Chr07_519891975,7,519891975,0.317025268625824,0.0333333333333333,1155,0.0539303358377973,0.0547518333086371,1,-1.94532863261068
Chr06_505351732,6,505351732,0.317072180501576,0.116883116883117,1155,0.0539303358377973,0.0547516739877173,1,1.06273570119905
Chr09_352047143,9,352047143,0.31718624471986,0.0428571428571429,1155,0.0539303358377973,0.0547512867347205,1,1.54063149588497
Chr16_143574016,16,143574016,0.317231019803369,0.308225108225108,1155,0.0539303358377973,0.0547511347713044,1,0.801482154953732
Chr01_285043677,1,285043677,0.317274293101434,0.0203463203463203,1155,0.0539303358377973,0.0547509879315851,1,-2.0473825884611
Chr18_170459443,18,170459443,0.317297961285948,0.146753246753247,1155,0.0539303358377973,0.0547509076292134,1,0.896188786203254
Chr06_537854034,6,537854034,0.317448808697129,0.0380952380952381,1155,0.0539303358377973,0.0547503960127136,1,1.26629092379244
Chr19_608696597,19,608696597,0.317472700184933,0.077056277056277,1155,0.0539303358377973,0.0547503150112331,1,-1.2691735792082
Chr18_47044542,18,47044542,0.31749345512512,0.029004329004329,1155,0.0539303358377973,0.054750244650371,1,1.96024520655438
Chr06_536604108,6,536604108,0.317552989673584,0.348917748917749,1155,0.0539303358377973,0.054750042857113,1,-0.868636516394986
Chr15_190884802,15,190884802,0.317589343646027,0.0285714285714286,1155,0.0539303358377973,0.0547499196591914,1,-1.95442018754966
Chr12_51058775,12,51058775,0.317697463265275,0.0255411255411255,1155,0.0539303358377973,0.0547495533681247,1,2.03023455168942
Chr20_281943660,20,281943660,0.317965031869004,0.0523809523809524,1155,0.0539303358377973,0.0547486475941061,1,-1.46731750030743
Chr20_356479837,20,356479837,0.318052469647526,0.319047619047619,1155,0.0539303358377973,0.0547483518164743,1,0.617948034098987
Chr14_94840992,14,94840992,0.318055200976823,0.178787878787879,1155,0.0539303358377973,0.0547483425788677,1,-0.951704688671725
Chr09_356614344,9,356614344,0.318102891962514,0.0463203463203463,1155,0.0539303358377973,0.0547481813003886,1,1.55459341305689
Chr20_77679701,20,77679701,0.318232514037506,0.395238095238095,1155,0.0539303358377973,0.0547477431127635,1,0.886879075537536
Chr14_521991220,14,521991220,0.318335662728332,0.247186147186147,1155,0.0539303358377973,0.0547473945859653,1,-0.847850181378959
Chr20_487424657,20,487424657,0.31835219010071,0.00865800865800866,1155,0.0539303358377973,0.05474733875579,1,-2.69711933085644
Chr11_55114662,11,55114662,0.318436885523978,0.0220779220779221,1155,0.0539303358377973,0.0547470527107561,1,2.10398734621121
Chr07_327531091,7,327531091,0.318515918269589,0.0203463203463203,1155,0.0539303358377973,0.0547467858806586,1,-2.13201317917448
Chr11_7181812,11,7181812,0.318767052953143,0.170995670995671,1155,0.0539303358377973,0.0547459385777822,1,-0.715074511564268
Chr17_89388699,17,89388699,0.319228696782071,0.158441558441558,1155,0.0539303358377973,0.0547443833254503,1,-0.91785878536848
Chr02_231503505,2,231503505,0.319389630796017,0.253246753246753,1155,0.0539303358377973,0.0547438418428468,1,0.774616386596506
Chr01_146862327,1,146862327,0.319393813170556,0.407359307359307,1155,0.0539303358377973,0.0547438277755107,1,-0.62226147128419
Chr21_155992241,21,155992241,0.31946317414349,0.0822510822510823,1155,0.0539303358377973,0.0547435945165288,1,1.21619503366279
Chr16_346120593,16,346120593,0.319600532960592,0.307359307359307,1155,0.0539303358377973,0.0547431327792962,1,0.878521702864873
Chr13_135417628,13,135417628,0.319664866585892,0.322510822510823,1155,0.0539303358377973,0.0547429166089801,1,0.936704245034548
Chr21_350764436,21,350764436,0.319788897156304,0.378354978354978,1155,0.0539303358377973,0.0547425000097954,1,0.641563336397894
Chr18_26390204,18,26390204,0.319871798181116,0.0489177489177489,1155,0.0539303358377973,0.0547422216768306,1,1.46197004435395
Chr19_46876369,19,46876369,0.319931961619305,0.0155844155844156,1155,0.0539303358377973,0.0547420197427794,1,-1.93401075916026
Chr17_47630593,17,47630593,0.319977029565279,0.307792207792208,1155,0.0539303358377973,0.0547418685083493,1,-0.771952001643911
Chr19_669873032,19,669873032,0.320096092041274,0.473593073593074,1155,0.0539303358377973,0.0547414691054561,1,0.625411432122291
Chr10_116833994,10,116833994,0.320522221720071,0.0220779220779221,1155,0.0539303358377973,0.0547400412266872,1,-2.09485768923911
Chr06_258932377,6,258932377,0.320625507891151,0.41991341991342,1155,0.0539303358377973,0.0547396955109259,1,-0.9025700607001
Chr01_371045021,1,371045021,0.320727568021881,0.399134199134199,1155,0.0539303358377973,0.0547393540429935,1,-0.578286795786795
Chr15_476332816,15,476332816,0.320794561898923,0.498268398268398,1155,0.0539303358377973,0.054739129975874,1,-0.648376855614572
Chr06_166361686,6,166361686,0.32081938089251,0.435064935064935,1155,0.0539303358377973,0.0547390469821407,1,1.19484620507194
Chr20_76570226,20,76570226,0.320890732732502,0.0251082251082251,1155,0.0539303358377973,0.0547388084315186,1,1.99716038896862
Chr02_299177524,2,299177524,0.320936754374007,0.029004329004329,1155,0.0539303358377973,0.0547386546044316,1,-1.93568974903539
Chr07_160243477,7,160243477,0.320978017264399,0.0714285714285714,1155,0.0539303358377973,0.0547385167081523,1,0.942031542952463
Chr16_49416762,16,49416762,0.32105225792379,0.0506493506493507,1155,0.0539303358377973,0.0547382686624227,1,1.38146919389827
Chr19_351242747,19,351242747,0.321154001005889,0.434199134199134,1155,0.0539303358377973,0.054737928851006,1,0.743929408593374
Chr21_66748911,21,66748911,0.321162809444072,0.283116883116883,1155,0.0539303358377973,0.054737899438404,1,-0.74614741384147
Chr09_420315727,9,420315727,0.321167363013283,0.0805194805194805,1155,0.0539303358377973,0.0547378842338179,1,0.968356148604812
Chr04_3558655,4,3558655,0.321283980034515,0.0718614718614719,1155,0.0539303358377973,0.0547374949408,1,1.21534747925067
Chr16_347673613,16,347673613,0.321367198608514,0.251082251082251,1155,0.0539303358377973,0.054737217252936,1,0.852538212479431
Chr10_142542886,10,142542886,0.321550870043934,0.30995670995671,1155,0.0539303358377973,0.0547366047043659,1,0.707820503054791
Chr18_251257556,18,251257556,0.321618429398476,0.267099567099567,1155,0.0539303358377973,0.0547363795083665,1,0.87013840890188
Chr14_372671232,14,372671232,0.321823784600604,0.0523809523809524,1155,0.0539303358377973,0.0547356953794683,1,-1.27267071045733
Chr16_320116117,16,320116117,0.322205317646631,0.449350649350649,1155,0.0539303358377973,0.0547344258517966,1,0.468617605875693
Chr20_419076964,20,419076964,0.322271575212959,0.241558441558442,1155,0.0539303358377973,0.0547342055859544,1,-1.03393254927073
Chr01_459540334,1,459540334,0.322274468311711,0.341991341991342,1155,0.0539303358377973,0.0547341959695333,1,-0.769623082213229
Chr01_319189671,1,319189671,0.322520830735391,0.416450216450216,1155,0.0539303358377973,0.0547333774989379,1,-1.01129117905322
Chr19_78253132,19,78253132,0.322742387748874,0.0216450216450217,1155,0.0539303358377973,0.0547326421418965,1,-1.92400261104467
Chr18_519657313,18,519657313,0.323076164024961,0.0380952380952381,1155,0.0539303358377973,0.0547315355819152,1,-1.48751655437586
Chr06_12255624,6,12255624,0.323249531903365,0.290909090909091,1155,0.0539303358377973,0.054730961415414,1,0.693582360005024
Chr19_759056737,19,759056737,0.323260907287737,0.171428571428571,1155,0.0539303358377973,0.0547309237561951,1,0.86881377019381
Chr03_370534367,3,370534367,0.323450495222047,0.0779220779220779,1155,0.0539303358377973,0.0547302963661368,1,1.14345216942378
Chr16_13393232,16,13393232,0.323478740531605,0.0277056277056277,1155,0.0539303358377973,0.0547302029374979,1,-1.81056472848836
Chr21_101931494,21,101931494,0.323646639018373,0.138961038961039,1155,0.0539303358377973,0.0547296477924158,1,-0.842912591094176
Chr19_279308519,19,279308519,0.323685849967157,0.224675324675325,1155,0.0539303358377973,0.0547295181988637,1,0.922535955316079
Chr19_626103205,19,626103205,0.323693892105988,0.356277056277056,1155,0.0539303358377973,0.0547294916218787,1,0.795647075132365
Chr10_21465217,10,21465217,0.323762094630154,0.0255411255411255,1155,0.0539303358377973,0.0547292662669835,1,-2.00189973064941
Chr16_19559627,16,19559627,0.32404167850556,0.0484848484848485,1155,0.0539303358377973,0.0547283431209366,1,1.4491639341425
Chr20_349286799,20,349286799,0.324243846246211,0.234632034632035,1155,0.0539303358377973,0.0547276762477255,1,0.741882053156132
Chr20_126997929,20,126997929,0.324328883178051,0.406493506493507,1155,0.0539303358377973,0.0547273959080288,1,-0.937760522191581
Chr13_226710585,13,226710585,0.324348259994595,0.0645021645021645,1155,0.0539303358377973,0.0547273320424316,1,-1.27126572576957
Chr02_321911880,2,321911880,0.324460152022365,0.487445887445887,1155,0.0539303358377973,0.0547269633472454,1,-0.572534800619394
Chr04_1178502,4,1178502,0.324512177489452,0.373160173160173,1155,0.0539303358377973,0.0547267919755136,1,0.904475885882903
Chr19_702349479,19,702349479,0.324560981231189,0.227272727272727,1155,0.0539303358377973,0.0547266312491677,1,0.763347726801015
Chr13_378842612,13,378842612,0.324705994357519,0.432034632034632,1155,0.0539303358377973,0.0547261538631181,1,1.02608759027919
Chr13_382482916,13,382482916,0.324842250327449,0.274891774891775,1155,0.0539303358377973,0.0547257055627836,1,-0.677320376891572
Chr19_114258379,19,114258379,0.324859528220502,0.0242424242424242,1155,0.0539303358377973,0.0547256487339841,1,1.99919928780554
Chr16_19565874,16,19565874,0.324926810114865,0.00649350649350649,1155,0.0539303358377973,0.0547254274749062,1,2.92434715844081
Chr21_47517614,21,47517614,0.324961862543948,0.0506493506493507,1155,0.0539303358377973,0.0547253122276757,1,1.4030102106355
Chr19_732691799,19,732691799,0.325002636909839,0.096969696969697,1155,0.0539303358377973,0.0547251781882595,1,1.08302993883711
Chr16_19565875,16,19565875,0.325067859020838,0.0108225108225108,1155,0.0539303358377973,0.0547249638269366,1,2.25832850042133
Chr19_399337749,19,399337749,0.325249676720456,0.0264069264069264,1155,0.0539303358377973,0.0547243665588366,1,1.94015005937942
Chr17_213735405,17,213735405,0.325283194004253,0.3995670995671,1155,0.0539303358377973,0.0547242565033703,1,0.689975774943292
Chr18_20045447,18,20045447,0.325384443814821,0.0987012987012987,1155,0.0539303358377973,0.0547239241363595,1,-1.07121707168315
Chr20_671675191,20,671675191,0.325408456043547,0.18961038961039,1155,0.0539303358377973,0.0547238453328689,1,0.900859498264737
Chr06_444164897,6,444164897,0.325418048727124,0.0874458874458875,1155,0.0539303358377973,0.0547238138536901,1,1.11767979096197
Chr15_610759919,15,610759919,0.325918298438626,0.217316017316017,1155,0.0539303358377973,0.0547221739443021,1,0.960378802573985
Chr20_556979362,20,556979362,0.326028607012031,0.189177489177489,1155,0.0539303358377973,0.0547218127814345,1,0.748233571437709
Chr04_265471646,4,265471646,0.326094332992624,0.0904761904761905,1155,0.0539303358377973,0.0547215976640403,1,0.911902240024943
Chr13_159653279,13,159653279,0.326110555617622,0.328138528138528,1155,0.0539303358377973,0.0547215445771531,1,0.890762587316658
Chr14_8946170,14,8946170,0.326188006733273,0.498701298701299,1155,0.0539303358377973,0.054721291174502,1,-4.22181556476789
Chr02_98181845,2,98181845,0.326310543295167,0.045021645021645,1155,0.0539303358377973,0.0547208904252379,1,1.40552435968429
Chr04_106916092,4,106916092,0.326434459086388,0.0796536796536796,1155,0.0539303358377973,0.0547204853680864,1,-1.12453872799097
Chr01_239553032,1,239553032,0.326756944824955,0.00822510822510825,1155,0.0539303358377973,0.0547194321784544,1,2.57266901019739
Chr19_634319606,19,634319606,0.3268555324664,0.286147186147186,1155,0.0539303358377973,0.0547191104811895,1,-0.589579891602838
Chr08_65898058,8,65898058,0.32707444199916,0.316017316017316,1155,0.0539303358377973,0.054718396626477,1,0.775573622223448
Chr19_281394411,19,281394411,0.327138552364007,0.293506493506493,1155,0.0539303358377973,0.05471818768527,1,0.777255223527447
Chr15_589767927,15,589767927,0.327146058235786,0.483982683982684,1155,0.0539303358377973,0.0547181632265406,1,0.677468547061835
Chr18_518387145,18,518387145,0.327181726109349,0.225108225108225,1155,0.0539303358377973,0.0547180470089227,1,0.776301085290129
Chr10_419765478,10,419765478,0.327221128289854,0.0294372294372294,1155,0.0539303358377973,0.0547179186432493,1,1.95045869114944
Chr03_396615807,3,396615807,0.327241581199787,0.311255411255411,1155,0.0539303358377973,0.0547178520191944,1,-0.770472477979837
Chr20_237547924,20,237547924,0.327261363055655,0.376623376623377,1155,0.0539303358377973,0.0547177875863143,1,0.703961976136753
Chr10_494527380,10,494527380,0.327462098391467,0.438528138528139,1155,0.0539303358377973,0.0547171340492401,1,0.502895505812376
Chr01_206289358,1,206289358,0.327898955841561,0.305194805194805,1155,0.0539303358377973,0.054715713601925,1,-0.766749765243986
Chr11_227460942,11,227460942,0.32792846378991,0.384848484848485,1155,0.0539303358377973,0.0547156177470678,1,-0.642883752822939
Chr04_262582812,4,262582812,0.328005201601153,0.0467532467532468,1155,0.0539303358377973,0.054715368522352,1,-1.47045060307188
Chr06_323531104,6,323531104,0.328021284823991,0.0995670995670996,1155,0.0539303358377973,0.0547153162979845,1,-1.07030187437752
Chr02_426610658,2,426610658,0.328112528735463,0.134632034632035,1155,0.0539303358377973,0.0547150200812214,1,1.10090342920557
Chr06_100693658,6,100693658,0.328254772475767,0.445021645021645,1155,0.0539303358377973,0.0547145585153608,1,-0.751234037533777
Chr09_322504114,9,322504114,0.32826932701041,0.129004329004329,1155,0.0539303358377973,0.0547145113024218,1,-1.11045234206858
Chr12_338560524,12,338560524,0.328285180692321,0.236363636363636,1155,0.0539303358377973,0.0547144598783885,1,0.540641770075538
Chr04_31143302,4,31143302,0.328339168737307,0.0372294372294373,1155,0.0539303358377973,0.0547142847840029,1,1.30048275680201
Chr20_312466516,20,312466516,0.328721258841294,0.294372294372294,1155,0.0539303358377973,0.054713046679241,1,0.729078918362575
Chr14_39242632,14,39242632,0.328761036588369,0.446320346320346,1155,0.0539303358377973,0.0547129178954272,1,-0.585341562868308
Chr21_303641259,21,303641259,0.328876421417951,0.0424242424242425,1155,0.0539303358377973,0.0547125444444481,1,-1.44142157797887
Chr08_64238797,8,64238797,0.328933052839347,0.43982683982684,1155,0.0539303358377973,0.0547123612166485,1,-1.03191704524136
Chr17_331219371,17,331219371,0.3290172577518,0.0541125541125541,1155,0.0539303358377973,0.0547120888538827,1,1.45131676130814
Chr15_523439897,15,523439897,0.329254575033172,0.446753246753247,1155,0.0539303358377973,0.0547113217439781,1,-0.562651650383287
Chr10_331859340,10,331859340,0.329287984524183,0.452380952380952,1155,0.0539303358377973,0.0547112138094015,1,-1.29842836790408
Chr15_512223291,15,512223291,0.329301731939465,0.0917748917748918,1155,0.0539303358377973,0.0547111694004583,1,0.94682189715148
Chr19_78253140,19,78253140,0.329306375379778,0.0203463203463203,1155,0.0539303358377973,0.0547111544010864,1,1.9917479354914
Chr14_510332091,14,510332091,0.329366181702252,0.0264069264069264,1155,0.0539303358377973,0.0547109612381371,1,-1.87297153147132
Chr02_137286498,2,137286498,0.329656851134344,0.11038961038961,1155,0.0539303358377973,0.0547100230955796,1,1.05604000151774
Chr19_415966239,19,415966239,0.329844383496811,0.152380952380952,1155,0.0539303358377973,0.0547094184142378,1,1.05308856530246
Chr10_4752645,10,4752645,0.329996399160472,0.466233766233766,1155,0.0539303358377973,0.0547089285889458,1,-0.487756966567531
Chr02_68627257,2,68627257,0.330358845512509,0.315151515151515,1155,0.0539303358377973,0.0547077619240933,1,0.794520113255174
Chr06_2560855,6,2560855,0.330482016053847,0.0346320346320346,1155,0.0539303358377973,0.0547073658429976,1,-1.43071003168703
Chr02_296796068,2,296796068,0.330494855736997,0.0307359307359307,1155,0.0539303358377973,0.0547073245655764,1,-1.84707053734481
Chr02_13599807,2,13599807,0.330815254516831,0.0588744588744589,1155,0.0539303358377973,0.0547062952285287,1,-1.0528000808519
Chr10_459839942,10,459839942,0.330828705986993,0.266666666666667,1155,0.0539303358377973,0.054706252042382,1,-0.705059094087147
Chr09_430697371,9,430697371,0.330832255884276,0.32987012987013,1155,0.0539303358377973,0.0547062406457713,1,-0.68359597786079
Chr15_475111414,15,475111414,0.330875118448332,0.287012987012987,1155,0.0539303358377973,0.0547061030524297,1,-0.924772959654547
Chr20_653072198,20,653072198,0.330977335313381,0.243290043290043,1155,0.0539303358377973,0.0547057750213487,1,1.01792408285456
Chr18_493020855,18,493020855,0.33117664049905,0.488311688311688,1155,0.0539303358377973,0.054705135805594,1,0.515536862767789
Chr08_367293665,8,367293665,0.331226118444355,0.288311688311688,1155,0.0539303358377973,0.0547049771983202,1,0.924639507643974
Chr09_100003802,9,100003802,0.331272466688494,0.111688311688312,1155,0.0539303358377973,0.0547048286523084,1,-1.38898250922031
Chr14_523106767,14,523106767,0.331343338737678,0.322510822510823,1155,0.0539303358377973,0.054704601561118,1,-0.839514575326405
Chr20_337204744,20,337204744,0.331363661628057,0.0562770562770563,1155,0.0539303358377973,0.0547045364536043,1,1.37735348455179
Chr20_304921300,20,304921300,0.331698441584564,0.16969696969697,1155,0.0539303358377973,0.05470346469995,1,0.946106782610741
Chr19_770059496,19,770059496,0.331738061389721,0.0220779220779221,1155,0.0539303358377973,0.0547033379578435,1,1.63675964694573
Chr04_189130560,4,189130560,0.331809739283674,0.296103896103896,1155,0.0539303358377973,0.0547031087145343,1,0.738283049092246
Chr14_314009300,14,314009300,0.331975444985906,0.0735930735930736,1155,0.0539303358377973,0.0547025790002138,1,1.68717171914102
Chr05_379505488,5,379505488,0.332187330258119,0.457142857142857,1155,0.0539303358377973,0.0547019021764701,1,-0.579191680170368
Chr13_8957367,13,8957367,0.332460408532789,0.0956709956709957,1155,0.0539303358377973,0.0547010307334215,1,1.10213622411774
Chr18_440072793,18,440072793,0.332462115505793,0.0277056277056277,1155,0.0539303358377973,0.0547010252891612,1,1.87644574502356
Chr02_37350761,2,37350761,0.332502136052474,0.445887445887446,1155,0.0539303358377973,0.0547008976573572,1,0.516573850398458
Chr01_436968162,1,436968162,0.332622920488337,0.0497835497835498,1155,0.0539303358377973,0.0547005125811389,1,-1.37137736254824
Chr18_49370353,18,49370353,0.333046245664664,0.306060606060606,1155,0.0539303358377973,0.0546991644386896,1,-0.937386800364152
Chr10_328294674,10,328294674,0.333091203671261,0.0238095238095238,1155,0.0539303358377973,0.0546990213975985,1,1.9688509932147
Chr21_409592102,21,409592102,0.333105572931816,0.388311688311688,1155,0.0539303358377973,0.0546989756849335,1,0.655594323416295
Chr13_366967838,13,366967838,0.333239237676421,0.331168831168831,1155,0.0539303358377973,0.0546985505859148,1,0.608190127335746
Chr20_635916279,20,635916279,0.333241392052119,0.358441558441558,1155,0.0539303358377973,0.0546985437361382,1,-0.940372772624642
Chr01_410726049,1,410726049,0.333309810546551,0.272294372294372,1155,0.0539303358377973,0.0546983262322223,1,0.76188194860643
Chr14_324391265,14,324391265,0.333422711319645,0.341558441558442,1155,0.0539303358377973,0.0546979674485465,1,-0.905881166550898
Chr17_113893711,17,113893711,0.333538170271298,0.285281385281385,1155,0.0539303358377973,0.0546976007031628,1,0.543314237379207
Chr07_487486490,7,487486490,0.333542743161732,0.0913419913419913,1155,0.0539303358377973,0.0546975861812632,1,1.20984861396704
Chr17_28265525,17,28265525,0.333550477497861,0.370562770562771,1155,0.0539303358377973,0.0546975616203258,1,-0.471715964496568
Chr13_21582688,13,21582688,0.333682701123556,0.35021645021645,1155,0.0539303358377973,0.0546971418524275,1,0.745955985253516
Chr20_631045732,20,631045732,0.333777140138158,0.155844155844156,1155,0.0539303358377973,0.0546968421747044,1,-0.955680877327126
Chr12_384257721,12,384257721,0.333793912201762,0.215151515151515,1155,0.0539303358377973,0.0546967889647594,1,-0.756622778841063
Chr05_324907771,5,324907771,0.334117220992799,0.252380952380952,1155,0.0539303358377973,0.0546957639545859,1,0.715916212327642
Chr18_171967007,18,171967007,0.334313619573973,0.284415584415584,1155,0.0539303358377973,0.0546951419446703,1,1.00665155345428
Chr13_73044415,13,73044415,0.334331032268041,0.332467532467532,1155,0.0539303358377973,0.0546950868208682,1,0.597799860657602
Chr14_307912509,14,307912509,0.334533469487783,0.025974025974026,1155,0.0539303358377973,0.0546944462420113,1,1.93984363697355
Chr06_164587335,6,164587335,0.334717682125004,0.0281385281385281,1155,0.0539303358377973,0.0546938637822924,1,-1.97069009422009
Chr07_99787063,7,99787063,0.335229243783062,0.464935064935065,1155,0.0539303358377973,0.0546922485288854,1,0.847867826863933
Chr18_446998978,18,446998978,0.335280740430315,0.0567099567099567,1155,0.0539303358377973,0.0546920861112756,1,1.34987151533051
Chr05_376415369,5,376415369,0.335454787968194,0.0255411255411255,1155,0.0539303358377973,0.0546915374219988,1,-1.83872700020457
Chr03_146139460,3,146139460,0.335461813437325,0.454545454545455,1155,0.0539303358377973,0.0546915152820344,1,0.582206007845485
Chr18_516958684,18,516958684,0.335580041038912,0.402597402597403,1155,0.0539303358377973,0.0546911427943623,1,1.14047953783825
Chr04_49417174,4,49417174,0.335696979811093,0.14025974025974,1155,0.0539303358377973,0.0546907745401376,1,-1.10892906839695
Chr21_101917819,21,101917819,0.335737613216907,0.451948051948052,1155,0.0539303358377973,0.0546906466208921,1,-1.10758118474507
Chr07_191755629,7,191755629,0.335969882696862,0.0510822510822511,1155,0.0539303358377973,0.0546899158043004,1,-1.32929552539667
Chr11_57927924,11,57927924,0.336355828372214,0.336796536796537,1155,0.0539303358377973,0.0546887029543112,1,-1.01824690431135
Chr19_402926399,19,402926399,0.336653467411304,0.247186147186147,1155,0.0539303358377973,0.0546877688849181,1,0.797667932564536
Chr11_217009044,11,217009044,0.336785302181667,0.280952380952381,1155,0.0539303358377973,0.0546873555066271,1,0.704615909453935
Chr18_369567090,18,369567090,0.336803137278208,0.198268398268398,1155,0.0539303358377973,0.0546872995999431,1,1.0004427132867
Chr07_389659706,7,389659706,0.336940117929234,0.246320346320346,1155,0.0539303358377973,0.0546868703466682,1,-0.702588485577337
Chr19_613982118,19,613982118,0.33696744416744,0.0558441558441558,1155,0.0539303358377973,0.0546867847430375,1,-1.32760422246085
Chr01_307919746,1,307919746,0.337020610497004,0.393073593073593,1155,0.0539303358377973,0.0546866182180458,1,-0.670924556848149
Chr11_90001198,11,90001198,0.337328949570301,0.0484848484848485,1155,0.0539303358377973,0.0546856531478624,1,1.38915540437303
Chr10_96495137,10,96495137,0.337382660353007,0.0225108225108225,1155,0.0539303358377973,0.0546854851595916,1,-2.01550350408117
Chr21_127722002,21,127722002,0.337723262554901,0.171428571428571,1155,0.0539303358377973,0.0546844207117172,1,-0.864992823461023
Chr07_447736802,7,447736802,0.337779742646929,0.423809523809524,1155,0.0539303358377973,0.054684244339795,1,-0.618481941728021
Chr21_187635278,21,187635278,0.337786654441376,0.0229437229437229,1155,0.0539303358377973,0.0546842227588639,1,1.97913077226825
Chr21_329696586,21,329696586,0.337990152958441,0.019047619047619,1155,0.0539303358377973,0.0546835876341831,1,-2.12196276923194
Chr20_426568621,20,426568621,0.338292645968179,0.475324675324675,1155,0.0539303358377973,0.0546826444934317,1,0.73039346302653
Chr03_157819808,3,157819808,0.338569038976106,0.372294372294372,1155,0.0539303358377973,0.0546817837197655,1,0.70763161605376
Chr20_605104998,20,605104998,0.33861547617782,0.0593073593073593,1155,0.0539303358377973,0.0546816391925523,1,-1.07201133900617
Chr01_266909888,1,266909888,0.338621749750503,0.0770562770562771,1155,0.0539303358377973,0.0546816196692603,1,-1.13542961094149
Chr18_118434941,18,118434941,0.338644311135507,0.124242424242424,1155,0.0539303358377973,0.0546815494624799,1,-0.90796877167702
Chr14_233891671,14,233891671,0.338656273080096,0.277489177489177,1155,0.0539303358377973,0.054681512241711,1,0.882714986287056
Chr01_307919763,1,307919763,0.338909027803034,0.0285714285714286,1155,0.0539303358377973,0.0546807261834548,1,1.7251581349074
Chr21_131911561,21,131911561,0.339020378693635,0.297835497835498,1155,0.0539303358377973,0.0546803801361666,1,0.975114153439449
Chr01_207817666,1,207817666,0.339106899747631,0.306493506493506,1155,0.0539303358377973,0.0546801113585349,1,-0.740814299029836
Chr17_103412454,17,103412454,0.339119988153547,0.315151515151515,1155,0.0539303358377973,0.0546800707074332,1,-0.705187553393159
Chr07_50106223,7,50106223,0.339296022232018,0.0212121212121212,1155,0.0539303358377973,0.0546795241705685,1,-2.01818366621569
Chr13_63229967,13,63229967,0.339482177320639,0.0212121212121212,1155,0.0539303358377973,0.0546789466255569,1,1.60128839448079
Chr08_313499137,8,313499137,0.33956604850856,0.0770562770562771,1155,0.0539303358377973,0.05467868655492,1,1.11509499190724
Chr13_32199137,13,32199137,0.339603432484539,0.153679653679654,1155,0.0539303358377973,0.0546785706612586,1,-0.854920285231827
Chr13_69484791,13,69484791,0.339618749642112,0.238961038961039,1155,0.0539303358377973,0.0546785231816639,1,0.889315368303045
Chr18_235351285,18,235351285,0.339769926278954,0.137662337662338,1155,0.0539303358377973,0.0546780547240481,1,1.00801152039881
Chr06_365996432,6,365996432,0.339871292527535,0.0857142857142857,1155,0.0539303358377973,0.0546777407731229,1,1.09593154271865
Chr09_33044016,9,33044016,0.340296244778058,0.462770562770563,1155,0.0539303358377973,0.054676425984157,1,1.18035658994961
Chr01_383001542,1,383001542,0.34030755443248,0.0515151515151515,1155,0.0539303358377973,0.0546763910226431,1,-1.34315088859135
Chr01_5195256,1,5195256,0.340325221494277,0.286580086580087,1155,0.0539303358377973,0.0546763364116202,1,0.772789767400695
Chr06_490130934,6,490130934,0.340539390150898,0.225108225108225,1155,0.0539303358377973,0.0546756746939496,1,0.731892400185615
Chr03_36898503,3,36898503,0.340911612187745,0.209090909090909,1155,0.0539303358377973,0.0546745259709829,1,0.742900038929747
Chr17_54041130,17,54041130,0.341029327844662,0.0796536796536797,1155,0.0539303358377973,0.0546741630376911,1,1.11346361944078
Chr10_274428731,10,274428731,0.341307482081632,0.243290043290043,1155,0.0539303358377973,0.0546733061210475,1,-0.852516727018894
Chr01_254115587,1,254115587,0.341381331853386,0.0545454545454545,1155,0.0539303358377973,0.054673078768376,1,1.42671998683855
Chr20_77432864,20,77432864,0.341394322231438,0.293073593073593,1155,0.0539303358377973,0.0546730387832736,1,0.664161394423786
Chr13_278893248,13,278893248,0.341473707161763,0.16017316017316,1155,0.0539303358377973,0.0546727944766341,1,-0.94229545911719
Chr17_42936796,17,42936796,0.341643706932531,0.0220779220779221,1155,0.0539303358377973,0.0546722715609026,1,1.93672799890827
Chr12_433284906,12,433284906,0.341713899205689,0.0774891774891775,1155,0.0539303358377973,0.0546720557532894,1,-1.45031784880962
Chr07_484888953,7,484888953,0.341755922311483,0.0562770562770563,1155,0.0539303358377973,0.0546719265809855,1,1.34166522112228
Chr09_25220856,9,25220856,0.342392402125396,0.148484848484848,1155,0.0539303358377973,0.0546699727603979,1,0.978552133165067
Chr16_346120574,16,346120574,0.342458991429047,0.296536796536797,1155,0.0539303358377973,0.0546697686325321,1,0.821063061766552
Chr09_137139184,9,137139184,0.34247260178568,0.0748917748917749,1155,0.0539303358377973,0.0546697269169145,1,1.15520791716881
Chr13_311024652,13,311024652,0.342539331062206,0.0281385281385281,1155,0.0539303358377973,0.0546695224246827,1,1.84603782001315
Chr11_10488676,11,10488676,0.342651571608664,0.492207792207792,1155,0.0539303358377973,0.0546691785842059,1,0.565436466804044
Chr04_53907547,4,53907547,0.342695809927753,0.0506493506493507,1155,0.0539303358377973,0.05466904310522,1,1.39987536184894
Chr09_152825374,9,152825374,0.342879274087422,0.0415584415584416,1155,0.0539303358377973,0.0546684815018077,1,1.45094506182029
Chr18_312755826,18,312755826,0.343004691269089,0.0727272727272727,1155,0.0539303358377973,0.0546680978199072,1,-1.17800052249214
Chr02_83999484,2,83999484,0.34307652931777,0.340692640692641,1155,0.0539303358377973,0.0546678781350576,1,0.801723457752985
Chr13_255488911,13,255488911,0.343469294202882,0.326839826839827,1155,0.0539303358377973,0.0546666781355437,1,0.804359423617427
Chr15_450560654,15,450560654,0.343552694609115,0.0735930735930736,1155,0.0539303358377973,0.0546664235641583,1,-1.61170549050726
Chr07_364376,7,364376,0.343554827005658,0.396103896103896,1155,0.0539303358377973,0.0546664170563262,1,-0.515377859582856
Chr01_199189363,1,199189363,0.343574239545876,0.0597402597402597,1155,0.0539303358377973,0.0546663578139754,1,1.35172248780748
Chr21_29700718,21,29700718,0.343821752883023,0.492640692640693,1155,0.0539303358377973,0.054665602859898,1,2.26364435968389
Chr09_48029,9,48029,0.343848845135145,0.383116883116883,1155,0.0539303358377973,0.0546655202689433,1,-0.778954637986146
Chr09_111606103,9,111606103,0.343986507320224,0.445454545454545,1155,0.0539303358377973,0.0546651007405485,1,0.639663738686295
Chr10_413633876,10,413633876,0.344118516685934,0.0203463203463203,1155,0.0539303358377973,0.0546646986524484,1,-1.64594066681047
Chr09_123532760,9,123532760,0.344294316260894,0.0268398268398269,1155,0.0539303358377973,0.0546641635073161,1,-1.44633983753329
Chr04_199926670,4,199926670,0.34430379989515,0.487878787878788,1155,0.0539303358377973,0.0546641346490367,1,-1.36647393676685
Chr07_353992030,7,353992030,0.344364440611563,0.0502164502164502,1155,0.0539303358377973,0.0546639501474409,1,-1.39746641760134
Chr09_267005614,9,267005614,0.34438104925558,0.314718614718615,1155,0.0539303358377973,0.054663899622702,1,0.725772395689035
Chr10_94157211,10,94157211,0.344556866319197,0.207792207792208,1155,0.0539303358377973,0.0546633649761404,1,-1.09375215498198
Chr06_267577634,6,267577634,0.344637203488487,0.11038961038961,1155,0.0539303358377973,0.0546631207996823,1,-0.765473234371385
Chr06_529546708,6,529546708,0.3449373711916,0.247186147186147,1155,0.0539303358377973,0.0546622091524589,1,0.732603222911791
Chr04_36943264,4,36943264,0.345095617491855,0.134199134199134,1155,0.0539303358377973,0.0546617289707095,1,0.891319179615266
Chr18_509392549,18,509392549,0.34517445282628,0.198701298701299,1155,0.0539303358377973,0.0546614898644353,1,-1.11496414809733
Chr20_440036613,20,440036613,0.345430585366877,0.0424242424242424,1155,0.0539303358377973,0.0546607135288798,1,-1.43496295360588
Chr11_22100416,11,22100416,0.345456264145724,0.4004329004329,1155,0.0539303358377973,0.0546606357397248,1,-0.572221846677792
Chr04_104051656,4,104051656,0.345519057174633,0.4995670995671,1155,0.0539303358377973,0.0546604455527476,1,-10.7172191276477
Chr13_108843300,13,108843300,0.345681341508616,0.0965367965367965,1155,0.0539303358377973,0.0546599542442033,1,-1.07433381601547
Chr21_343413882,21,343413882,0.34581299003322,0.342424242424242,1155,0.0539303358377973,0.0546595559137556,1,-0.526649842460245
Chr14_110306546,14,110306546,0.345859491398005,0.115584415584416,1155,0.0539303358377973,0.0546594152631589,1,-0.974531981136124
Chr15_455556244,15,455556244,0.345871943043601,0.468398268398268,1155,0.0539303358377973,0.0546593776055709,1,-0.487142242444321
Chr15_75201622,15,75201622,0.345903759426661,0.0766233766233766,1155,0.0539303358377973,0.0546592813914423,1,-1.20196748528346
Chr13_311444955,13,311444955,0.345984078723519,0.299134199134199,1155,0.0539303358377973,0.0546590385557411,1,-0.694039957310281
Chr04_241597986,4,241597986,0.346118560021852,0.00562770562770563,1155,0.0539303358377973,0.0546586321388132,1,3.00533741860868
Chr13_27916229,13,27916229,0.346234380535143,0.0441558441558442,1155,0.0539303358377973,0.0546582822883314,1,1.39236470958018
Chr16_68620281,16,68620281,0.346402488270146,0.0523809523809524,1155,0.0539303358377973,0.0546577747799218,1,-1.44127648535687
Chr08_62174109,8,62174109,0.346488231189891,0.47965367965368,1155,0.0539303358377973,0.0546575160551688,1,-0.579894358080537
Chr21_367214936,21,367214936,0.34661717484792,0.0558441558441558,1155,0.0539303358377973,0.0546571271379123,1,-1.31428741244612
Chr03_478692208,3,478692208,0.347274649428319,0.329437229437229,1155,0.0539303358377973,0.0546551471243384,1,0.61772934439702
Chr03_454969252,3,454969252,0.347295189877818,0.286147186147186,1155,0.0539303358377973,0.0546550853478436,1,0.788577472686001
Chr15_567744195,15,567744195,0.347332394247392,0.422943722943723,1155,0.0539303358377973,0.0546549734663566,1,-0.534797145540182
Chr15_588235640,15,588235640,0.347365920255672,0.0458874458874459,1155,0.0539303358377973,0.0546548726604207,1,1.38876067023264
Chr17_17801772,17,17801772,0.347494001575747,0.261038961038961,1155,0.0539303358377973,0.0546544876673716,1,-0.717759049300525
Chr04_265471682,4,265471682,0.347669889856687,0.025974025974026,1155,0.0539303358377973,0.0546539592877411,1,-1.88957658631745
Chr18_515626283,18,515626283,0.347958557105204,0.0476190476190477,1155,0.0539303358377973,0.0546530928993644,1,1.3503916968557
Chr06_569285858,6,569285858,0.348894926925231,0.0554112554112555,1155,0.0539303358377973,0.0546502892455718,1,-1.24961749268232
Chr09_88155,9,88155,0.348899164004319,0.388744588744589,1155,0.0539303358377973,0.0546502765822816,1,-0.548644267399141
Chr11_34860853,11,34860853,0.3490812634319,0.458441558441558,1155,0.0539303358377973,0.0546497325422161,1,0.596690881106014
Chr09_355732535,9,355732535,0.349166174661883,0.424242424242424,1155,0.0539303358377973,0.0546494789934834,1,-0.720364793278407
Chr08_205112881,8,205112881,0.349291414458302,0.0865800865800866,1155,0.0539303358377973,0.0546491051749349,1,1.04492672376347
Chr02_68627258,2,68627258,0.349345259967477,0.209090909090909,1155,0.0539303358377973,0.0546489445117189,1,0.759003842850859
Chr18_214242068,18,214242068,0.349371511108186,0.0515151515151515,1155,0.0539303358377973,0.0546488661962797,1,1.391033478785
Chr16_263001815,16,263001815,0.34940736919406,0.259307359307359,1155,0.0539303358377973,0.0546487592332264,1,0.75600838728414
Chr07_231847223,7,231847223,0.349898508995887,0.473160173160173,1155,0.0539303358377973,0.0546472956877136,1,0.785185959104297
Chr04_265121976,4,265121976,0.349935541437599,0.456709956709957,1155,0.0539303358377973,0.0546471854483007,1,-0.64693986792912
Chr15_13793772,15,13793772,0.350183568461801,0.394372294372294,1155,0.0539303358377973,0.0546464475225135,1,0.790812606984844
Chr15_84530171,15,84530171,0.350289965928491,0.460606060606061,1155,0.0539303358377973,0.0546461311887573,1,-1.15291709295059
Chr10_384273482,10,384273482,0.350514531818493,0.215584415584416,1155,0.0539303358377973,0.0546454639541847,1,0.626029210603406
Chr02_101880992,2,101880992,0.350886699180671,0.483549783549784,1155,0.0539303358377973,0.0546443594450967,1,0.666836809374047
Chr10_6909130,10,6909130,0.35102076052411,0.353679653679654,1155,0.0539303358377973,0.054643961972351,1,0.533542108936132
Chr08_404421652,8,404421652,0.351131697292115,0.0458874458874459,1155,0.0539303358377973,0.0546436332171593,1,-1.32657241458911
Chr04_184152390,4,184152390,0.351293908100323,0.00606060606060606,1155,0.0539303358377973,0.0546431527689969,1,2.86033357251142
Chr06_523201942,6,523201942,0.351357536182216,0.0264069264069264,1155,0.0539303358377973,0.0546429643931838,1,1.83199572418516
Chr19_174805275,19,174805275,0.351442071212528,0.437662337662338,1155,0.0539303358377973,0.0546427141927208,1,0.576205314173563
Chr13_387803125,13,387803125,0.351448526648382,0.29047619047619,1155,0.0539303358377973,0.0546426950897784,1,0.640653169172651
Chr02_66140624,2,66140624,0.351479064061111,0.495670995670996,1155,0.0539303358377973,0.0546426047298758,1,2.64377745052752
Chr18_17030526,18,17030526,0.351529350117969,0.0341991341991342,1155,0.0539303358377973,0.0546424559572746,1,-1.40249330078528
Chr12_241661915,12,241661915,0.351555463936544,0.0298701298701299,1155,0.0539303358377973,0.0546423787103205,1,1.89337301888006
Chr21_296543088,21,296543088,0.351686446733047,0.443722943722944,1155,0.0539303358377973,0.0546419913698729,1,-0.962827171215736
Chr21_161777851,21,161777851,0.352421605888484,0.17012987012987,1155,0.0539303358377973,0.0546398210162045,1,-0.856869387148322
Chr10_142542839,10,142542839,0.352530641780309,0.0242424242424242,1155,0.0539303358377973,0.0546394996444166,1,-1.46448264013202
Chr13_31557472,13,31557472,0.352538685915773,0.246320346320346,1155,0.0539303358377973,0.0546394759405554,1,-0.815036353945231
Chr03_59231553,3,59231553,0.3528156569656,0.119047619047619,1155,0.0539303358377973,0.0546386602332575,1,0.879319924743172
Chr14_447708482,14,447708482,0.352891455505927,0.0770562770562771,1155,0.0539303358377973,0.0546384371514945,1,-1.44614226361676
Chr17_100090334,17,100090334,0.353050741719794,0.33982683982684,1155,0.0539303358377973,0.054637968571521,1,0.811155347167528
Chr01_64132660,1,64132660,0.353168520601649,0.0922077922077922,1155,0.0539303358377973,0.054637622281471,1,-0.939728455199429
Chr08_36066071,8,36066071,0.353250471417358,0.0770562770562771,1155,0.0539303358377973,0.0546373814251896,1,1.09785426363537
Chr03_148761731,3,148761731,0.353879830098865,0.465367965367965,1155,0.0539303358377973,0.0546355342615341,1,0.688551343209554
Chr21_29751068,21,29751068,0.353885012859787,0.0688311688311688,1155,0.0539303358377973,0.0546355190688201,1,1.1574580097313
Chr05_4948269,5,4948269,0.353950618517042,0.4995670995671,1155,0.0539303358377973,0.0546353267791521,1,-2.41681247243287
Chr16_51763648,16,51763648,0.354444408702405,0.0285714285714286,1155,0.0539303358377973,0.0546338810475337,1,1.7995662659352
Chr21_237376578,21,237376578,0.354718675462977,0.168398268398268,1155,0.0539303358377973,0.0546330792328378,1,-0.868663697918265
Chr13_372366221,13,372366221,0.354933542757566,0.401731601731602,1155,0.0539303358377973,0.0546324516645197,1,0.539670248044501
Chr17_245003345,17,245003345,0.354951820672453,0.353246753246753,1155,0.0539303358377973,0.0546323983037722,1,-0.690404940408513
Chr05_391739323,5,391739323,0.355194307884526,0.0424242424242424,1155,0.0539303358377973,0.0546316907400223,1,-1.40334869779333
Chr15_590402842,15,590402842,0.355207147386372,0.29047619047619,1155,0.0539303358377973,0.0546316532935497,1,0.894415586427783
Chr04_225439801,4,225439801,0.355318519759044,0.00909090909090909,1155,0.0539303358377973,0.0546313285532465,1,-2.32385716845905
Chr19_387083635,19,387083635,0.355373192138569,0.0484848484848485,1155,0.0539303358377973,0.0546311691902056,1,-1.49442618756166
Chr17_15406868,17,15406868,0.355842163498409,0.0792207792207792,1155,0.0539303358377973,0.0546298035776017,1,1.09423515944991
Chr08_392486909,8,392486909,0.355926113900226,0.0445887445887446,1155,0.0539303358377973,0.0546295593801904,1,1.31611791453314
Chr05_207364991,5,207364991,0.356157562716232,0.324242424242424,1155,0.0539303358377973,0.0546288865439979,1,0.708916549017545
Chr11_223183778,11,223183778,0.356223002157364,0.463636363636364,1155,0.0539303358377973,0.0546286964162186,1,1.05403456765009
Chr05_342313027,5,342313027,0.356257972100372,0.114718614718615,1155,0.0539303358377973,0.0546285948341785,1,-1.16364337932191
Chr08_408736769,8,408736769,0.356376962081867,0.48961038961039,1155,0.0539303358377973,0.0546282492899464,1,-0.532888131533952
Chr15_141900946,15,141900946,0.356565515753237,0.0203463203463203,1155,0.0539303358377973,0.0546277020584536,1,1.76974467457647
Chr17_55804222,17,55804222,0.356642112160777,0.258008658008658,1155,0.0539303358377973,0.0546274798693195,1,-0.883023490569713
Chr08_367293662,8,367293662,0.356734264178005,0.437229437229437,1155,0.0539303358377973,0.0546272126436286,1,-0.601783388934905
Chr03_454969236,3,454969236,0.356772074082855,0.0714285714285714,1155,0.0539303358377973,0.0546271030285431,1,-1.09204444036878
Chr11_204252134,11,204252134,0.356848425076334,0.032034632034632,1155,0.0539303358377973,0.0546268817272044,1,-1.43021391791916
Chr15_24540664,15,24540664,0.35685534785279,0.290909090909091,1155,0.0539303358377973,0.0546268616649369,1,0.747922327532962
Chr20_473861080,20,473861080,0.356924268061386,0.0207792207792208,1155,0.0539303358377973,0.0546266619626801,1,-1.89070729574718
Chr06_7414215,6,7414215,0.356951284571145,0.283982683982684,1155,0.0539303358377973,0.0546265836944585,1,0.78237166491985
Chr15_387961542,15,387961542,0.35708502833529,0.15021645021645,1155,0.0539303358377973,0.0546261963516649,1,-0.97347928057647
Chr20_422349584,20,422349584,0.357106739704357,0.0233766233766234,1155,0.0539303358377973,0.0546261334909566,1,-1.93251974000687
Chr20_78921696,20,78921696,0.357162851007359,0.0748917748917749,1155,0.0539303358377973,0.0546259710567732,1,-1.13442585160541
Chr01_142923052,1,142923052,0.357168542821317,0.306493506493506,1155,0.0539303358377973,0.0546259545817425,1,0.990198262270724
Chr05_324183838,5,324183838,0.357259798268821,0.431168831168831,1155,0.0539303358377973,0.0546256904909285,1,-0.754590373194105
Chr06_28492567,6,28492567,0.35738286444744,0.320779220779221,1155,0.0539303358377973,0.0546253344874412,1,0.539591176381862
Chr19_275275132,19,275275132,0.357822762847774,0.119480519480519,1155,0.0539303358377973,0.054624063333819,1,0.947834804568856
Chr01_497416256,1,497416256,0.358055722744281,0.354112554112554,1155,0.0539303358377973,0.0546233910303318,1,-0.782271258048013
Chr02_43447308,2,43447308,0.358066759738881,0.340692640692641,1155,0.0539303358377973,0.0546233591933807,1,-0.813366040179972
Chr20_68230035,20,68230035,0.358188588323678,0.0255411255411255,1155,0.0539303358377973,0.0546230078602754,1,-1.83284998992187
Chr10_447056786,10,447056786,0.358238584348552,0.245887445887446,1155,0.0539303358377973,0.0546228637277234,1,-0.710389556370018
Chr13_167588479,13,167588479,0.358245242377885,0.0441558441558442,1155,0.0539303358377973,0.0546228445355098,1,-1.46399664885803
Chr09_328067328,9,328067328,0.358384066152474,0.179220779220779,1155,0.0539303358377973,0.0546224444784618,1,-0.793959175127839
Chr13_21615462,13,21615462,0.358421259840367,0.0493506493506494,1155,0.0539303358377973,0.0546223373313186,1,-1.34554186502783
Chr08_314996071,8,314996071,0.35842515454451,0.038961038961039,1155,0.0539303358377973,0.0546223261123862,1,-1.44920287458969
Chr20_239804692,20,239804692,0.35843037596873,0.0900432900432901,1155,0.0539303358377973,0.0546223110720173,1,0.997378516269507
Chr06_365996475,6,365996475,0.358474756804284,0.437662337662338,1155,0.0539303358377973,0.0546221832447139,1,0.801137939568775
Chr16_202587102,16,202587102,0.358661183939524,0.497835497835498,1155,0.0539303358377973,0.0546216465282134,1,2.09309288886925
Chr20_551006008,20,551006008,0.358767523733635,0.0727272727272727,1155,0.0539303358377973,0.0546213405519841,1,1.01752874678246
Chr03_102711940,3,102711940,0.359021957176731,0.104761904761905,1155,0.0539303358377973,0.054620608965683,1,1.17843255331965
Chr20_350140395,20,350140395,0.359030609630803,0.433766233766234,1155,0.0539303358377973,0.0546205840993602,1,-1.06212809312228
Chr03_76293735,3,76293735,0.359125187932079,0.170995670995671,1155,0.0539303358377973,0.0546203123441978,1,-0.718828398897401
Chr01_422859399,1,422859399,0.359499755856326,0.0242424242424242,1155,0.0539303358377973,0.0546192370523081,1,-1.82581644007017
Chr02_113072382,2,113072382,0.35970919918231,0.476623376623377,1155,0.0539303358377973,0.0546186364648016,1,1.2966769913869
Chr21_77079302,21,77079302,0.359718831152834,0.0891774891774892,1155,0.0539303358377973,0.0546186088563088,1,-1.0195139038461
Chr15_72610529,15,72610529,0.359907795717945,0.470562770562771,1155,0.0539303358377973,0.0546180674258173,1,-1.32447198560499
Chr21_162960424,21,162960424,0.359959898588065,0.0554112554112554,1155,0.0539303358377973,0.0546179182070333,1,1.38926087937119
Chr06_384805284,6,384805284,0.360183799564225,0.0896103896103896,1155,0.0539303358377973,0.0546172773098232,1,1.04174542526832
Chr14_21688565,14,21688565,0.360392793686917,0.402164502164502,1155,0.0539303358377973,0.0546166795776386,1,-0.537503563567583
Chr14_235679354,14,235679354,0.360515141288262,0.0744588744588745,1155,0.0539303358377973,0.0546163298800116,1,1.61069544371242
Chr21_165467366,21,165467366,0.360596143134268,0.170562770562771,1155,0.0539303358377973,0.0546160984481237,1,0.807366533918298
Chr18_297813640,18,297813640,0.360604633834173,0.331168831168831,1155,0.0539303358377973,0.0546160741933363,1,-0.769650890976152
Chr10_184466595,10,184466595,0.360651712810499,0.0203463203463203,1155,0.0539303358377973,0.0546159397204288,1,-1.9552004533769
Chr02_73517136,2,73517136,0.360828345304414,0.345887445887446,1155,0.0539303358377973,0.0546154354162236,1,-0.6396587983416
Chr21_379593895,21,379593895,0.360919739846761,0.0822510822510822,1155,0.0539303358377973,0.0546151746089673,1,-1.06098323526635
Chr20_249446914,20,249446914,0.360920026380622,0.0727272727272727,1155,0.0539303358377973,0.0546151737914451,1,-1.14620617450113
Chr01_378947966,1,378947966,0.361017699057487,0.257142857142857,1155,0.0539303358377973,0.054614895169669,1,-1.09020485124233
Chr20_658574446,20,658574446,0.361044796207915,0.141558441558442,1155,0.0539303358377973,0.0546148178905783,1,-0.862878867361019
Chr15_611806043,15,611806043,0.361216787899443,0.161038961038961,1155,0.0539303358377973,0.054614327569443,1,-0.638475529670131
Chr14_453518583,14,453518583,0.361346708872163,0.127272727272727,1155,0.0539303358377973,0.0546139573989052,1,-0.998229559935027
Chr19_95202181,19,95202181,0.361575442050376,0.0623376623376624,1155,0.0539303358377973,0.054613306139208,1,0.951921699603645
Chr20_339147357,20,339147357,0.361657044971869,0.47012987012987,1155,0.0539303358377973,0.0546130739332723,1,1.30185891531028
Chr06_84703193,6,84703193,0.36177840672822,0.383982683982684,1155,0.0539303358377973,0.0546127287250324,1,0.556132652409076
Chr10_11355694,10,11355694,0.361808765604883,0.0614718614718615,1155,0.0539303358377973,0.0546126423955406,1,1.36012926230299
Chr10_459839913,10,459839913,0.3619779884889,0.0277056277056277,1155,0.0539303358377973,0.054612161371116,1,1.80850259836805
Chr03_485636868,3,485636868,0.362114261752563,0.351082251082251,1155,0.0539303358377973,0.0546117742334196,1,0.562267482572508
Chr06_341386553,6,341386553,0.362188359311906,0.487878787878788,1155,0.0539303358377973,0.0546115638147073,1,-0.676531627228485
Chr13_126041958,13,126041958,0.362212781679933,0.173593073593074,1155,0.0539303358377973,0.0546114944742659,1,0.779001991485188
Chr13_21615483,13,21615483,0.362236031393189,0.392640692640693,1155,0.0539303358377973,0.054611428469253,1,0.605999652240143
Chr07_501915335,7,501915335,0.362796997521215,0.334199134199134,1155,0.0539303358377973,0.0546098376819532,1,0.6715580649294
Chr19_87212547,19,87212547,0.362857918515986,0.0878787878787879,1155,0.0539303358377973,0.0546096651270008,1,0.965158875481123
Chr13_250426418,13,250426418,0.363328715799057,0.0285714285714286,1155,0.0539303358377973,0.0546083329731312,1,-1.22571018458376
Chr17_310774039,17,310774039,0.363556574537411,0.282251082251082,1155,0.0539303358377973,0.0546076890884327,1,-0.707794763598486
Chr16_5394869,16,5394869,0.363643151064409,0.0627705627705628,1155,0.0539303358377973,0.0546074445863594,1,-1.13787116602064
Chr21_341353874,21,341353874,0.363881346994401,0.257575757575758,1155,0.0539303358377973,0.0546067723093849,1,-0.724672540326509
Chr04_262248282,4,262248282,0.364049416396682,0.0731601731601732,1155,0.0539303358377973,0.0546062983220146,1,-1.09293125853675
Chr10_506037133,10,506037133,0.364176993714882,0.493073593073593,1155,0.0539303358377973,0.0546059387322765,1,-0.424440214054371
Chr07_409922699,7,409922699,0.364202470973904,0.456709956709957,1155,0.0539303358377973,0.0546058669429202,1,-0.580029111357589
Chr08_314996059,8,314996059,0.364335904486266,0.0523809523809524,1155,0.0539303358377973,0.0546054910700096,1,1.29176296540015
Chr02_308356659,2,308356659,0.364770044932254,0.406926406926407,1155,0.0539303358377973,0.0546042694455829,1,0.775966543108382
Chr20_647307807,20,647307807,0.364783586540027,0.0277056277056277,1155,0.0539303358377973,0.0546042313733749,1,1.78743963279847
Chr19_628563721,19,628563721,0.364825776248418,0.485714285714286,1155,0.0539303358377973,0.0546041127696436,1,0.545438772376741
Chr14_224191947,14,224191947,0.365228681221179,0.141991341991342,1155,0.0539303358377973,0.0546029810802803,1,-0.940260321335529
Chr07_495536891,7,495536891,0.365244703607248,0.0878787878787879,1155,0.0539303358377973,0.0546029361120133,1,0.959925116566993
Chr05_258650016,5,258650016,0.365352483421763,0.0454545454545455,1155,0.0539303358377973,0.0546026336893736,1,-1.35636843288886
Chr09_135039763,9,135039763,0.365397079893586,0.0731601731601732,1155,0.0539303358377973,0.0546025085909884,1,1.14931300313378
Chr09_428129905,9,428129905,0.365539345708354,0.0515151515151515,1155,0.0539303358377973,0.0546021096600808,1,1.31102064263946
Chr17_34991761,17,34991761,0.365552306968771,0.277922077922078,1155,0.0539303358377973,0.0546020733258141,1,-0.798673797418928
Chr19_269542153,19,269542153,0.365754271516339,0.120779220779221,1155,0.0539303358377973,0.0546015073900642,1,0.90209070406712
Chr21_207548250,21,207548250,0.365828971096435,0.242424242424242,1155,0.0539303358377973,0.054601298180221,1,-0.950479081118942
Chr04_260934627,4,260934627,0.365955857197179,0.0779220779220779,1155,0.0539303358377973,0.054600942948374,1,-1.02735490216156
Chr20_23601673,20,23601673,0.366150174666616,0.074025974025974,1155,0.0539303358377973,0.0546003992662361,1,1.00508788288988
Chr07_500700262,7,500700262,0.366271673611761,0.0203463203463203,1155,0.0539303358377973,0.0546000595270915,1,1.90649618867468
Chr01_90203855,1,90203855,0.366442445399045,0.25021645021645,1155,0.0539303358377973,0.0545995822742498,1,1.00957312696414
Chr16_51230507,16,51230507,0.366460254915029,0.0536796536796537,1155,0.0539303358377973,0.054599532520107,1,1.19811639560587
Chr15_72450573,15,72450573,0.366682756132096,0.211688311688312,1155,0.0539303358377973,0.0545989112052998,1,0.818842082295646
Chr11_220432635,11,220432635,0.366815237430943,0.156709956709957,1155,0.0539303358377973,0.0545985415118799,1,0.855852507837369
Chr11_43288703,11,43288703,0.366946871077394,0.143722943722944,1155,0.0539303358377973,0.0545981743676316,1,-0.811711354334506
Chr20_177139640,20,177139640,0.366947516506405,0.104761904761905,1155,0.0539303358377973,0.0545981725678947,1,1.16655718805239
Chr11_190934461,11,190934461,0.367133722613334,0.1995670995671,1155,0.0539303358377973,0.0545976535274428,1,0.650780845939607
Chr14_132079272,14,132079272,0.367465518865961,0.0792207792207792,1155,0.0539303358377973,0.0545967295682723,1,-1.52673247288794
Chr09_152613118,9,152613118,0.367576800745487,0.286580086580087,1155,0.0539303358377973,0.0545964199393949,1,0.754512575078593
Chr09_435477874,9,435477874,0.367620003763269,0.0212121212121212,1155,0.0539303358377973,0.0545962997671654,1,1.61199374223978
Chr07_69627493,7,69627493,0.367633477945815,0.351948051948052,1155,0.0539303358377973,0.0545962622918015,1,-0.596434285821772
Chr16_372158277,16,372158277,0.367800938784791,0.025974025974026,1155,0.0539303358377973,0.0545957966971032,1,-1.81040980709807
Chr07_498219401,7,498219401,0.368220154138005,0.296969696969697,1155,0.0539303358377973,0.0545946324370238,1,-0.756755718398608
Chr20_453776654,20,453776654,0.36830978717187,0.478787878787879,1155,0.0539303358377973,0.0545943837443589,1,-0.566145814895862
Chr08_369805150,8,369805150,0.368362768583113,0.070995670995671,1155,0.0539303358377973,0.0545942367836264,1,-1.08308024051053
Chr07_422886798,7,422886798,0.368502990836766,0.0883116883116883,1155,0.0539303358377973,0.0545938479747861,1,0.973622186254374
Chr20_120566942,20,120566942,0.368511135444728,0.115584415584416,1155,0.0539303358377973,0.0545938253977142,1,0.84406741262562
Chr02_103517515,2,103517515,0.368533523288342,0.288744588744589,1155,0.0539303358377973,0.0545937633415952,1,0.765021883897958
Chr01_244168002,1,244168002,0.368702120747902,0.070995670995671,1155,0.0539303358377973,0.0545932961805401,1,0.895819565811848
Chr15_167952278,15,167952278,0.368888840252042,0.3,1155,0.0539303358377973,0.0545927791529289,1,-0.90173360383767
Chr01_93021696,1,93021696,0.369001835854523,0.495670995670996,1155,0.0539303358377973,0.0545924664444061,1,-1.7165013485012
Chr02_405445273,2,405445273,0.369061465202242,0.341558441558442,1155,0.0539303358377973,0.0545923014775708,1,-0.808496186212153
Chr20_587687525,20,587687525,0.36932375951089,0.238095238095238,1155,0.0539303358377973,0.0545915762714221,1,-0.69589478455984
Chr10_470862925,10,470862925,0.369368717222737,0.0562770562770563,1155,0.0539303358377973,0.0545914520418818,1,-2.07147266855281
Chr15_508107512,15,508107512,0.369736223333978,0.439393939393939,1155,0.0539303358377973,0.0545904373195577,1,1.04084948824436
Chr10_502840907,10,502840907,0.369744171753469,0.0233766233766234,1155,0.0539303358377973,0.0545904153886921,1,1.78270613881767
Chr07_462853440,7,462853440,0.369745918136189,0.456709956709957,1155,0.0539303358377973,0.0545904105702517,1,-1.10097340064635
Chr05_254578643,5,254578643,0.36975216651981,0.0489177489177489,1155,0.0539303358377973,0.0545903933306137,1,1.32486207548538
Chr10_391123672,10,391123672,0.369794577351559,0.00606060606060606,1155,0.0539303358377973,0.0545902763275106,1,-2.88079605760925
Chr21_138111635,21,138111635,0.36992098230482,0.054978354978355,1155,0.0539303358377973,0.0545899277122518,1,1.27081647792099
Chr08_256131098,8,256131098,0.36997569859737,0.0225108225108225,1155,0.0539303358377973,0.0545897768604177,1,-1.76484534973952
Chr09_138147474,9,138147474,0.370151436617091,0.0731601731601732,1155,0.0539303358377973,0.0545892925643586,1,1.11909131937887
Chr09_73167486,9,73167486,0.3702492032227,0.080952380952381,1155,0.0539303358377973,0.0545890232795959,1,1.05278027643021
Chr20_644078069,20,644078069,0.370652520932851,0.278354978354978,1155,0.0539303358377973,0.0545879134446464,1,-0.684054467543973
Chr15_545728115,15,545728115,0.370771311014553,0.345887445887446,1155,0.0539303358377973,0.0545875868838914,1,0.66223306893977
Chr11_1795475,11,1795475,0.371240616869547,0.488744588744589,1155,0.0539303358377973,0.0545862981631917,1,0.571195494658951
Chr09_53986708,9,53986708,0.371526095752246,0.214718614718615,1155,0.0539303358377973,0.0545855153472276,1,0.84722620038383
Chr09_21153506,9,21153506,0.371654065539406,0.0891774891774891,1155,0.0539303358377973,0.0545851647122612,1,-0.873533698236884
Chr03_36898501,3,36898501,0.371697610334921,0.0718614718614719,1155,0.0539303358377973,0.0545850454387812,1,-1.04972629357937
Chr17_193786997,17,193786997,0.371724313722008,0.356277056277056,1155,0.0539303358377973,0.0545849723052412,1,0.600450655586826
Chr14_114852582,14,114852582,0.371749086758171,0.0961038961038961,1155,0.0539303358377973,0.0545849044649976,1,1.21936028322855
Chr04_222784475,4,222784475,0.372373586999594,0.470562770562771,1155,0.0539303358377973,0.0545831963754421,1,-0.467313443006759
Chr16_394506593,16,394506593,0.372457143455431,0.0484848484848485,1155,0.0539303358377973,0.0545829681416879,1,1.25701356522002
Chr19_284985486,19,284985486,0.372962422885717,0.132900432900433,1155,0.0539303358377973,0.0545815895010037,1,0.887507009576325
Chr13_317229473,13,317229473,0.373061102070949,0.0766233766233766,1155,0.0539303358377973,0.0545813205629047,1,-1.10035358533608
Chr04_138626315,4,138626315,0.373091523281824,0.0497835497835498,1155,0.0539303358377973,0.054581237673694,1,1.30040986677061
Chr06_499248674,6,499248674,0.373287865243412,0.0619047619047619,1155,0.0539303358377973,0.0545807029249701,1,0.908865718884044
Chr19_156768533,19,156768533,0.373293365615172,0.0207792207792208,1155,0.0539303358377973,0.0545806879500622,1,-1.86208884585031
Chr05_415610526,5,415610526,0.373300007783294,0.0199134199134199,1155,0.0539303358377973,0.0545806698669974,1,-1.39129384178165
Chr20_667784732,20,667784732,0.373627215453815,0.0233766233766234,1155,0.0539303358377973,0.0545797796136903,1,1.77882670457882
Chr20_389163811,20,389163811,0.37363077786362,0.0541125541125541,1155,0.0539303358377973,0.0545797699272449,1,1.3381018225821
Chr10_453772752,10,453772752,0.373663794413429,0.00562770562770565,1155,0.0539303358377973,0.0545796801590602,1,2.83891175154167
Chr14_296872759,14,296872759,0.373929607553815,0.0956709956709957,1155,0.0539303358377973,0.0545789578487923,1,-0.976353967586022
Chr13_257779921,13,257779921,0.374059117111449,0.156277056277056,1155,0.0539303358377973,0.0545786061853857,1,0.897775656629051
Chr09_108389907,9,108389907,0.374111443922322,0.12987012987013,1155,0.0539303358377973,0.0545784641483663,1,0.845912224136782
Chr14_158880246,14,158880246,0.374114870694009,0.396536796536797,1155,0.0539303358377973,0.054578454847635,1,-0.695636168540887
Chr13_30769850,13,30769850,0.374228888743285,0.458008658008658,1155,0.0539303358377973,0.0545781454550628,1,0.972327380161573
Chr14_211132561,14,211132561,0.374665727153206,0.1004329004329,1155,0.0539303358377973,0.0545769612994379,1,-0.713744540824266
Chr05_85418336,5,85418336,0.374879921464355,0.353679653679654,1155,0.0539303358377973,0.0545763813820163,1,0.615000976304316
Chr13_30167429,13,30167429,0.374887381823977,0.172727272727273,1155,0.0539303358377973,0.054576361191954,1,0.855760152721814
Chr14_60130900,14,60130900,0.374902228024471,0.455411255411255,1155,0.0539303358377973,0.0545763210151761,1,-0.477523094481285
Chr15_506977218,15,506977218,0.375023173250288,0.463636363636364,1155,0.0539303358377973,0.0545759937965062,1,0.526927234795238
Chr14_190243955,14,190243955,0.375120583969959,0.171861471861472,1155,0.0539303358377973,0.054575730358432,1,0.998118742619482
Chr21_20851406,21,20851406,0.375202330730962,0.0251082251082251,1155,0.0539303358377973,0.0545755093561919,1,-1.76672305830016
Chr12_82921902,12,82921902,0.375320009202584,0.403896103896104,1155,0.0539303358377973,0.0545751913313599,1,-0.652187021700513
Chr20_485167265,20,485167265,0.375386262514303,0.316883116883117,1155,0.0539303358377973,0.0545750123441094,1,-0.723163203463912
Chr19_579275771,19,579275771,0.375547060933694,0.127705627705628,1155,0.0539303358377973,0.0545745781221758,1,1.01378379925055
Chr14_477995699,14,477995699,0.375659874669729,0.406493506493507,1155,0.0539303358377973,0.0545742736345617,1,-0.4278867385826
Chr12_402978236,12,402978236,0.376173662006221,0.325974025974026,1155,0.0539303358377973,0.0545728885313453,1,0.583139602936001
Chr18_80629053,18,80629053,0.376330883724509,0.222077922077922,1155,0.0539303358377973,0.054572465213698,1,-0.92119189851303
Chr18_400407025,18,400407025,0.376446773759579,0.0515151515151515,1155,0.0539303358377973,0.054572153340361,1,-1.18329062207272
Chr09_10752933,9,10752933,0.376468473600578,0.246320346320346,1155,0.0539303358377973,0.0545720949586201,1,0.663597755211583
Chr15_458681785,15,458681785,0.376613703645912,0.0774891774891775,1155,0.0539303358377973,0.0545717043502846,1,1.11001380409945
Chr08_34705400,8,34705400,0.376674767798038,0.451515151515152,1155,0.0539303358377973,0.0545715401764371,1,-1.01018653277185
Chr14_31906455,14,31906455,0.376777372262717,0.227272727272727,1155,0.0539303358377973,0.05457126440383,1,0.753375204106192
Chr20_411333128,20,411333128,0.376955223275997,0.358008658008658,1155,0.0539303358377973,0.0545707866394916,1,-0.805812247360677
Chr17_63443853,17,63443853,0.376980322496761,0.0584415584415584,1155,0.0539303358377973,0.0545707192405601,1,1.3050833385947
Chr06_4942740,6,4942740,0.376996922943129,0.0125541125541126,1155,0.0539303358377973,0.0545706746668554,1,-2.12471959179337
Chr09_331030703,9,331030703,0.377131405302743,0.0454545454545455,1155,0.0539303358377973,0.0545703136713617,1,1.36741175997295
Chr02_319882275,2,319882275,0.377191511974925,0.0489177489177489,1155,0.0539303358377973,0.0545701523836176,1,-1.26855441378008
Chr11_195723498,11,195723498,0.37719541720484,0.311255411255411,1155,0.0539303358377973,0.0545701419057371,1,0.620612049369981
Chr02_394842623,2,394842623,0.377201073886196,0.272294372294372,1155,0.0539303358377973,0.0545701267289178,1,-0.756248571149456
Chr08_292294003,8,292294003,0.377242784040745,0.197402597402597,1155,0.0539303358377973,0.0545700148308917,1,-0.707115791165847
Chr02_358562269,2,358562269,0.377287037703729,0.493939393939394,1155,0.0539303358377973,0.0545698961283052,1,-1.92296918518423
Chr15_344515633,15,344515633,0.377470353026983,0.0194805194805195,1155,0.0539303358377973,0.0545694046263275,1,-1.8300875105878
Chr21_67672069,21,67672069,0.377511129070389,0.0277056277056277,1155,0.0539303358377973,0.0545692953439928,1,1.73072015369081
Chr09_295009043,9,295009043,0.377713749558359,0.0952380952380952,1155,0.0539303358377973,0.0545687525550058,1,-0.985629758182966
Chr01_166131967,1,166131967,0.377784867232513,0.0528138528138528,1155,0.0539303358377973,0.0545685621390111,1,1.30170999213537
Chr14_6879742,14,6879742,0.377786528764348,0.0432900432900433,1155,0.0539303358377973,0.0545685576908995,1,1.34375732730395
Chr18_516647981,18,516647981,0.377797768476766,0.041991341991342,1155,0.0539303358377973,0.0545685276016283,1,-1.35913386646132
Chr09_239009638,9,239009638,0.377982615193627,0.491341991341991,1155,0.0539303358377973,0.0545680329386519,1,0.707069945217086
Chr01_494623946,1,494623946,0.378191362982057,0.477922077922078,1155,0.0539303358377973,0.054567474724541,1,-0.472918487695011
Chr20_77008038,20,77008038,0.378305226472667,0.103463203463203,1155,0.0539303358377973,0.0545671704243533,1,0.831713818729
Chr14_58409784,14,58409784,0.378696843491095,0.341558441558442,1155,0.0539303358377973,0.0545661248132173,1,0.605919511182066
Chr11_234942657,11,234942657,0.378849200562813,0.13982683982684,1155,0.0539303358377973,0.0545657184343786,1,0.72861957149442
Chr03_39098013,3,39098013,0.378871303114106,0.0233766233766234,1155,0.0539303358377973,0.0545656594998585,1,-1.70806535403999
Chr09_439712390,9,439712390,0.37889929127768,0.476623376623377,1155,0.0539303358377973,0.0545655848788307,1,-0.540112448417148
Chr08_328428979,8,328428979,0.379002806819448,0.0484848484848485,1155,0.0539303358377973,0.0545653089570211,1,-1.25156202689497
Chr08_393456751,8,393456751,0.379092281876282,0.341558441558442,1155,0.0539303358377973,0.0545650705459712,1,-0.720233773175721
Chr20_209907584,20,209907584,0.379199453897132,0.483549783549784,1155,0.0539303358377973,0.0545647850849509,1,1.4745984116114
Chr20_23819611,20,23819611,0.379348033350018,0.374891774891775,1155,0.0539303358377973,0.0545643895203854,1,-0.807339980074801
Chr19_695010338,19,695010338,0.379355401100984,0.123376623376623,1155,0.0539303358377973,0.0545643699108426,1,0.984720094515495
Chr02_273262221,2,273262221,0.379550470194062,0.295238095238095,1155,0.0539303358377973,0.0545638509227244,1,-0.651164618999417
Chr12_83381136,12,83381136,0.3796517769867,0.465367965367965,1155,0.0539303358377973,0.0545635815410832,1,-0.562036588427759
Chr21_92146018,21,92146018,0.37992595041235,0.270995670995671,1155,0.0539303358377973,0.0545628530043591,1,0.826848189375596
Chr20_78921683,20,78921683,0.380401096987331,0.0692640692640693,1155,0.0539303358377973,0.0545615921974862,1,-1.00985728585682
Chr01_77245965,1,77245965,0.38048964567203,0.286580086580087,1155,0.0539303358377973,0.0545613574786477,1,-0.697510968541252
Chr01_20222210,1,20222210,0.380701640058906,0.377922077922078,1155,0.0539303358377973,0.0545607958520631,1,0.615236685330473
Chr19_82162445,19,82162445,0.380900284396312,0.328571428571429,1155,0.0539303358377973,0.0545602699944612,1,-0.752098619266064
Chr14_310916752,14,310916752,0.381011980245866,0.0246753246753247,1155,0.0539303358377973,0.0545599744800545,1,-1.70278400631408
Chr01_14519930,1,14519930,0.381101062352797,0.132900432900433,1155,0.0539303358377973,0.0545597388828312,1,-0.937789953239076
Chr07_386772059,7,386772059,0.381149956944012,0.350649350649351,1155,0.0539303358377973,0.0545596096034573,1,-0.614119292566556
Chr03_73134270,3,73134270,0.381190688116316,0.435497835497835,1155,0.0539303358377973,0.0545595019264284,1,0.8661369815444
Chr03_39025182,3,39025182,0.381209155840916,0.0558441558441558,1155,0.0539303358377973,0.0545594531104726,1,1.21314740990988
Chr08_100726683,8,100726683,0.381740105999007,0.0246753246753247,1155,0.0539303358377973,0.0545580510738902,1,-1.78207492275068
Chr08_100770294,8,100770294,0.381740105999007,0.0246753246753247,1155,0.0539303358377973,0.0545580510738902,1,-1.78207492275068
Chr12_403948439,12,403948439,0.381947600377947,0.271428571428571,1155,0.0539303358377973,0.0545575039107982,1,0.678570493852504
Chr20_447995661,20,447995661,0.382024967525212,0.0194805194805195,1155,0.0539303358377973,0.0545573000012491,1,-1.92948290275305
Chr07_494235806,7,494235806,0.382322143318524,0.0164502164502165,1155,0.0539303358377973,0.054556517305824,1,1.90094189780375
Chr18_19444394,18,19444394,0.382339869325229,0.0285714285714286,1155,0.0539303358377973,0.0545564706466892,1,-1.67838353266788
Chr08_102955871,8,102955871,0.38240537338214,0.0796536796536797,1155,0.0539303358377973,0.0545562982507716,1,1.05834168386684
Chr09_411717607,9,411717607,0.38251523462222,0.0181818181818182,1155,0.0539303358377973,0.0545560092080057,1,-1.90296007435101
Chr15_351074814,15,351074814,0.382548865579621,0.148051948051948,1155,0.0539303358377973,0.0545559207491482,1,-0.922749904501273
Chr18_125082611,18,125082611,0.382607575428107,0.051948051948052,1155,0.0539303358377973,0.0545557663521864,1,-1.18887883816933
Chr06_563367460,6,563367460,0.383062681532171,0.400865800865801,1155,0.0539303358377973,0.0545545706389231,1,-0.475121218384288
Chr16_48392962,16,48392962,0.383356883013725,0.0727272727272727,1155,0.0539303358377973,0.0545537987470174,1,-1.04520852011564
Chr20_53285582,20,53285582,0.383427619267238,0.0272727272727273,1155,0.0539303358377973,0.0545536132827632,1,-1.67349843218459
Chr18_106896159,18,106896159,0.383525486411177,0.411688311688312,1155,0.0539303358377973,0.0545533567637625,1,0.818303620199458
Chr21_31105973,21,31105973,0.383607966168483,0.0857142857142857,1155,0.0539303358377973,0.0545531406487042,1,-0.974611097853085
Chr20_5976063,20,5976063,0.383801870137713,0.483549783549784,1155,0.0539303358377973,0.0545526328375558,1,1.49961968270713
Chr06_99741205,6,99741205,0.383845717879187,0.285714285714286,1155,0.0539303358377973,0.0545525180561096,1,0.610307755035649
Chr13_257893676,13,257893676,0.383967009604052,0.266233766233766,1155,0.0539303358377973,0.0545522006443903,1,0.709130617618371
Chr06_350531669,6,350531669,0.384114664631031,0.0978354978354978,1155,0.0539303358377973,0.054551814433992,1,0.927557343991126
Chr21_70369551,21,70369551,0.384171962612022,0.0393939393939394,1155,0.0539303358377973,0.0545516646206754,1,-1.09297977357046
Chr02_236079007,2,236079007,0.384230496892406,0.118614718614719,1155,0.0539303358377973,0.0545515116076702,1,-0.880189340697825
Chr08_17365890,8,17365890,0.384371160903184,0.151515151515151,1155,0.0539303358377973,0.0545511440367913,1,0.880375982801979
Chr09_368676806,9,368676806,0.38442831817178,0.105627705627706,1155,0.0539303358377973,0.0545509947330403,1,-0.903506756172476
Chr10_432396236,10,432396236,0.384450459073077,0.235064935064935,1155,0.0539303358377973,0.0545509369060134,1,0.840283137157513
Chr10_447050459,10,447050459,0.384557670358652,0.297402597402597,1155,0.0539303358377973,0.0545506569613207,1,-0.529902205651808
Chr06_223428917,6,223428917,0.384751951493571,0.00649350649350644,1155,0.0539303358377973,0.0545501499468428,1,-2.56250958219425
Chr09_18201243,9,18201243,0.384854146674012,0.22987012987013,1155,0.0539303358377973,0.0545498833946912,1,-0.714104924391904
Chr07_233007778,7,233007778,0.385103434615104,0.107792207792208,1155,0.0539303358377973,0.0545492336076693,1,-0.70505030755271
Chr13_19529874,13,19529874,0.385394904072448,0.0705627705627706,1155,0.0539303358377973,0.0545484746299215,1,1.09494602035495
Chr15_581791406,15,581791406,0.38541229598073,0.456277056277056,1155,0.0539303358377973,0.054548429367738,1,1.03252125232245
Chr20_551006011,20,551006011,0.385446025256697,0.0584415584415584,1155,0.0539303358377973,0.0545483415960808,1,1.31279054294561
Chr13_246539910,13,246539910,0.385750779927216,0.0242424242424242,1155,0.0539303358377973,0.0545475490467577,1,1.72233029027338
Chr21_264781176,21,264781176,0.385761966531065,0.12987012987013,1155,0.0539303358377973,0.0545475199716806,1,0.860477036487453
Chr21_299401853,21,299401853,0.385807050600489,0.0982683982683983,1155,0.0539303358377973,0.0545474028059358,1,0.978896596075259
Chr09_98277153,9,98277153,0.386053911572835,0.0337662337662338,1155,0.0539303358377973,0.0545467616022163,1,1.71069361878978
Chr21_100948886,21,100948886,0.386096152588125,0.172727272727273,1155,0.0539303358377973,0.0545466519427104,1,-0.890368601267113
Chr21_112092331,21,112092331,0.386113875677091,0.263203463203463,1155,0.0539303358377973,0.0545466059378921,1,1.09512131535433
Chr20_118411800,20,118411800,0.386208723840339,0.0805194805194805,1155,0.0539303358377973,0.054546359786305,1,0.948072068212468
Chr13_265046570,13,265046570,0.386709650077938,0.0493506493506494,1155,0.0539303358377973,0.0545450612012602,1,-1.27541953958831
Chr21_308531201,21,308531201,0.386795019914425,0.346753246753247,1155,0.0539303358377973,0.0545448401303605,1,-0.50279612614159
Chr14_271581358,14,271581358,0.387021548164249,0.499134199134199,1155,0.0539303358377973,0.0545442538573965,1,-7.01994472555816
Chr21_279984635,21,279984635,0.387083766006713,0.261471861471862,1155,0.0539303358377973,0.0545440929183694,1,-0.644732048437731
Chr13_325082154,13,325082154,0.387140533528781,0.0844155844155844,1155,0.0539303358377973,0.0545439461098893,1,0.943664519879221
Chr14_368837847,14,368837847,0.387309578091308,0.424675324675325,1155,0.0539303358377973,0.0545435091196227,1,-0.548787711273263
Chr11_23279886,11,23279886,0.387600500582585,0.276190476190476,1155,0.0539303358377973,0.0545427577044638,1,-0.694287335903965
Chr14_76732201,14,76732201,0.387601264512175,0.333333333333333,1155,0.0539303358377973,0.0545427557323936,1,0.677128400763962
Chr21_88073865,21,88073865,0.387748937711001,0.0558441558441558,1155,0.0539303358377973,0.0545423746206171,1,1.22189361976214
Chr01_364550232,1,364550232,0.38786794472649,0.0761904761904761,1155,0.0539303358377973,0.0545420676406435,1,-0.99383826824419
Chr01_386604930,1,386604930,0.388083780898886,0.0995670995670996,1155,0.0539303358377973,0.0545415112317376,1,-0.941357367167086
Chr06_25216625,6,25216625,0.388465893945804,0.0164502164502165,1155,0.0539303358377973,0.0545405272570449,1,1.8979612900653
Chr04_194628065,4,194628065,0.388473072172591,0.0233766233766234,1155,0.0539303358377973,0.0545405087857119,1,1.79765973042313
Chr04_183265405,4,183265405,0.388499900462107,0.00909090909090909,1155,0.0539303358377973,0.054540439754286,1,-2.16210259515915
Chr07_473272319,7,473272319,0.388683729267378,0.0943722943722944,1155,0.0539303358377973,0.0545399669306239,1,1.02351642269625
Chr11_149244902,11,149244902,0.388705913691599,0.0164502164502165,1155,0.0539303358377973,0.0545399098919703,1,-1.93067220282158
Chr12_351902685,12,351902685,0.388801877175881,0.0692640692640693,1155,0.0539303358377973,0.0545396632126276,1,-1.00746832661591
Chr18_30380788,18,30380788,0.389028104993698,0.0904761904761905,1155,0.0539303358377973,0.0545390820260623,1,0.887779366182826
Chr12_51058733,12,51058733,0.389393493770028,0.454545454545455,1155,0.0539303358377973,0.0545381443505111,1,-0.559984435062745
Chr09_389506758,9,389506758,0.3895817956306,0.485281385281385,1155,0.0539303358377973,0.0545376616139387,1,-0.593395707976242
Chr11_149510732,11,149510732,0.389697236885886,0.496969696969697,1155,0.0539303358377973,0.0545373658301659,1,0.441957023691941
Chr02_87222840,2,87222840,0.389828201918008,0.0251082251082251,1155,0.0539303358377973,0.0545370304231461,1,1.73711478155838
Chr15_12505414,15,12505414,0.389862330453803,0.182683982683983,1155,0.0539303358377973,0.0545369430450033,1,0.916789492490807
Chr09_430690314,9,430690314,0.389864439970675,0.174025974025974,1155,0.0539303358377973,0.0545369376444395,1,-0.799106574020016
Chr04_229861973,4,229861973,0.390362901935149,0.137662337662338,1155,0.0539303358377973,0.05453566270579,1,-0.794613744337255
Chr07_350460622,7,350460622,0.390596672176241,0.0779220779220779,1155,0.0539303358377973,0.054535065584032,1,-1.0032574287448
Chr13_59843249,13,59843249,0.39065972674698,0.0194805194805195,1155,0.0539303358377973,0.0545349046107663,1,-1.8409125049958
Chr18_228678737,18,228678737,0.390777234457131,0.249350649350649,1155,0.0539303358377973,0.0545346047223272,1,-0.736216357501462
Chr19_143019413,19,143019413,0.390938640480764,0.455844155844156,1155,0.0539303358377973,0.0545341930127503,1,0.601742228733627
Chr21_149896546,21,149896546,0.391175234766862,0.0826839826839827,1155,0.0539303358377973,0.0545335899554547,1,-1.02078600133996
Chr01_250935349,1,250935349,0.391294812284385,0.0294372294372294,1155,0.0539303358377973,0.0545332853621849,1,-1.6909728480268
Chr12_375446921,12,375446921,0.39145744397319,0.0939393939393939,1155,0.0539303358377973,0.0545328713135789,1,-0.923222022408964
Chr12_347517636,12,347517636,0.391584583065415,0.134199134199134,1155,0.0539303358377973,0.0545325477983972,1,0.80242956993493
Chr19_641594522,19,641594522,0.391620347580795,0.302164502164502,1155,0.0539303358377973,0.0545324568200017,1,0.674669366531703
Chr08_333988499,8,333988499,0.391672508899609,0.0285714285714286,1155,0.0539303358377973,0.0545323241525033,1,1.33126189383796
Chr21_308531176,21,308531176,0.39202083841012,0.0212121212121212,1155,0.0539303358377973,0.0545314388581357,1,-1.88214337374247
Chr13_8690126,13,8690126,0.392394834132683,0.277922077922078,1155,0.0539303358377973,0.0545304895883386,1,0.728692676918456
Chr11_17021436,11,17021436,0.392457002599878,0.496536796536797,1155,0.0539303358377973,0.0545303319192983,1,0.560838693717216
Chr02_10458028,2,10458028,0.392500157113067,0.0251082251082251,1155,0.0539303358377973,0.0545302224937392,1,1.72086922423053
Chr18_560517733,18,560517733,0.392558975780052,0.0272727272727273,1155,0.0539303358377973,0.0545300733769045,1,-1.66201868825384
Chr20_226741312,20,226741312,0.392653805292596,0.0238095238095238,1155,0.0539303358377973,0.054529833033104,1,1.73339930270456
Chr14_511253428,14,511253428,0.39270315393885,0.248051948051948,1155,0.0539303358377973,0.0545297079927831,1,0.700681949389917
Chr10_470505914,10,470505914,0.392765806578604,0.129004329004329,1155,0.0539303358377973,0.0545295492751356,1,0.815734406033357
Chr21_33200164,21,33200164,0.393040042585929,0.116017316017316,1155,0.0539303358377973,0.0545288549822723,1,0.849744122893583
Chr01_292716881,1,292716881,0.393040415980147,0.029004329004329,1155,0.0539303358377973,0.0545288540374116,1,-1.2322898326627
Chr16_197792358,16,197792358,0.393056259638112,0.0238095238095238,1155,0.0539303358377973,0.0545288139468042,1,-1.70367531250304
Chr02_123951910,2,123951910,0.393072355517932,0.0272727272727273,1155,0.0539303358377973,0.0545287732203537,1,-1.71572092934566
Chr08_300706886,8,300706886,0.393080947403687,0.0627705627705628,1155,0.0539303358377973,0.0545287514817967,1,1.05129840316116
Chr16_296781494,16,296781494,0.393150629125122,0.272727272727273,1155,0.0539303358377973,0.0545285752034667,1,-0.660715655333235
Chr10_487639506,10,487639506,0.393159016549531,0.0757575757575758,1155,0.0539303358377973,0.054528553988288,1,1.02369293901886
Chr12_203872351,12,203872351,0.393188605998478,0.291774891774892,1155,0.0539303358377973,0.0545284791498416,1,-0.679343880485845
Chr02_31050152,2,31050152,0.393377219032853,0.321212121212121,1155,0.0539303358377973,0.0545280022948302,1,-0.705259844516263
Chr18_128004688,18,128004688,0.393720043505161,0.0506493506493507,1155,0.0539303358377973,0.0545271364011054,1,1.24820864900175
Chr13_226710474,13,226710474,0.393757739590342,0.156277056277056,1155,0.0539303358377973,0.0545270412558856,1,-0.73667635506331
Chr12_13701831,12,13701831,0.39385717948131,0.308658008658009,1155,0.0539303358377973,0.0545267903316813,1,0.674135100840431
Chr19_112569042,19,112569042,0.393976251192327,0.0246753246753247,1155,0.0539303358377973,0.0545264899889446,1,-1.703227073525
Chr14_367554864,14,367554864,0.394095877357432,0.0757575757575758,1155,0.0539303358377973,0.0545261883792119,1,0.966121701114844
Chr06_283896348,6,283896348,0.394386869249385,0.341991341991342,1155,0.0539303358377973,0.0545254552603688,1,-0.804022513711402
Chr20_379165995,20,379165995,0.3943884697101,0.321212121212121,1155,0.0539303358377973,0.0545254512303534,1,-0.683482226144633
Chr03_444740296,3,444740296,0.39452927890357,0.0337662337662338,1155,0.0539303358377973,0.0545250967603136,1,-1.6617329806291
Chr07_31752797,7,31752797,0.394529903985681,0.10952380952381,1155,0.0539303358377973,0.0545250951871531,1,1.04890598593656
Chr08_305142944,8,305142944,0.394688638739964,0.414718614718615,1155,0.0539303358377973,0.0545246958110484,1,-0.879609272649645
Chr15_92210863,15,92210863,0.394950183671544,0.154545454545455,1155,0.0539303358377973,0.0545240382694314,1,-0.86391908173664
Chr01_445826416,1,445826416,0.395065913228194,0.418614718614719,1155,0.0539303358377973,0.0545237475177486,1,0.451087241721268
Chr20_235443629,20,235443629,0.395085707092707,0.019047619047619,1155,0.0539303358377973,0.0545236978011792,1,-1.79993062507421
Chr17_212346057,17,212346057,0.395302496498174,0.120779220779221,1155,0.0539303358377973,0.0545231535226529,1,-0.81818013175419
Chr20_352132309,20,352132309,0.395379376197082,0.054978354978355,1155,0.0539303358377973,0.054522960609343,1,1.27573290947242
Chr04_95032887,4,95032887,0.395541422665656,0.0515151515151515,1155,0.0539303358377973,0.0545225541652048,1,1.22139640133176
Chr09_56432941,9,56432941,0.396059378965709,0.453246753246753,1155,0.0539303358377973,0.0545212566391677,1,-1.01014409498248
Chr01_137967184,1,137967184,0.3960775606696,0.194805194805195,1155,0.0539303358377973,0.0545212111368962,1,0.727893624486114
Chr19_667850780,19,667850780,0.396187344730784,0.074025974025974,1155,0.0539303358377973,0.054520936450872,1,1.01946962245893
Chr11_2387312,11,2387312,0.396248119523037,0.0675324675324675,1155,0.0539303358377973,0.0545207844361006,1,1.06068138551149
Chr04_12955312,4,12955312,0.396263219793937,0.42987012987013,1155,0.0539303358377973,0.0545207466713171,1,-0.564066115472713
Chr21_123510004,21,123510004,0.396306218375282,0.173593073593074,1155,0.0539303358377973,0.0545206391460722,1,0.780194235298296
Chr04_233096088,4,233096088,0.396311433372143,0.054978354978355,1155,0.0539303358377973,0.0545206261062324,1,-1.18782024902268
Chr21_367375647,21,367375647,0.396513085892377,0.0294372294372294,1155,0.0539303358377973,0.0545201220741531,1,1.67463998173989
Chr01_421298982,1,421298982,0.396752776410467,0.471861471861472,1155,0.0539303358377973,0.0545195234471447,1,0.501100141088443
Chr13_292447877,13,292447877,0.396780812123562,0.116450216450216,1155,0.0539303358377973,0.0545194534620843,1,0.786598568721516
Chr02_359733665,2,359733665,0.396820993085945,0.497835497835498,1155,0.0539303358377973,0.0545193531715105,1,0.478191878420631
Chr21_320038992,21,320038992,0.396951662850114,0.461471861471861,1155,0.0539303358377973,0.0545190271248039,1,0.438593609743151
Chr20_130221160,20,130221160,0.397199019867384,0.309090909090909,1155,0.0539303358377973,0.0545184103450307,1,-0.639143661825329
Chr13_337451394,13,337451394,0.397241018606039,0.109090909090909,1155,0.0539303358377973,0.0545183056771511,1,0.765958075218123
Chr11_226131808,11,226131808,0.397308679463613,0.253679653679654,1155,0.0539303358377973,0.054518137088627,1,0.69868362453829
Chr20_492216655,20,492216655,0.397471181754245,0.331168831168831,1155,0.0539303358377973,0.0545177323560743,1,0.609274881420077
Chr10_455231852,10,455231852,0.397550104682634,0.411688311688312,1155,0.0539303358377973,0.0545175358748341,1,0.977743319035085
Chr04_240444978,4,240444978,0.397581243837335,0.157575757575758,1155,0.0539303358377973,0.0545174583683981,1,-0.845205869244523
Chr09_88143,9,88143,0.397959185600278,0.0489177489177489,1155,0.0539303358377973,0.0545165183577996,1,1.22909546573379
Chr18_504312533,18,504312533,0.398081465523203,0.0593073593073593,1155,0.0539303358377973,0.0545162145016906,1,1.16522880988191
Chr07_99522186,7,99522186,0.398144897861363,0.0225108225108225,1155,0.0539303358377973,0.0545160569304665,1,1.68571544142161
Chr05_45283296,5,45283296,0.398319035720203,0.322077922077922,1155,0.0539303358377973,0.0545156245442339,1,-0.730842517878045
Chr07_340591429,7,340591429,0.398663895514826,0.0216450216450216,1155,0.0539303358377973,0.0545147690607387,1,1.7102600030649
Chr04_239757575,4,239757575,0.398800551381059,0.0575757575757576,1155,0.0539303358377973,0.0545144303590245,1,1.20410759661004
Chr15_51442893,15,51442893,0.398888978802799,0.0571428571428571,1155,0.0539303358377973,0.0545142112811501,1,1.24552731366899
Chr07_92728618,7,92728618,0.399019310702503,0.475324675324675,1155,0.0539303358377973,0.0545138885136965,1,0.732044817420274
Chr21_263882273,21,263882273,0.399095703832854,0.0437229437229437,1155,0.0539303358377973,0.0545136993968269,1,-1.23648638878605
Chr01_106387690,1,106387690,0.39920765110282,0.0199134199134199,1155,0.0539303358377973,0.0545134223577912,1,-1.73134371024413
Chr10_510806570,10,510806570,0.399238547344366,0.31038961038961,1155,0.0539303358377973,0.0545133459178294,1,0.627452162893064
Chr16_306284287,16,306284287,0.399308078979038,0.0277056277056277,1155,0.0539303358377973,0.054513173921937,1,-1.67261365711271
Chr06_13655058,6,13655058,0.39944139455851,0.125974025974026,1155,0.0539303358377973,0.0545128442692374,1,-0.795906297981503
Chr14_126861680,14,126861680,0.399582350918114,0.377489177489177,1155,0.0539303358377973,0.0545124958964684,1,-0.646438251492413
Chr02_417217246,2,417217246,0.399765718661705,0.164935064935065,1155,0.0539303358377973,0.0545120429708672,1,-0.786926389346547
Chr17_283558250,17,283558250,0.400094894968041,0.474458874458874,1155,0.0539303358377973,0.0545112306480228,1,0.616109278393083
Chr03_20367793,3,20367793,0.400403328552414,0.114285714285714,1155,0.0539303358377973,0.0545104703926008,1,-0.969060138513214
Chr20_570217385,20,570217385,0.400439193524028,0.226406926406926,1155,0.0539303358377973,0.0545103820445015,1,-0.669924675507929
Chr19_54054551,19,54054551,0.400953449970244,0.253679653679654,1155,0.0539303358377973,0.0545091165115504,1,0.643986688943102
Chr01_152714134,1,152714134,0.400964131809709,0.0532467532467532,1155,0.0539303358377973,0.0545090902496254,1,1.25353264237367
Chr10_405393040,10,405393040,0.401036770869581,0.0298701298701299,1155,0.0539303358377973,0.054508911689228,1,1.68928987141214
Chr20_28603920,20,28603920,0.401051386670274,0.0467532467532468,1155,0.0539303358377973,0.0545088757665321,1,1.22689295958298
Chr13_321890835,13,321890835,0.401057672400122,0.155411255411255,1155,0.0539303358377973,0.0545088603180595,1,-0.882210760010224
Chr21_59413121,21,59413121,0.40106613937169,0.038961038961039,1155,0.0539303358377973,0.0545088395092956,1,-1.20144906391533
Chr12_301916832,12,301916832,0.401284483768449,0.174891774891775,1155,0.0539303358377973,0.0545083031178467,1,0.800681677145661
Chr20_637285182,20,637285182,0.401646620769081,0.261904761904762,1155,0.0539303358377973,0.0545074144159096,1,0.726945834190758
Chr20_487424672,20,487424672,0.401693577107467,0.346753246753247,1155,0.0539303358377973,0.0545072992680898,1,0.574262717947647
Chr20_483154326,20,483154326,0.401765277555529,0.029004329004329,1155,0.0539303358377973,0.0545071234797447,1,-1.55345296786436
Chr02_32207174,2,32207174,0.402051115426211,0.274458874458874,1155,0.0539303358377973,0.0545064231429898,1,-0.686906336271761
Chr03_467907052,3,467907052,0.402089170167932,0.138961038961039,1155,0.0539303358377973,0.0545063299589914,1,0.954687602134896
Chr08_336310814,8,336310814,0.402260721435021,0.121645021645022,1155,0.0539303358377973,0.0545059100436237,1,-0.684930403744445
Chr07_173778340,7,173778340,0.4024034913633,0.366233766233766,1155,0.0539303358377973,0.054505560776585,1,-0.724891006603002
Chr21_336711263,21,336711263,0.402426634663033,0.0333333333333333,1155,0.0539303358377973,0.0545055041766705,1,1.10327945155286
Chr19_363779008,19,363779008,0.402700923226385,0.432900432900433,1155,0.0539303358377973,0.0545048337294665,1,0.642923883628043
Chr20_313780786,20,313780786,0.402711995671594,0.0207792207792208,1155,0.0539303358377973,0.0545048066789081,1,-1.79645813250421
Chr19_705338405,19,705338405,0.402835090523033,0.190909090909091,1155,0.0539303358377973,0.0545045060247186,1,0.731261197166958
Chr20_50818926,20,50818926,0.402893056983588,0.0497835497835498,1155,0.0539303358377973,0.0545043644903288,1,1.17922631818743
Chr11_185119201,11,185119201,0.403012994148171,0.496536796536797,1155,0.0539303358377973,0.0545040717387243,1,-3.03356983628873
Chr18_24947584,18,24947584,0.403144719984979,0.328571428571429,1155,0.0539303358377973,0.0545037503586852,1,-0.688574852635782
Chr09_22421198,9,22421198,0.403230381844553,0.0467532467532468,1155,0.0539303358377973,0.0545035414460151,1,0.99358441153322
Chr13_321895414,13,321895414,0.403281546837288,0.104329004329004,1155,0.0539303358377973,0.0545034166953701,1,0.875614720724116
Chr21_333817439,21,333817439,0.403337709189502,0.0372294372294372,1155,0.0539303358377973,0.054503279786705,1,-1.29245000760108
Chr03_328577776,3,328577776,0.403359738694059,0.316450216450216,1155,0.0539303358377973,0.0545032260923002,1,0.735874464121139
Chr01_452445128,1,452445128,0.403874030370112,0.121212121212121,1155,0.0539303358377973,0.0545019737789146,1,-0.805060671779188
Chr19_564697030,19,564697030,0.404017537642322,0.122077922077922,1155,0.0539303358377973,0.0545016247500292,1,0.916321071517814
Chr21_360309543,21,360309543,0.404281417597297,0.0515151515151515,1155,0.0539303358377973,0.0545009834305747,1,-1.21012188058322
Chr20_589684247,20,589684247,0.404335417959085,0.487012987012987,1155,0.0539303358377973,0.0545008522663382,1,-0.564630178671564
Chr02_101458002,2,101458002,0.404532891686863,0.0753246753246753,1155,0.0539303358377973,0.0545003728299789,1,-0.790931322631991
Chr19_29877455,19,29877455,0.40457781780501,0.0155844155844156,1155,0.0539303358377973,0.0545002638038656,1,-1.85618368875825
Chr02_66140613,2,66140613,0.404697224003102,0.315584415584416,1155,0.0539303358377973,0.0544999741163872,1,0.689500412516963
Chr19_242775451,19,242775451,0.404741257136343,0.0238095238095238,1155,0.0539303358377973,0.0544998673205431,1,1.67508365176153
Chr15_74447221,15,74447221,0.404792777675773,0.0796536796536796,1155,0.0539303358377973,0.0544997423866426,1,-0.771467666271974
Chr08_425978031,8,425978031,0.404960272555505,0.193939393939394,1155,0.0539303358377973,0.0544993363830852,1,-0.658471067569366
Chr04_72697806,4,72697806,0.405225611988284,0.327272727272727,1155,0.0539303358377973,0.0544986937086317,1,-0.693714490735942
Chr15_168189506,15,168189506,0.405317360351591,0.3,1155,0.0539303358377973,0.0544984716294399,1,-0.820367860129181
Chr16_17406513,16,17406513,0.405503692366404,0.331168831168831,1155,0.0539303358377973,0.0544980208342429,1,0.737250912088427
Chr08_293023553,8,293023553,0.4057582149223,0.32987012987013,1155,0.0539303358377973,0.0544974055540638,1,-0.931965213326066
Chr09_25223928,9,25223928,0.406121477917641,0.147186147186147,1155,0.0539303358377973,0.0544965283830058,1,0.854825507743612
Chr06_367476549,6,367476549,0.406270849476546,0.0896103896103896,1155,0.0539303358377973,0.05449616802855,1,0.926828200160244
Chr19_598990505,19,598990505,0.406284167931231,0.096969696969697,1155,0.0539303358377973,0.0544961359075889,1,-0.864250657184996
Chr13_373690669,13,373690669,0.406330404251054,0.358874458874459,1155,0.0539303358377973,0.0544960244084842,1,0.465854706823535
Chr07_453006233,7,453006233,0.406340914306478,0.316017316017316,1155,0.0539303358377973,0.0544959990660268,1,0.768009503987741
Chr21_279984603,21,279984603,0.406629216387624,0.0991341991341991,1155,0.0539303358377973,0.0544953042692325,1,-1.29852290851363
Chr20_215655546,20,215655546,0.406703303399326,0.029004329004329,1155,0.0539303358377973,0.0544951258389009,1,-1.45645006304585
Chr16_371576568,16,371576568,0.406751280889401,0.0329004329004329,1155,0.0539303358377973,0.0544950103158396,1,1.44020575962927
Chr17_153390882,17,153390882,0.407176223015296,0.0506493506493507,1155,0.0539303358377973,0.0544939879854485,1,1.15954666147816
Chr16_273544827,16,273544827,0.407206758321951,0.362337662337662,1155,0.0539303358377973,0.0544939145834822,1,-0.653511790158461
Chr15_65144018,15,65144018,0.407513886957798,0.0471861471861472,1155,0.0539303358377973,0.0544931767439812,1,1.22714316173364
Chr21_112599519,21,112599519,0.407581135175913,0.325108225108225,1155,0.0539303358377973,0.0544930152970321,1,-0.918205673196042
Chr12_301921172,12,301921172,0.407736474125364,0.0255411255411255,1155,0.0539303358377973,0.0544926425144981,1,1.6836979733272
Chr21_139492664,21,139492664,0.408049895167141,0.0796536796536796,1155,0.0539303358377973,0.0544918910001955,1,-1.05485456057022
Chr17_120204235,17,120204235,0.408249353893583,0.00519480519480519,1155,0.0539303358377973,0.0544914131831251,1,2.7165863373278
Chr12_367040937,12,367040937,0.408337718726393,0.0220779220779221,1155,0.0539303358377973,0.0544912016085994,1,1.69397632143783
Chr02_121332509,2,121332509,0.408467698378867,0.354112554112554,1155,0.0539303358377973,0.0544908905165865,1,0.682280453513613
Chr03_126155357,3,126155357,0.408508317004035,0.144588744588745,1155,0.0539303358377973,0.0544907933301721,1,0.781668481677542
Chr13_147725635,13,147725635,0.408616329378587,0.0995670995670996,1155,0.0539303358377973,0.0544905349626842,1,-0.942475421966634
Chr11_103149052,11,103149052,0.408868224290301,0.368831168831169,1155,0.0539303358377973,0.0544899328151315,1,-0.719793353913417
Chr19_766501822,19,766501822,0.409347750113819,0.374891774891775,1155,0.0539303358377973,0.0544887880272628,1,-0.525551802339578
Chr08_191575709,8,191575709,0.409585033763363,0.0987012987012987,1155,0.0539303358377973,0.0544882222808275,1,-0.922889553758012
Chr02_47084445,2,47084445,0.409605342408151,0.121212121212121,1155,0.0539303358377973,0.0544881738820798,1,0.762987537026348
Chr19_567657205,19,567657205,0.409779941339229,0.0965367965367966,1155,0.0539303358377973,0.0544877579304353,1,0.984120292297348
Chr04_207288962,4,207288962,0.409818072230904,0.019047619047619,1155,0.0539303358377973,0.0544876671248785,1,1.78131493477706
Chr11_237988757,11,237988757,0.409876809540436,0.254545454545455,1155,0.0539303358377973,0.0544875272711635,1,0.692133883799585
Chr07_400027181,7,400027181,0.409983902558749,0.0238095238095238,1155,0.0539303358377973,0.0544872723582167,1,-1.68652065069271
Chr21_179646117,21,179646117,0.410116645719439,0.0207792207792208,1155,0.0539303358377973,0.0544869565263025,1,-1.8178933108093
Chr08_111370558,8,111370558,0.410172212861718,0.051948051948052,1155,0.0539303358377973,0.0544868243616882,1,1.24957826432555
Chr09_28472457,9,28472457,0.410223450269194,0.180519480519481,1155,0.0539303358377973,0.0544867025185505,1,0.728036374261535
Chr19_685105753,19,685105753,0.410552950038001,0.476623376623377,1155,0.0539303358377973,0.054485919499198,1,0.596819891336281
Chr19_303300141,19,303300141,0.410585381598234,0.151515151515152,1155,0.0539303358377973,0.0544858424792327,1,0.897238500925255
Chr07_286323216,7,286323216,0.410639676806227,0.0454545454545455,1155,0.0539303358377973,0.0544857135565177,1,1.24840993720574
Chr17_3793921,17,3793921,0.410669608051219,0.496103896103896,1155,0.0539303358377973,0.0544856424962032,1,1.5062949808821
Chr20_560103489,20,560103489,0.410693179250301,0.498268398268398,1155,0.0539303358377973,0.054485586540756,1,4.69143154387712
Chr13_336871808,13,336871808,0.410940861807262,0.0675324675324675,1155,0.0539303358377973,0.0544849988553044,1,-1.05692003235184
Chr06_430471868,6,430471868,0.411003189146236,0.191341991341991,1155,0.0539303358377973,0.0544848510511122,1,-0.651449707767028
Chr10_505917926,10,505917926,0.411082220737771,0.131601731601732,1155,0.0539303358377973,0.0544846636816275,1,0.714863928969137
Chr10_426180760,10,426180760,0.411146500653188,0.30995670995671,1155,0.0539303358377973,0.0544845113248104,1,-0.573857748561608
Chr03_351990389,3,351990389,0.411155913480198,0.377056277056277,1155,0.0539303358377973,0.054484489017393,1,-0.654520024150031
Chr06_442986911,6,442986911,0.411357588566641,0.0623376623376623,1155,0.0539303358377973,0.0544840112492074,1,1.08872448367016
Chr20_590789870,20,590789870,0.411461192241619,0.0233766233766234,1155,0.0539303358377973,0.0544837659463642,1,1.66612849389371
Chr19_131389206,19,131389206,0.41163167534828,0.025974025974026,1155,0.0539303358377973,0.0544833624909595,1,-1.50342296590497
Chr06_445233135,6,445233135,0.41171703167707,0.37965367965368,1155,0.0539303358377973,0.0544831605841839,1,0.487066741221895
Chr13_327793376,13,327793376,0.411805075044065,0.0493506493506494,1155,0.0539303358377973,0.0544829523860016,1,-1.23151908682192
Chr20_265613694,20,265613694,0.412010309492569,0.125108225108225,1155,0.0539303358377973,0.054482467318171,1,-0.778083779784282
Chr20_566424093,20,566424093,0.412229023298435,0.317316017316017,1155,0.0539303358377973,0.054481950784353,1,0.515958294056986
Chr04_205371349,4,205371349,0.412269877128232,0.449350649350649,1155,0.0539303358377973,0.0544818543451708,1,0.437381451425892
Chr04_261878872,4,261878872,0.412525502336904,0.381385281385281,1155,0.0539303358377973,0.0544812512386983,1,0.731843430620017
Chr01_137546793,1,137546793,0.41256254079556,0.177056277056277,1155,0.0539303358377973,0.0544811638981864,1,0.753378448398223
Chr03_161965840,3,161965840,0.413294751300981,0.340692640692641,1155,0.0539303358377973,0.0544794396442254,1,-0.708381203158183
Chr19_180155430,19,180155430,0.413806169283668,0.074025974025974,1155,0.0539303358377973,0.0544782380014557,1,1.05155470237486
Chr16_206455006,16,206455006,0.413839014887039,0.292640692640693,1155,0.0539303358377973,0.0544781609015111,1,-0.618144146007353
Chr01_476051252,1,476051252,0.413854226441304,0.43982683982684,1155,0.0539303358377973,0.0544781251978201,1,0.442285898785883
Chr20_440036638,20,440036638,0.4142053116773,0.0229437229437229,1155,0.0539303358377973,0.0544773016897662,1,-1.7360440596553
Chr20_164824047,20,164824047,0.414351974216523,0.188311688311688,1155,0.0539303358377973,0.0544769579828578,1,-0.764805492778038
Chr07_146953832,7,146953832,0.414505040116244,0.025974025974026,1155,0.0539303358377973,0.0544765994615323,1,1.67955267771566
Chr13_142748765,13,142748765,0.414505040116244,0.025974025974026,1155,0.0539303358377973,0.0544765994615323,1,1.67955267771566
Chr01_484237558,1,484237558,0.414845162436846,0.298268398268398,1155,0.0539303358377973,0.0544758035052796,1,0.575250305508092
Chr20_315795264,20,315795264,0.414909276926923,0.128138528138528,1155,0.0539303358377973,0.0544756535724389,1,-0.93335656188961
Chr21_355979014,21,355979014,0.414959752282787,0.0523809523809524,1155,0.0539303358377973,0.0544755355590909,1,-1.18445463948972
Chr19_692280733,19,692280733,0.415236827050284,0.287878787878788,1155,0.0539303358377973,0.0544748881261184,1,-0.653016891954479
Chr06_451336789,6,451336789,0.415532808223382,0.00735930735930736,1155,0.0539303358377973,0.0544741972220063,1,-2.25960147050516
Chr15_448816541,15,448816541,0.415642506965139,0.471428571428571,1155,0.0539303358377973,0.0544739413392814,1,0.540285289375333
Chr16_357370267,16,357370267,0.415683018326036,0.0255411255411255,1155,0.0539303358377973,0.0544738468680073,1,-1.63687928381968
Chr18_495331495,18,495331495,0.415688301753914,0.0238095238095238,1155,0.0539303358377973,0.0544738345482177,1,-1.66389600016497
Chr01_382451035,1,382451035,0.416105055610827,0.43982683982684,1155,0.0539303358377973,0.0544728635012923,1,-0.449774732373839
Chr01_188818248,1,188818248,0.41618223996338,0.0532467532467532,1155,0.0539303358377973,0.0544726838181737,1,1.21857574136376
Chr21_68057522,21,68057522,0.416324006528315,0.495670995670996,1155,0.0539303358377973,0.0544723539181944,1,1.81652829702489
Chr07_149819520,7,149819520,0.416454566772984,0.0536796536796537,1155,0.0539303358377973,0.054472050243513,1,1.22987541111451
Chr17_313702025,17,313702025,0.416498080778194,0.261038961038961,1155,0.0539303358377973,0.054471949064152,1,0.67333514231575
Chr13_69930420,13,69930420,0.416802309974884,0.483982683982684,1155,0.0539303358377973,0.0544712421045236,1,-0.559970096236299
Chr17_265892558,17,265892558,0.416893024395105,0.17012987012987,1155,0.0539303358377973,0.0544710314531068,1,-0.592204166912097
Chr15_486020949,15,486020949,0.41689641316239,0.491774891774892,1155,0.0539303358377973,0.0544710235852418,1,0.558854242414384
Chr11_52972239,11,52972239,0.41691257396093,0.0225108225108225,1155,0.0539303358377973,0.0544709860652335,1,1.65213572795086
Chr18_471424613,18,471424613,0.417104526463925,0.0203463203463203,1155,0.0539303358377973,0.0544705405804555,1,-1.68058377295775
Chr10_503425492,10,503425492,0.417172347079913,0.0454545454545455,1155,0.0539303358377973,0.0544703832546976,1,-1.15146997387495
Chr08_94701093,8,94701093,0.417356733991192,0.0264069264069264,1155,0.0539303358377973,0.0544699557182933,1,-1.60948760229056
Chr13_66337259,13,66337259,0.417467374909232,0.25021645021645,1155,0.0539303358377973,0.0544696993108741,1,0.687890252729289
Chr13_174497493,13,174497493,0.417576768341556,0.0705627705627706,1155,0.0539303358377973,0.0544694458937863,1,1.00853923034261
Chr10_100785864,10,100785864,0.417588288200895,0.0220779220779221,1155,0.0539303358377973,0.0544694192130193,1,-1.71036392338419
Chr19_395585761,19,395585761,0.417615245261522,0.0722943722943723,1155,0.0539303358377973,0.054469356782934,1,1.05555357687493
Chr20_78742054,20,78742054,0.418096565005529,0.0606060606060606,1155,0.0539303358377973,0.054468243098495,1,-1.02048160764905
Chr14_511253485,14,511253485,0.41812210845234,0.306493506493506,1155,0.0539303358377973,0.0544681840490095,1,-0.663926797153408
Chr17_259438098,17,259438098,0.418384143171089,0.0510822510822511,1155,0.0539303358377973,0.054467578606067,1,1.13592299082669
Chr08_425978061,8,425978061,0.418471224370932,0.241558441558442,1155,0.0539303358377973,0.0544673775260064,1,0.651614389095016
Chr02_296786365,2,296786365,0.418713857211749,0.115584415584416,1155,0.0539303358377973,0.0544668175886227,1,-0.766255074514973
Chr07_341482207,7,341482207,0.418775414391207,0.382251082251082,1155,0.0539303358377973,0.0544666756065179,1,0.504210914606432
Chr01_83656544,1,83656544,0.418826110094634,0.0536796536796537,1155,0.0539303358377973,0.0544665586998341,1,1.21171565841496
Chr13_9424626,13,9424626,0.418907113899263,0.087012987012987,1155,0.0539303358377973,0.0544663719449873,1,0.892568655823979
Chr02_421061410,2,421061410,0.418941721180164,0.0264069264069264,1155,0.0539303358377973,0.0544662921740541,1,1.2566649298231
Chr08_191903001,8,191903001,0.419207953066379,0.451082251082251,1155,0.0539303358377973,0.0544656788288744,1,-0.469191251874008
Chr14_86429614,14,86429614,0.419240031213026,0.142424242424242,1155,0.0539303358377973,0.054465604966407,1,-0.851197798181033
Chr21_245396006,21,245396006,0.419410841916908,0.0277056277056277,1155,0.0539303358377973,0.0544652118030884,1,-1.55783148296688
Chr20_238513278,20,238513278,0.41945464448361,0.311688311688312,1155,0.0539303358377973,0.0544651110190414,1,0.709688500992797
Chr09_291778328,9,291778328,0.419520293845167,0.0445887445887446,1155,0.0539303358377973,0.0544649599977224,1,1.27111050475166
Chr19_555797368,19,555797368,0.419607504304741,0.435930735930736,1155,0.0539303358377973,0.0544647594312443,1,-0.771063670382205
Chr20_510023735,20,510023735,0.419775861406374,0.174891774891775,1155,0.0539303358377973,0.0544643724196482,1,0.679417069023316
Chr10_288287473,10,288287473,0.41986653875339,0.019047619047619,1155,0.0539303358377973,0.0544641640706354,1,-1.74713062297637
Chr08_183018791,8,183018791,0.420020548963079,0.162337662337662,1155,0.0539303358377973,0.0544638103557251,1,-0.538094845390901
Chr15_591238168,15,591238168,0.420157975992435,0.457142857142857,1155,0.0539303358377973,0.0544634948907334,1,-0.531277186882051
Chr12_44006405,12,44006405,0.420305985683099,0.497402597402597,1155,0.0539303358377973,0.0544631553053476,1,3.26155161997303
Chr15_403977041,15,403977041,0.420471374377967,0.0658008658008658,1155,0.0539303358377973,0.054462776057659,1,-1.3374953048706
Chr01_476294463,1,476294463,0.420491854698689,0.251515151515152,1155,0.0539303358377973,0.0544627291103669,1,0.513613744744021
Chr18_490933765,18,490933765,0.420728674300417,0.408225108225108,1155,0.0539303358377973,0.054462186493813,1,0.840627984003731
Chr02_230003306,2,230003306,0.420748473908922,0.0930735930735931,1155,0.0539303358377973,0.0544621411483195,1,-0.700964156363938
Chr09_309341095,9,309341095,0.420891511020715,0.045021645021645,1155,0.0539303358377973,0.0544618136562929,1,1.27122255175676
Chr11_191375023,11,191375023,0.421021174664306,0.463203463203463,1155,0.0539303358377973,0.0544615169272856,1,0.565808082479748
Chr20_242624166,20,242624166,0.421042439791326,0.203896103896104,1155,0.0539303358377973,0.0544614682760978,1,-0.803419208005153
Chr13_359199641,13,359199641,0.421067447754323,0.0800865800865801,1155,0.0539303358377973,0.0544614110666054,1,0.963161573676643
Chr02_310844313,2,310844313,0.421072932072925,0.051948051948052,1155,0.0539303358377973,0.0544613985210742,1,-1.14643074686089
Chr14_374358612,14,374358612,0.421187023560939,0.278787878787879,1155,0.0539303358377973,0.054461137589057,1,0.576267975163631
Chr15_502970272,15,502970272,0.421333902998267,0.102164502164502,1155,0.0539303358377973,0.0544608018251415,1,0.985706198413254
Chr11_8392065,11,8392065,0.421376475271487,0.428571428571429,1155,0.0539303358377973,0.0544607045383492,1,-0.436240012818217
Chr21_208186773,21,208186773,0.42138406336252,0.100865800865801,1155,0.0539303358377973,0.0544606871994761,1,0.896633749689187
Chr15_434046157,15,434046157,0.421544322701267,0.0194805194805195,1155,0.0539303358377973,0.0544603211140635,1,1.62427241520244
Chr20_153076318,20,153076318,0.421625052550869,0.20995670995671,1155,0.0539303358377973,0.0544601367791683,1,-0.7262398779975
Chr16_280150579,16,280150579,0.421748826234175,0.484848484848485,1155,0.0539303358377973,0.0544598542624174,1,0.731808856589282
Chr03_282134175,3,282134175,0.421759654773295,0.442857142857143,1155,0.0539303358377973,0.0544598295518866,1,-0.5892797158794
Chr13_30745073,13,30745073,0.421776301752899,0.221645021645022,1155,0.0539303358377973,0.0544597915656314,1,-0.648192682601859
Chr11_38023759,11,38023759,0.42216735465424,0.0220779220779221,1155,0.0539303358377973,0.0544588998782668,1,1.68776147453049
Chr09_189753434,9,189753434,0.422237258731167,0.0753246753246753,1155,0.0539303358377973,0.0544587406116962,1,1.0298986601988
Chr12_151333797,12,151333797,0.422254184228811,0.347186147186147,1155,0.0539303358377973,0.0544587020552727,1,-0.838029346736221
Chr12_99319067,12,99319067,0.42226877466509,0.194805194805195,1155,0.0539303358377973,0.0544586688199987,1,-0.830151906303286
Chr15_360964073,15,360964073,0.422314401613342,0.0242424242424242,1155,0.0539303358377973,0.0544585648983376,1,1.69147228743012
Chr10_116308032,10,116308032,0.422409037459659,0.12034632034632,1155,0.0539303358377973,0.0544583494057436,1,-0.80274702443046
Chr03_5067506,3,5067506,0.422502610835852,0.266233766233766,1155,0.0539303358377973,0.0544581364035348,1,-0.679725523435508
Chr15_531001597,15,531001597,0.422633825736957,0.459307359307359,1155,0.0539303358377973,0.0544578378364364,1,-0.490784184145298
Chr08_218472970,8,218472970,0.422688656613675,0.143290043290043,1155,0.0539303358377973,0.0544577131150875,1,0.761117631224295
Chr13_353962851,13,353962851,0.422785261706047,0.107792207792208,1155,0.0539303358377973,0.0544574934307528,1,0.846458451285343
Chr11_211702566,11,211702566,0.423127320536338,0.26017316017316,1155,0.0539303358377973,0.0544567161778062,1,0.609961167652443
Chr13_305210765,13,305210765,0.423176608884633,0.245454545454545,1155,0.0539303358377973,0.0544566042585691,1,-0.679611840807411
Chr17_98917507,17,98917507,0.42318463423354,0.0212121212121212,1155,0.0539303358377973,0.0544565860372295,1,-1.62797587274966
Chr13_327513858,13,327513858,0.423282567663439,0.0493506493506494,1155,0.0539303358377973,0.0544563637237221,1,-1.20032359047981
Chr14_226687630,14,226687630,0.423339908728234,0.0974025974025974,1155,0.0539303358377973,0.05445623359259,1,1.07818776528927
Chr14_424673195,14,424673195,0.423460880359384,0.0779220779220779,1155,0.0539303358377973,0.0544559591434608,1,-1.36448019954059
Chr09_423583766,9,423583766,0.423469970182442,0.407359307359307,1155,0.0539303358377973,0.0544559385260701,1,0.536917563603538
Chr21_79973649,21,79973649,0.423493027709694,0.481385281385281,1155,0.0539303358377973,0.0544558862303289,1,-1.18896637071475
Chr14_12789081,14,12789081,0.423553413504809,0.0380952380952381,1155,0.0539303358377973,0.0544557492922614,1,-0.976431348577165
Chr17_43528121,17,43528121,0.423603024094186,0.468831168831169,1155,0.0539303358377973,0.0544556368112504,1,-1.11914882465794
Chr11_189239743,11,189239743,0.423646800257199,0.111688311688312,1155,0.0539303358377973,0.0544555375749153,1,0.789756201330789
Chr06_519687913,6,519687913,0.423669760025463,0.0701298701298701,1155,0.0539303358377973,0.0544554855334881,1,-1.02473380927665
Chr04_210317462,4,210317462,0.423826253979857,0.041991341991342,1155,0.0539303358377973,0.0544551309313869,1,1.23657812050384
Chr19_91163613,19,91163613,0.423834430189995,0.113852813852814,1155,0.0539303358377973,0.0544551124101841,1,-0.761537791890348
Chr19_525282490,19,525282490,0.424009475531735,0.399134199134199,1155,0.0539303358377973,0.0544547160163836,1,-0.607217931611387
Chr03_43589399,3,43589399,0.424114750705367,0.316883116883117,1155,0.0539303358377973,0.0544544777368203,1,0.56747782672781
Chr07_383341631,7,383341631,0.424126866054804,0.281818181818182,1155,0.0539303358377973,0.0544544503206666,1,0.694478092290638
Chr15_385935877,15,385935877,0.424229246420396,0.211255411255411,1155,0.0539303358377973,0.0544542186882802,1,-0.749405639859674
Chr03_332167482,3,332167482,0.424394927920753,0.0194805194805195,1155,0.0539303358377973,0.0544538440167982,1,1.67805715856782
Chr03_444740294,3,444740294,0.424413666847275,0.0454545454545455,1155,0.0539303358377973,0.0544538016544917,1,1.18179346070994
Chr14_304486033,14,304486033,0.424451096776255,0.4995670995671,1155,0.0539303358377973,0.0544537170466232,1,-0.562441406065943
Chr10_470845764,10,470845764,0.424616184410649,0.025974025974026,1155,0.0539303358377973,0.0544533440106628,1,1.5529963009258
Chr20_565873068,20,565873068,0.424685728663159,0.41991341991342,1155,0.0539303358377973,0.0544531869320172,1,0.373355621586683
Chr16_251503096,16,251503096,0.424725315536654,0.116017316017316,1155,0.0539303358377973,0.0544530975349518,1,-1.20725757597199
Chr14_73339155,14,73339155,0.42473156323989,0.445887445887446,1155,0.0539303358377973,0.0544530834272192,1,-0.449981907576984
Chr13_142748764,13,142748764,0.424825440366307,0.447186147186147,1155,0.0539303358377973,0.0544528714838941,1,-0.902677472061555
Chr05_165872581,5,165872581,0.424870016279857,0.216450216450216,1155,0.0539303358377973,0.0544527708709471,1,-0.744972745755376
Chr12_300104424,12,300104424,0.424906703904423,0.155411255411255,1155,0.0539303358377973,0.0544526880746734,1,0.729368585005773
Chr02_4305623,2,4305623,0.424935304051278,0.18008658008658,1155,0.0539303358377973,0.0544526235375925,1,-0.791716960283424
Chr14_50642457,14,50642457,0.424986992033754,0.202164502164502,1155,0.0539303358377973,0.0544525069186842,1,0.738711745685919
Chr13_318815420,13,318815420,0.425016833149387,0.283982683982684,1155,0.0539303358377973,0.0544524396005863,1,0.597975889298766
Chr18_495761658,18,495761658,0.425021012467665,0.121645021645022,1155,0.0539303358377973,0.0544524301730939,1,0.86970162537682
Chr02_330053688,2,330053688,0.425053471213626,0.103896103896104,1155,0.0539303358377973,0.0544523569590739,1,0.739521287395632
Chr19_112573255,19,112573255,0.425124882093725,0.0264069264069264,1155,0.0539303358377973,0.0544521959141091,1,-1.54063106262346
Chr14_91694599,14,91694599,0.425171772031143,0.362770562770563,1155,0.0539303358377973,0.0544520901906002,1,0.659645137652944
Chr03_42742609,3,42742609,0.425470448271922,0.172727272727273,1155,0.0539303358377973,0.054451417171632,1,-0.732957822945139
Chr09_254372320,9,254372320,0.425480841636553,0.31038961038961,1155,0.0539303358377973,0.0544513937646465,1,0.715002160534254
Chr19_441654797,19,441654797,0.425494569510796,0.0935064935064935,1155,0.0539303358377973,0.0544513628493024,1,0.906234561800773
Chr17_249333716,17,249333716,0.425585802226513,0.343290043290043,1155,0.0539303358377973,0.0544511574301825,1,0.496292729021462
Chr04_47609085,4,47609085,0.425684776568163,0.229004329004329,1155,0.0539303358377973,0.0544509346549631,1,0.654127266874497
Chr08_238472014,8,238472014,0.425707592622796,0.0268398268398268,1155,0.0539303358377973,0.0544508833107666,1,1.56089509478834
Chr04_56211600,4,56211600,0.425786087683977,0.0393939393939394,1155,0.0539303358377973,0.0544507067007325,1,-1.17108756597761
Chr18_63616848,18,63616848,0.425919177106637,0.23982683982684,1155,0.0539303358377973,0.0544504073680004,1,-0.697448984287234
Chr11_230121294,11,230121294,0.425947124305298,0.0982683982683983,1155,0.0539303358377973,0.0544503445295614,1,-1.00328980382733
Chr20_551843943,20,551843943,0.42617403020354,0.0718614718614719,1155,0.0539303358377973,0.0544498345680978,1,-0.984991522153592
Chr18_40836512,18,40836512,0.426222715438479,0.460606060606061,1155,0.0539303358377973,0.0544497252033362,1,-1.03445303225851
Chr21_400150120,21,400150120,0.426388578930782,0.482683982683983,1155,0.0539303358377973,0.0544493527547167,1,0.510296462773795
Chr20_45832762,20,45832762,0.426390955283525,0.0588744588744589,1155,0.0539303358377973,0.0544493474201735,1,1.02416643959987
Chr13_362635153,13,362635153,0.426444815396362,0.10952380952381,1155,0.0539303358377973,0.0544492265245358,1,0.772021935524293
Chr13_174421001,13,174421001,0.426801848937048,0.0705627705627706,1155,0.0539303358377973,0.0544484257001056,1,-1.0061972356593
Chr07_516149104,7,516149104,0.426830078621945,0.0264069264069264,1155,0.0539303358377973,0.0544483624241245,1,-1.35518882893787
Chr03_346221250,3,346221250,0.427227982886807,0.0277056277056277,1155,0.0539303358377973,0.054447471204384,1,-1.67814528806483
Chr20_1856449,20,1856449,0.427318219950065,0.0268398268398268,1155,0.0539303358377973,0.0544472692668893,1,-1.57059491495477
Chr18_6537441,18,6537441,0.427583821358813,0.025974025974026,1155,0.0539303358377973,0.054446675262428,1,1.56017233484764
Chr04_235981200,4,235981200,0.42761101918217,0.362337662337662,1155,0.0539303358377973,0.054446614467255,1,-0.478332480730103
Chr18_440072801,18,440072801,0.427650535436832,0.0272727272727273,1155,0.0539303358377973,0.0544465261471411,1,-1.54240471290041
Chr10_494035893,10,494035893,0.427730121141701,0.353679653679654,1155,0.0539303358377973,0.0544463483078705,1,-0.51674278222788
Chr21_281844750,21,281844750,0.428348790464337,0.0220779220779221,1155,0.0539303358377973,0.0544449675535292,1,1.62038554305816
Chr02_359571050,2,359571050,0.428425617364879,0.025974025974026,1155,0.0539303358377973,0.0544447963004279,1,-1.61973219876703
Chr07_31910132,7,31910132,0.428572457977939,0.0303030303030303,1155,0.0539303358377973,0.0544444691103776,1,-1.53653007860449
Chr20_78742077,20,78742077,0.428597113465284,0.243290043290043,1155,0.0539303358377973,0.0544444141896627,1,-0.669689811118701
Chr18_369663206,18,369663206,0.428955798717937,0.478354978354978,1155,0.0539303358377973,0.0544436157488636,1,-1.10800589500627
Chr19_109019585,19,109019585,0.42908336291966,0.338528138528139,1155,0.0539303358377973,0.0544433320315453,1,-0.479489593884693
Chr07_501915357,7,501915357,0.429464628759516,0.290909090909091,1155,0.0539303358377973,0.0544424848126662,1,-0.629342590798245
Chr19_36279575,19,36279575,0.429487956327712,0.416883116883117,1155,0.0539303358377973,0.0544424330129202,1,0.729062474101056
Chr08_292512912,8,292512912,0.429497039318902,0.0748917748917749,1155,0.0539303358377973,0.0544424128449466,1,-0.838432071595435
Chr13_380425179,13,380425179,0.429568682593256,0.47012987012987,1155,0.0539303358377973,0.0544422537900429,1,0.467999658685528
Chr18_387725568,18,387725568,0.429572730658019,0.0748917748917749,1155,0.0539303358377973,0.0544422448041523,1,0.953959656574611
Chr20_201616698,20,201616698,0.429749294279761,0.429437229437229,1155,0.0539303358377973,0.0544418529929656,1,0.459622517409713
Chr14_119478907,14,119478907,0.429832566571899,0.0701298701298701,1155,0.0539303358377973,0.0544416682884995,1,1.03385754389095
Chr21_131911461,21,131911461,0.429887523051371,0.195670995670996,1155,0.0539303358377973,0.0544415464203926,1,0.715333782284944
Chr08_202829489,8,202829489,0.429967257921272,0.277056277056277,1155,0.0539303358377973,0.0544413696471748,1,-0.777863086445677
Chr04_7559982,4,7559982,0.429999966580933,0.473593073593074,1155,0.0539303358377973,0.0544412971460169,1,-0.570425984493113
Chr10_504289926,10,504289926,0.430197985463206,0.181385281385281,1155,0.0539303358377973,0.054440858400793,1,0.764613749058014
Chr01_419509100,1,419509100,0.430300209123802,0.0281385281385281,1155,0.0539303358377973,0.0544406320261964,1,1.569169621325
Chr10_398140741,10,398140741,0.430378660702785,0.361038961038961,1155,0.0539303358377973,0.0544404583501883,1,-0.815538305027644
Chr14_358687468,14,358687468,0.430526071793229,0.392207792207792,1155,0.0539303358377973,0.0544401321413882,1,0.486534741207691
Chr06_445043656,6,445043656,0.430576390623282,0.36017316017316,1155,0.0539303358377973,0.0544400208286367,1,-0.679369057503038
Chr06_41716528,6,41716528,0.430683599927356,0.0199134199134199,1155,0.0539303358377973,0.0544397837314083,1,-1.71724529683932
Chr04_186288416,4,186288416,0.430888907822063,0.0238095238095238,1155,0.0539303358377973,0.0544393299352122,1,1.61724958893001
Chr10_26090494,10,26090494,0.431000885639489,0.032034632034632,1155,0.0539303358377973,0.054439082566498,1,1.54479906784172
Chr10_376429663,10,376429663,0.431000965683597,0.0285714285714286,1155,0.0539303358377973,0.0544390823897094,1,1.5910472214405
Chr06_470381731,6,470381731,0.43113352305644,0.454978354978355,1155,0.0539303358377973,0.0544387896849913,1,0.394118870436543
Chr05_70540860,5,70540860,0.431147590003509,0.470995670995671,1155,0.0539303358377973,0.0544387586312655,1,-0.522218778871263
Chr15_12517243,15,12517243,0.431165310467573,0.0515151515151515,1155,0.0539303358377973,0.0544387195143488,1,-1.15960185648532
Chr15_470568496,15,470568496,0.431508622199841,0.154978354978355,1155,0.0539303358377973,0.0544379621541673,1,0.703066437071953
Chr01_503200790,1,503200790,0.431683552606092,0.252813852813853,1155,0.0539303358377973,0.0544375766018316,1,0.44907058708128
Chr03_460492300,3,460492300,0.431728532726895,0.361471861471861,1155,0.0539303358377973,0.0544374775024985,1,-0.514610342324318
Chr15_407790725,15,407790725,0.431987822531179,0.125108225108225,1155,0.0539303358377973,0.0544369065456645,1,-0.741028128229914
Chr21_441457608,21,441457608,0.432108434212506,0.411255411255411,1155,0.0539303358377973,0.0544366411357178,1,0.559258461605168
Chr15_433609950,15,433609950,0.432131539595432,0.064935064935065,1155,0.0539303358377973,0.0544365903044085,1,-0.885820999721773
Chr13_344845460,13,344845460,0.432268171509744,0.134632034632035,1155,0.0539303358377973,0.054436289801717,1,0.823130443033278
Chr19_582529430,19,582529430,0.432319264570481,0.405627705627706,1155,0.0539303358377973,0.0544361774667733,1,0.502324341785737
Chr03_253504777,3,253504777,0.432355737021213,0.395670995670996,1155,0.0539303358377973,0.0544360972895405,1,0.581024263189704
Chr15_308651902,15,308651902,0.432398975453813,0.38008658008658,1155,0.0539303358377973,0.0544360022519906,1,-0.883505243460263
Chr18_155279848,18,155279848,0.432412210073859,0.096969696969697,1155,0.0539303358377973,0.054435973165342,1,-0.849573581717578
Chr09_99841867,9,99841867,0.432527914498609,0.0333333333333333,1155,0.0539303358377973,0.0544357189312514,1,1.53860416892081
Chr03_49242975,3,49242975,0.432590371810908,0.255411255411255,1155,0.0539303358377973,0.0544355817384981,1,-0.44221351147911
Chr20_304921292,20,304921292,0.432704473557287,0.249350649350649,1155,0.0539303358377973,0.0544353311821164,1,0.544023213226836
Chr20_174112690,20,174112690,0.432773198010784,0.484415584415584,1155,0.0539303358377973,0.0544351803183348,1,-1.1780062740695
Chr10_125166212,10,125166212,0.433141734307959,0.18008658008658,1155,0.0539303358377973,0.0544343719292055,1,-0.634068796905495
Chr08_295968714,8,295968714,0.433768040904313,0.0471861471861472,1155,0.0539303358377973,0.0544330005150716,1,-1.11496118339453
Chr06_59235332,6,59235332,0.433869482666153,0.282683982683983,1155,0.0539303358377973,0.0544327786731852,1,-0.619162755019943
Chr19_70039811,19,70039811,0.433987079641719,0.329004329004329,1155,0.0539303358377973,0.0544325216004728,1,0.475836819743677
Chr21_409591454,21,409591454,0.434088594894133,0.339393939393939,1155,0.0539303358377973,0.0544322997684975,1,0.719913103667693
Chr18_137494576,18,137494576,0.4341842784759,0.0246753246753247,1155,0.0539303358377973,0.0544320907522706,1,1.56342225050801
Chr20_9582768,20,9582768,0.434228134425054,0.0246753246753247,1155,0.0539303358377973,0.0544319949744922,1,-1.56950893689211
Chr02_296371864,2,296371864,0.434247033626889,0.029004329004329,1155,0.0539303358377973,0.0544319537047362,1,-1.52621621147853
Chr08_324230974,8,324230974,0.434248460040088,0.0203463203463203,1155,0.0539303358377973,0.0544319505900194,1,1.59354618384914
Chr11_207933245,11,207933245,0.434403735194793,0.422943722943723,1155,0.0539303358377973,0.0544316116244891,1,0.85649280845837
Chr08_280502541,8,280502541,0.434518734762133,0.273593073593074,1155,0.0539303358377973,0.0544313606995308,1,-0.538343135802563
Chr05_434141561,5,434141561,0.434577818462451,0.285281385281385,1155,0.0539303358377973,0.0544312318203595,1,0.683907518306484
Chr08_314996075,8,314996075,0.43459306485057,0.0233766233766234,1155,0.0539303358377973,0.0544311985677765,1,-1.56375820665147
Chr19_502383955,19,502383955,0.434645410636454,0.423376623376623,1155,0.0539303358377973,0.0544310844144237,1,-0.600746797451166
Chr19_134354193,19,134354193,0.434709768349211,0.225974025974026,1155,0.0539303358377973,0.0544309440947218,1,-0.638906377054354
Chr01_401359414,1,401359414,0.434726372020562,0.197402597402597,1155,0.0539303358377973,0.0544309078987288,1,0.466860544712674
Chr20_269893590,20,269893590,0.43473755583525,0.245887445887446,1155,0.0539303358377973,0.0544308835192056,1,0.670660691819876
Chr02_21104918,2,21104918,0.434857103792362,0.485714285714286,1155,0.0539303358377973,0.0544306229771612,1,1.49578955277707
Chr06_116899052,6,116899052,0.434897450585199,0.365367965367965,1155,0.0539303358377973,0.0544305350702715,1,-0.583709054586762
Chr18_167725473,18,167725473,0.434926917742444,0.0432900432900433,1155,0.0539303358377973,0.0544304708756003,1,-0.969711870553283
Chr14_424670608,14,424670608,0.435114247391417,0.0658008658008658,1155,0.0539303358377973,0.0544300629300827,1,-0.938479160250438
Chr07_417419999,7,417419999,0.435296385507099,0.487445887445887,1155,0.0539303358377973,0.0544296665469419,1,-0.93571111264805
Chr16_399342138,16,399342138,0.435544123217334,0.247619047619048,1155,0.0539303358377973,0.0544291278069534,1,-0.55042811604747
Chr21_72438735,21,72438735,0.435554859623198,0.418181818181818,1155,0.0539303358377973,0.0544291044697239,1,0.732310503939857
Chr05_324684297,5,324684297,0.43559547077398,0.238095238095238,1155,0.0539303358377973,0.0544290162030945,1,0.630815732429824
Chr02_325982215,2,325982215,0.43591442761725,0.0242424242424242,1155,0.0539303358377973,0.0544283234004219,1,-1.58400735670527
Chr18_170459413,18,170459413,0.436132356797726,0.080952380952381,1155,0.0539303358377973,0.0544278504839111,1,-0.972584405981564
Chr03_415944371,3,415944371,0.43616072756265,0.467532467532468,1155,0.0539303358377973,0.0544277889445861,1,-0.495970708231567
Chr19_338072792,19,338072792,0.436226768582077,0.492207792207792,1155,0.0539303358377973,0.0544276457180014,1,0.604187394934797
Chr07_34175667,7,34175667,0.437251292861141,0.0216450216450216,1155,0.0539303358377973,0.0544254280172183,1,-1.27692905217724
Chr19_722674209,19,722674209,0.437610135375133,0.329004329004329,1155,0.0539303358377973,0.0544246531403575,1,-0.581312680578947
Chr03_454969218,3,454969218,0.437728653131605,0.25021645021645,1155,0.0539303358377973,0.054424397429342,1,-0.623322381730873
Chr01_276482232,1,276482232,0.437760231770087,0.154112554112554,1155,0.0539303358377973,0.0544243293139378,1,-0.746172059291439
Chr18_260875322,18,260875322,0.438476544709967,0.111688311688312,1155,0.0539303358377973,0.0544227862400753,1,-0.968523629377387
Chr13_351905972,13,351905972,0.438648826544695,0.0480519480519481,1155,0.0539303358377973,0.05442241568871,1,-1.15829586256159
Chr14_33373547,14,33373547,0.438709699441678,0.0606060606060606,1155,0.0539303358377973,0.0544222848139597,1,1.01262876563659
Chr07_420320244,7,420320244,0.438757834176363,0.0251082251082251,1155,0.0539303358377973,0.0544221813455669,1,-1.56107569988743
Chr19_183241791,19,183241791,0.438871275827767,0.025974025974026,1155,0.0539303358377973,0.0544219375650474,1,-1.33245928889619
Chr06_484526196,6,484526196,0.438975750024637,0.377489177489177,1155,0.0539303358377973,0.054421713140652,1,0.485356878978337
Chr01_43008442,1,43008442,0.439100304593418,0.344155844155844,1155,0.0539303358377973,0.0544214456880502,1,-0.490039477460755
Chr06_526932815,6,526932815,0.43922520674939,0.4,1155,0.0539303358377973,0.0544211776059875,1,-0.638733540662315
Chr05_397904726,5,397904726,0.43925193705587,0.121645021645022,1155,0.0539303358377973,0.0544211202489522,1,0.721297140394753
Chr18_380653725,18,380653725,0.439329309213656,0.19004329004329,1155,0.0539303358377973,0.0544209542564628,1,-0.825851002810396
Chr13_151983895,13,151983895,0.4393675495521,0.0987012987012987,1155,0.0539303358377973,0.0544208722330718,1,-0.881871932388151
Chr06_274405167,6,274405167,0.439373158230424,0.165367965367965,1155,0.0539303358377973,0.0544208602036887,1,0.735970712611902
Chr07_19494272,7,19494272,0.439489501889422,0.215584415584416,1155,0.0539303358377973,0.0544206107253257,1,-0.614168793239173
Chr06_366226869,6,366226869,0.439578360788141,0.405194805194805,1155,0.0539303358377973,0.054420420251459,1,-0.522927233519511
Chr09_350920076,9,350920076,0.439901030913094,0.0506493506493507,1155,0.0539303358377973,0.0544197290876115,1,1.16932729427242
Chr07_360062701,7,360062701,0.439999532514759,0.291774891774892,1155,0.0539303358377973,0.0544195182510012,1,0.645068205370251
Chr14_73016602,14,73016602,0.440080150315247,0.323809523809524,1155,0.0539303358377973,0.0544193457475407,1,-0.570142572420025
Chr07_362561577,7,362561577,0.440237282469045,0.491774891774892,1155,0.0539303358377973,0.0544190096606214,1,0.581778466765343
Chr20_173511475,20,173511475,0.440291811998387,0.386147186147186,1155,0.0539303358377973,0.0544188930715669,1,-0.5072135309251
Chr09_450004747,9,450004747,0.440524370027582,0.398268398268398,1155,0.0539303358377973,0.0544183960906978,1,-0.533124993053121
Chr21_87241309,21,87241309,0.440777469998607,0.041991341991342,1155,0.0539303358377973,0.0544178556697174,1,-1.00625470880746
Chr14_318840218,14,318840218,0.440819086182964,0.0216450216450216,1155,0.0539303358377973,0.0544177668562291,1,1.55563759580011
Chr11_94071276,11,94071276,0.440970882523685,0.0229437229437229,1155,0.0539303358377973,0.054417443015581,1,1.57398137355092
Chr17_129005725,17,129005725,0.441052883038149,0.268398268398268,1155,0.0539303358377973,0.0544172681479488,1,0.641558509046973
Chr20_647307852,20,647307852,0.441608250898317,0.119047619047619,1155,0.0539303358377973,0.054416085131886,1,-0.806041977708077
Chr21_333534627,21,333534627,0.441628285199739,0.0298701298701298,1155,0.0539303358377973,0.0544160424986732,1,-1.5020329091858
Chr10_412692071,10,412692071,0.441666093562637,0.107359307359307,1155,0.0539303358377973,0.0544159620501817,1,-1.06447306693482
Chr21_145983901,21,145983901,0.442142977536758,0.0800865800865801,1155,0.0539303358377973,0.0544149482486735,1,-0.963998197992623
Chr21_113736059,21,113736059,0.442169764393182,0.248917748917749,1155,0.0539303358377973,0.0544148913528423,1,0.662617988611231
Chr02_96048678,2,96048678,0.442515771554778,0.304329004329004,1155,0.0539303358377973,0.0544141569040768,1,-0.501740949964784
Chr08_78128335,8,78128335,0.442562714196816,0.029004329004329,1155,0.0539303358377973,0.0544140573299742,1,1.24763015696632
Chr10_133013440,10,133013440,0.442744520203353,0.0831168831168831,1155,0.0539303358377973,0.0544136718392516,1,1.01642196286889
Chr06_540749817,6,540749817,0.442973867531743,0.0757575757575758,1155,0.0539303358377973,0.0544131858930786,1,-0.925350488590908
Chr19_143019448,19,143019448,0.443047815935327,0.458441558441558,1155,0.0539303358377973,0.0544130292923719,1,-0.51950160632137
Chr19_740504697,19,740504697,0.443130178653289,0.370995670995671,1155,0.0539303358377973,0.0544128549201568,1,-0.440069295012393
Chr12_399416085,12,399416085,0.443178179443172,0.483549783549784,1155,0.0539303358377973,0.0544127533195421,1,-1.44919359867754
Chr07_71830580,7,71830580,0.443196676705893,0.0991341991341991,1155,0.0539303358377973,0.0544127141719445,1,0.758758514384951
Chr13_73964577,13,73964577,0.44322174572375,0.0480519480519481,1155,0.0539303358377973,0.0544126611199153,1,1.15431733196414
Chr16_170632963,16,170632963,0.443360741408894,0.0952380952380952,1155,0.0539303358377973,0.0544123670559228,1,-0.822050103842983
Chr11_184420577,11,184420577,0.443649230141886,0.0246753246753247,1155,0.0539303358377973,0.0544117571737137,1,1.55955865045445
Chr21_435069018,21,435069018,0.443699055445025,0.441991341991342,1155,0.0539303358377973,0.0544116519021455,1,-0.8555380986096
Chr12_43719641,12,43719641,0.44380815534034,0.489177489177489,1155,0.0539303358377973,0.0544114214582178,1,-1.58187810644449
Chr01_221648986,1,221648986,0.44388522510413,0.0207792207792208,1155,0.0539303358377973,0.0544112587220293,1,-1.61261543914121
Chr06_522319812,6,522319812,0.443945380026742,0.236363636363636,1155,0.0539303358377973,0.0544111317326214,1,-0.687188698476888
Chr02_253721869,2,253721869,0.44406295968346,0.0225108225108225,1155,0.0539303358377973,0.0544108835941564,1,-1.59207672925002
Chr17_259232634,17,259232634,0.444107306851369,0.0528138528138528,1155,0.0539303358377973,0.0544107900308995,1,1.07369949519735
Chr18_303391893,18,303391893,0.444164368738433,0.0272727272727273,1155,0.0539303358377973,0.0544106696634971,1,1.5516895490465
Chr19_652587776,19,652587776,0.444368437602657,0.196969696969697,1155,0.0539303358377973,0.0544102393925252,1,-0.706733067198115
Chr18_510309976,18,510309976,0.444376308747596,0.0545454545454546,1155,0.0539303358377973,0.0544102228026516,1,1.06453384707288
Chr10_395704207,10,395704207,0.444404066148085,0.275757575757576,1155,0.0539303358377973,0.0544101643025158,1,0.718194709460477
Chr19_251010454,19,251010454,0.444472805098822,0.150649350649351,1155,0.0539303358377973,0.0544100194560021,1,0.833261938213781
Chr08_327843419,8,327843419,0.444531655336878,0.112987012987013,1155,0.0539303358377973,0.0544098954744927,1,-0.763903188700851
Chr18_454664368,18,454664368,0.444775880622246,0.467532467532468,1155,0.0539303358377973,0.0544093812293395,1,-1.06100560375819
Chr02_115918643,2,115918643,0.444788389950279,0.0268398268398268,1155,0.0539303358377973,0.0544093549012402,1,-1.50647128411936
Chr13_36072174,13,36072174,0.445089410799533,0.271861471861472,1155,0.0539303358377973,0.0544087216950833,1,0.559329374393599
Chr02_109867,2,109867,0.445364216938552,0.285281385281385,1155,0.0539303358377973,0.0544081442112608,1,0.600515103508741
Chr14_506605874,14,506605874,0.445533968973103,0.275324675324675,1155,0.0539303358377973,0.0544077877663056,1,0.789185532303691
Chr12_35092263,12,35092263,0.445543288145068,0.474025974025974,1155,0.0539303358377973,0.0544077682040206,1,-1.00869473185878
Chr02_13878549,2,13878549,0.445904844187268,0.270562770562771,1155,0.0539303358377973,0.0544070097352831,1,0.628845919826063
Chr06_503592089,6,503592089,0.445921530120541,0.148051948051948,1155,0.0539303358377973,0.0544069747547166,1,0.694000602827344
Chr19_511962157,19,511962157,0.446045434031971,0.0748917748917749,1155,0.0539303358377973,0.0544067150647443,1,0.986433317344819
Chr13_234297921,13,234297921,0.44605129175418,0.0701298701298701,1155,0.0539303358377973,0.0544067027903271,1,0.999812913320966
Chr04_229861979,4,229861979,0.446063953913758,0.351515151515152,1155,0.0539303358377973,0.0544066762585739,1,-0.456090707684439
Chr16_387735203,16,387735203,0.446206587936599,0.493073593073593,1155,0.0539303358377973,0.0544063774699656,1,-1.59402683310827
Chr02_192072158,2,192072158,0.446251152571097,0.080952380952381,1155,0.0539303358377973,0.054406284146706,1,-0.905105479243488
Chr20_38798814,20,38798814,0.446264090200561,0.0207792207792208,1155,0.0539303358377973,0.0544062570565956,1,1.57623053082595
Chr19_777228953,19,777228953,0.446306474132577,0.419480519480519,1155,0.0539303358377973,0.054406168317376,1,0.405598011205058
Chr13_347030861,13,347030861,0.446700250028144,0.0489177489177489,1155,0.0539303358377973,0.0544053444938127,1,1.11418132385143
Chr10_394091154,10,394091154,0.446700490874689,0.0220779220779221,1155,0.0539303358377973,0.0544053439902797,1,1.57718029131219
Chr01_201983836,1,201983836,0.446761505254611,0.197402597402597,1155,0.0539303358377973,0.0544052164423078,1,-0.925497830371967
Chr15_501794909,15,501794909,0.446831152634115,0.106060606060606,1155,0.0539303358377973,0.0544050708804743,1,-0.951264086287438
Chr03_158587266,3,158587266,0.447213334012835,0.0294372294372294,1155,0.0539303358377973,0.0544042727548104,1,-1.62478885185547
Chr03_158921317,3,158921317,0.447213334012835,0.0294372294372294,1155,0.0539303358377973,0.0544042727548104,1,-1.62478885185547
Chr03_392185724,3,392185724,0.447213334012835,0.0294372294372294,1155,0.0539303358377973,0.0544042727548104,1,-1.62478885185547
Chr18_171984737,18,171984737,0.447344159689327,0.116017316017316,1155,0.0539303358377973,0.0544039997894208,1,-0.868141642194814
Chr06_386347103,6,386347103,0.447701376482216,0.474891774891775,1155,0.0539303358377973,0.0544032550947114,1,-1.1966105375368
Chr02_221407220,2,221407220,0.447767961925262,0.120779220779221,1155,0.0539303358377973,0.0544031163852932,1,-0.714285672389465
Chr21_241423030,21,241423030,0.448032446331204,0.138528138528139,1155,0.0539303358377973,0.0544025657335344,1,-0.829363907081643
Chr01_378453545,1,378453545,0.448032842318715,0.333333333333333,1155,0.0539303358377973,0.0544025649094739,1,-0.633610089720094
Chr16_49630793,16,49630793,0.448044977727381,0.0887445887445888,1155,0.0539303358377973,0.0544025396559427,1,0.829892067645005
Chr04_212929538,4,212929538,0.448051996537348,0.0904761904761905,1155,0.0539303358377973,0.0544025250504291,1,0.72877323327819
Chr21_382066349,21,382066349,0.448133925790359,0.10952380952381,1155,0.0539303358377973,0.0544023545893694,1,0.931801036358593
Chr04_224202345,4,224202345,0.448179268187812,0.440692640692641,1155,0.0539303358377973,0.0544022602713451,1,-0.419549904647425
Chr19_632105459,19,632105459,0.448354931568219,0.358441558441558,1155,0.0539303358377973,0.0544018950090834,1,0.605232807057007
Chr07_198396631,7,198396631,0.448382488947168,0.387012987012987,1155,0.0539303358377973,0.0544018377283931,1,-0.532707363298044
Chr03_465548412,3,465548412,0.448531986136732,0.122510822510823,1155,0.0539303358377973,0.0544015270794612,1,0.571697581450451
Chr19_405343913,19,405343913,0.448568403678333,0.0437229437229437,1155,0.0539303358377973,0.054401451429746,1,1.14945215567617
Chr17_143357346,17,143357346,0.448779476271587,0.496969696969697,1155,0.0539303358377973,0.0544010131595404,1,-3.28487366648369
Chr04_140313755,4,140313755,0.44901476505119,0.0584415584415584,1155,0.0539303358377973,0.0544005249852999,1,-1.06985441095918
Chr02_122362144,2,122362144,0.449084164065835,0.363636363636364,1155,0.0539303358377973,0.0544003810732042,1,0.607091201215951
Chr08_317358287,8,317358287,0.44920708011153,0.0471861471861472,1155,0.0539303358377973,0.0544001262683848,1,1.11514614998219
Chr08_273210954,8,273210954,0.449226691767728,0.0329004329004329,1155,0.0539303358377973,0.0544000856234977,1,-1.24257090789939
Chr09_450543908,9,450543908,0.449362216980234,0.136796536796537,1155,0.0539303358377973,0.0543998048249572,1,0.756530934929941
Chr03_154547698,3,154547698,0.449605932889748,0.0896103896103896,1155,0.0539303358377973,0.0543993001951645,1,0.733049152138875
Chr14_358682814,14,358682814,0.450302791564398,0.0294372294372294,1155,0.0539303358377973,0.0543978596553103,1,-1.06420012833044
Chr19_702621651,19,702621651,0.45031157098172,0.334199134199134,1155,0.0539303358377973,0.0543978415287781,1,-0.462306808208638
Chr12_421499081,12,421499081,0.450405535960118,0.330735930735931,1155,0.0539303358377973,0.0543976475573944,1,0.45157284734546
Chr04_261875622,4,261875622,0.450482046912761,0.0372294372294372,1155,0.0539303358377973,0.0543974896629325,1,-1.14872625553281
Chr02_97502824,2,97502824,0.45075848499988,0.467532467532468,1155,0.0539303358377973,0.0543969195308999,1,0.382042321264606
Chr14_453457504,14,453457504,0.450892138188137,0.032034632034632,1155,0.0539303358377973,0.0543966440774973,1,-1.49054146251135
Chr03_49658009,3,49658009,0.450907535083343,0.149350649350649,1155,0.0539303358377973,0.0543966123533652,1,0.857388955126027
Chr21_112337402,21,112337402,0.451168145133986,0.0463203463203463,1155,0.0539303358377973,0.0543960756429208,1,-0.998330489727934
Chr06_369324302,6,369324302,0.451191012150946,0.37012987012987,1155,0.0539303358377973,0.0543960285728312,1,-0.45646799410062
Chr09_160364377,9,160364377,0.451331245911763,0.22987012987013,1155,0.0539303358377973,0.0543957399934142,1,0.717234751458591
Chr18_404300560,18,404300560,0.451572853375472,0.0506493506493507,1155,0.0539303358377973,0.0543952431314065,1,-1.0562074516469
Chr02_34989758,2,34989758,0.451641469167309,0.0445887445887446,1155,0.0539303358377973,0.0543951020999208,1,1.07186785067374
Chr20_97672690,20,97672690,0.451675753767789,0.111255411255411,1155,0.0539303358377973,0.0543950316446175,1,-0.678622740514982
Chr06_508163166,6,508163166,0.451690352014707,0.487878787878788,1155,0.0539303358377973,0.0543950016475699,1,0.46613540828298
Chr02_9740422,2,9740422,0.451798617579288,0.0471861471861472,1155,0.0539303358377973,0.0543947792266067,1,1.13993249099009
Chr11_65456189,11,65456189,0.452491685355076,0.141125541125541,1155,0.0539303358377973,0.0543933573614338,1,0.675112474620164
Chr04_58840285,4,58840285,0.452768721662413,0.198268398268398,1155,0.0539303358377973,0.054392789960871,1,0.747306257717156
Chr20_284512972,20,284512972,0.452847163777483,0.366666666666667,1155,0.0539303358377973,0.0543926294017115,1,0.445078800090045
Chr15_452545435,15,452545435,0.452881414003164,0.104761904761905,1155,0.0539303358377973,0.0543925593103517,1,0.845358124677887
Chr19_47720592,19,47720592,0.452881909886898,0.281818181818182,1155,0.0539303358377973,0.0543925582956116,1,0.523476472112776
Chr15_590554596,15,590554596,0.452898569759078,0.385281385281385,1155,0.0539303358377973,0.0543925242050854,1,0.752415231849568
Chr21_380050253,21,380050253,0.452927631120385,0.0303030303030303,1155,0.0539303358377973,0.0543924647425225,1,1.48342299728768
Chr15_423245742,15,423245742,0.453051974713898,0.348051948051948,1155,0.0539303358377973,0.0543922103901651,1,-0.52321350974205
Chr09_468478870,9,468478870,0.453198267787295,0.0220779220779221,1155,0.0539303358377973,0.0543919112789625,1,-1.54678283965879
Chr13_222536639,13,222536639,0.453256391831343,0.0238095238095238,1155,0.0539303358377973,0.0543917924804244,1,1.55744772228856
Chr04_176136442,4,176136442,0.453261055092592,0.0532467532467532,1155,0.0539303358377973,0.054391782950317,1,1.12407142216725
Chr20_10046274,20,10046274,0.453401344352738,0.292207792207792,1155,0.0539303358377973,0.0543914963190559,1,-0.622737097416461
Chr02_311978235,2,311978235,0.453473760707937,0.367532467532467,1155,0.0539303358377973,0.0543913484164145,1,0.675573494350374
Chr15_380407814,15,380407814,0.453888970624989,0.0454545454545455,1155,0.0539303358377973,0.0543905011097989,1,-1.15973800531827
Chr19_30118477,19,30118477,0.454390026011208,0.0229437229437229,1155,0.0539303358377973,0.0543894802402517,1,-1.48511859728217
Chr10_404907641,10,404907641,0.455057651755393,0.4995670995671,1155,0.0539303358377973,0.0543881227400778,1,8.51592257812445
Chr06_50807179,6,50807179,0.455190528874918,0.46017316017316,1155,0.0539303358377973,0.0543878529314251,1,-0.639980228554009
Chr14_234282772,14,234282772,0.455194546734702,0.279220779220779,1155,0.0539303358377973,0.0543878447750418,1,0.660753053352551
Chr10_436139244,10,436139244,0.455523095883322,0.462337662337662,1155,0.0539303358377973,0.0543871781929838,1,0.509723144288813
Chr12_336355765,12,336355765,0.455597723186643,0.165800865800866,1155,0.0539303358377973,0.0543870268896907,1,0.499316406331161
Chr10_1437387,10,1437387,0.455716837240137,0.482251082251082,1155,0.0539303358377973,0.0543867854724778,1,-0.376399406326925
Chr10_335778603,10,335778603,0.455756200601489,0.49047619047619,1155,0.0539303358377973,0.0543867057137049,1,1.82403775040802
Chr03_460492289,3,460492289,0.455978872922937,0.0861471861471862,1155,0.0539303358377973,0.0543862547351389,1,0.800836099333225
Chr18_414747798,18,414747798,0.456013938970427,0.0341991341991342,1155,0.0539303358377973,0.0543861837474421,1,-1.14681493908439
Chr20_120556177,20,120556177,0.456146369782558,0.355844155844156,1155,0.0539303358377973,0.0543859157321223,1,-0.685820841920986
Chr18_32044942,18,32044942,0.456456317088712,0.123376623376623,1155,0.0539303358377973,0.0543852889356079,1,-0.727024887752123
Chr13_353014104,13,353014104,0.456534093960048,0.101298701298701,1155,0.0539303358377973,0.0543851317552423,1,0.797421661595081
Chr18_154169619,18,154169619,0.456601663133164,0.441991341991342,1155,0.0539303358377973,0.0543849952380293,1,0.761815566625614
Chr11_216274776,11,216274776,0.456639292982223,0.0536796536796537,1155,0.0539303358377973,0.0543849192242426,1,-1.03126950816848
Chr19_356968660,19,356968660,0.45676364683832,0.47012987012987,1155,0.0539303358377973,0.054384668094784,1,-0.572681941496342
Chr02_143022483,2,143022483,0.456885334281863,0.413419913419913,1155,0.0539303358377973,0.0543844224544708,1,0.418134535958757
Chr20_3235525,20,3235525,0.457269356554676,0.0246753246753247,1155,0.0539303358377973,0.0543836479372393,1,1.49019387739268
Chr04_212947620,4,212947620,0.45756079759968,0.0826839826839827,1155,0.0539303358377973,0.0543830608279947,1,-1.16555393597582
Chr04_212929522,4,212929522,0.457562223019735,0.227705627705628,1155,0.0539303358377973,0.0543830579579339,1,0.571136555401182
Chr08_270306229,8,270306229,0.457569440823761,0.353246753246753,1155,0.0539303358377973,0.0543830434252006,1,0.493420486352164
Chr06_2144166,6,2144166,0.457584678978915,0.276190476190476,1155,0.0539303358377973,0.0543830127450342,1,0.633452899835788
Chr02_326571053,2,326571053,0.457617670281742,0.0380952380952381,1155,0.0539303358377973,0.0543829463266011,1,0.909826268375333
Chr07_13415453,7,13415453,0.458154813115494,0.434199134199134,1155,0.0539303358377973,0.0543818660084627,1,-0.387647886357712
Chr02_42376255,2,42376255,0.458351085095945,0.431168831168831,1155,0.0539303358377973,0.0543814717595659,1,0.509544685655044
Chr19_770593999,19,770593999,0.458416460098295,0.496103896103896,1155,0.0539303358377973,0.0543813405009477,1,-2.36570522514467
Chr16_334175127,16,334175127,0.458553707424572,0.361038961038961,1155,0.0539303358377973,0.0543810650348237,1,0.529741376556615
Chr21_324508080,21,324508080,0.45864366150554,0.041991341991342,1155,0.0539303358377973,0.0543808845606941,1,-1.1140809951075
Chr01_210776850,1,210776850,0.45881690606356,0.0220779220779221,1155,0.0539303358377973,0.0543805371393413,1,-1.54587322487376
Chr03_442149344,3,442149344,0.4591243256996,0.0281385281385281,1155,0.0539303358377973,0.0543799211567064,1,1.46816849584832
Chr14_459894230,14,459894230,0.459265762062604,0.458874458874459,1155,0.0539303358377973,0.054379637977251,1,0.337919793534823
Chr19_95614808,19,95614808,0.459280562220147,0.425541125541126,1155,0.0539303358377973,0.0543796083528222,1,-0.404213881982685
Chr21_14618695,21,14618695,0.459334479394851,0.0385281385281385,1155,0.0539303358377973,0.0543795004434111,1,-1.11663257414966
Chr14_41409828,14,41409828,0.459366927789683,0.0298701298701299,1155,0.0539303358377973,0.0543794355111208,1,1.39729231689086
Chr17_334076883,17,334076883,0.459797839100653,0.0264069264069264,1155,0.0539303358377973,0.0543785739055909,1,1.45512384788435
Chr20_208773894,20,208773894,0.459830914663984,0.425974025974026,1155,0.0539303358377973,0.0543785078240135,1,0.376960544418608
Chr20_556979366,20,556979366,0.460084829462251,0.0701298701298701,1155,0.0539303358377973,0.0543780007792342,1,-0.920499490661683
Chr02_267563600,2,267563600,0.460499215207598,0.0952380952380952,1155,0.0539303358377973,0.0543771742411105,1,0.797342988658912
Chr02_333426402,2,333426402,0.460762696478582,0.0493506493506494,1155,0.0539303358377973,0.0543766493122005,1,-1.08643890542767
Chr17_317374690,17,317374690,0.46094455574691,0.36017316017316,1155,0.0539303358377973,0.0543762872752207,1,-0.456625897842287
Chr19_93908891,19,93908891,0.461213399385534,0.0216450216450216,1155,0.0539303358377973,0.0543757524891869,1,1.33300324520722
Chr07_48993008,7,48993008,0.46124344803699,0.0683982683982684,1155,0.0539303358377973,0.0543756927469252,1,0.895731905360293
Chr07_444459738,7,444459738,0.46129071977319,0.0246753246753247,1155,0.0539303358377973,0.0543755987745109,1,-1.47169561085613
Chr19_612105680,19,612105680,0.461339856662376,0.413852813852814,1155,0.0539303358377973,0.0543755011105435,1,0.636721280884728
Chr20_8992840,20,8992840,0.461471689748293,0.0216450216450216,1155,0.0539303358377973,0.0543752391621339,1,-1.50504064351543
Chr01_412835891,1,412835891,0.461642778946201,0.0281385281385281,1155,0.0539303358377973,0.0543748993903125,1,1.46668855921418
Chr01_456156970,1,456156970,0.461642778946201,0.0281385281385281,1155,0.0539303358377973,0.0543748993903125,1,1.46668855921418
Chr01_415010646,1,415010646,0.46172459538938,0.3004329004329,1155,0.0539303358377973,0.0543747369790282,1,-0.528274209267124
Chr01_384438513,1,384438513,0.461804662859461,0.0264069264069264,1155,0.0539303358377973,0.0543745780838746,1,-1.43832187123773
Chr20_240651742,20,240651742,0.462133136258776,0.165367965367965,1155,0.0539303358377973,0.0543739266816179,1,-0.720126109416128
Chr04_258839385,4,258839385,0.462253631296741,0.474025974025974,1155,0.0539303358377973,0.0543736879101214,1,-0.349908816485879
Chr06_492894668,6,492894668,0.462626093209445,0.391341991341991,1155,0.0539303358377973,0.0543729504701501,1,0.66710122535892
Chr01_31960578,1,31960578,0.46268365853219,0.106926406926407,1155,0.0539303358377973,0.0543728365805068,1,-0.869934340217014
Chr15_481601826,15,481601826,0.462753167457366,0.0476190476190476,1155,0.0539303358377973,0.0543726990912071,1,1.09335874071294
Chr12_340313902,12,340313902,0.462780795069662,0.420779220779221,1155,0.0539303358377973,0.054372644452668,1,0.473867297904292
Chr04_260739702,4,260739702,0.462914220659809,0.337662337662338,1155,0.0539303358377973,0.054372380652864,1,-0.664847822743639
Chr15_395708314,15,395708314,0.462914699038398,0.0125541125541126,1155,0.0539303358377973,0.0543723797072631,1,-1.76248694350633
Chr18_88730029,18,88730029,0.463229833702635,0.0597402597402597,1155,0.0539303358377973,0.0543717571266664,1,1.03669275347349
Chr17_283389115,17,283389115,0.463336648016696,0.448484848484848,1155,0.0539303358377973,0.054371546257289,1,0.518480225568169
Chr19_39672591,19,39672591,0.463463564009049,0.0264069264069264,1155,0.0539303358377973,0.0543712958045613,1,-1.40821643418398
Chr13_55843728,13,55843728,0.463703688441967,0.166233766233766,1155,0.0539303358377973,0.0543708222483461,1,0.52493883158678
Chr17_305470062,17,305470062,0.463914138959192,0.321645021645022,1155,0.0539303358377973,0.0543704075344703,1,-0.538876100245886
Chr04_169410760,4,169410760,0.464252118250465,0.0251082251082251,1155,0.0539303358377973,0.0543697421402767,1,-1.47348038911055
Chr16_14557222,16,14557222,0.464335701633067,0.264935064935065,1155,0.0539303358377973,0.0543695777053844,1,-0.596596093090483
Chr14_104503115,14,104503115,0.464502756054373,0.264502164502165,1155,0.0539303358377973,0.0543692491982318,1,-0.568001944739649
Chr21_279294077,21,279294077,0.464549296253023,0.167099567099567,1155,0.0539303358377973,0.0543691577120378,1,0.628207656902362
Chr01_106494531,1,106494531,0.464708754211814,0.0220779220779221,1155,0.0539303358377973,0.0543688443692376,1,-1.5249875802937
Chr13_272571288,13,272571288,0.464775169041981,0.167532467532468,1155,0.0539303358377973,0.0543687139114756,1,-0.58413381273067
Chr09_183303302,9,183303302,0.464816181986742,0.0225108225108225,1155,0.0539303358377973,0.0543686333651761,1,-1.46294833211581
Chr11_6880094,11,6880094,0.464943081465015,0.315584415584416,1155,0.0539303358377973,0.0543683842161945,1,0.647946509728399
Chr06_570688995,6,570688995,0.465061790347685,0.410822510822511,1155,0.0539303358377973,0.0543681512466659,1,0.473183669491078
Chr04_185293993,4,185293993,0.465179044907987,0.0255411255411255,1155,0.0539303358377973,0.054367921224603,1,-1.48729319211726
Chr15_529074604,15,529074604,0.465185300466118,0.248051948051948,1155,0.0539303358377973,0.0543679089554785,1,0.586410534433355
Chr21_219187792,21,219187792,0.465415913334814,0.172294372294372,1155,0.0539303358377973,0.0543674568348981,1,0.640081681298653
Chr20_212647275,20,212647275,0.465485895438369,0.0316017316017316,1155,0.0539303358377973,0.0543673197046215,1,-1.28512406367372
Chr08_85072405,8,85072405,0.46549971408703,0.493506493506494,1155,0.0539303358377973,0.0543672926308117,1,-0.479953276373919
Chr18_9245573,18,9245573,0.465629787909892,0.495238095238095,1155,0.0539303358377973,0.0543670378502346,1,-0.383883248030685
Chr21_367033714,21,367033714,0.465827500840722,0.42034632034632,1155,0.0539303358377973,0.0543666508004276,1,0.713627608661795
Chr16_340570788,16,340570788,0.46614045832387,0.0484848484848485,1155,0.0539303358377973,0.0543660386811586,1,1.04650020074496
Chr01_77245973,1,77245973,0.466610977862171,0.0437229437229437,1155,0.0539303358377973,0.0543651196212234,1,-1.11208727299132
Chr02_234562378,2,234562378,0.466633867040618,0.0532467532467532,1155,0.0539303358377973,0.0543650749499602,1,-1.03534631079538
Chr02_259128993,2,259128993,0.46671922060513,0.225541125541126,1155,0.0539303358377973,0.0543649084021401,1,0.622595351641337
Chr20_505803480,20,505803480,0.466787718857869,0.0987012987012987,1155,0.0539303358377973,0.054364774778892,1,0.569036712699472
Chr10_142542869,10,142542869,0.466868806492802,0.216017316017316,1155,0.0539303358377973,0.0543646166374895,1,0.514435468213549
Chr02_86702013,2,86702013,0.466888580725782,0.16017316017316,1155,0.0539303358377973,0.0543645780794126,1,-0.643497499780125
Chr11_182806299,11,182806299,0.467014989195714,0.382251082251082,1155,0.0539303358377973,0.0543643316554865,1,-0.49626843372647
Chr20_283495934,20,283495934,0.467025180890236,0.332900432900433,1155,0.0539303358377973,0.0543643117921963,1,-0.529505708488614
Chr19_785358635,19,785358635,0.467034781547101,0.317748917748918,1155,0.0539303358377973,0.0543642930814524,1,-0.54367616054617
Chr10_394388469,10,394388469,0.467187002862216,0.345021645021645,1155,0.0539303358377973,0.0543639964994167,1,-0.661009687949331
Chr07_333386081,7,333386081,0.467481861061538,0.107792207792208,1155,0.0539303358377973,0.0543634224501101,1,0.699884630880803
Chr21_385245061,21,385245061,0.467689420746689,0.0562770562770563,1155,0.0539303358377973,0.0543630187077137,1,1.06622646085728
Chr13_384043857,13,384043857,0.46769804628338,0.13982683982684,1155,0.0539303358377973,0.0543630019356619,1,0.658661981829113
Chr04_82584615,4,82584615,0.467758286405608,0.0264069264069264,1155,0.0539303358377973,0.0543628848146902,1,-1.44053656557563
Chr21_334141835,21,334141835,0.467952677684702,0.0367965367965368,1155,0.0539303358377973,0.054362507037472,1,-1.12487940323646
Chr12_383818736,12,383818736,0.468005749541716,0.406926406926407,1155,0.0539303358377973,0.0543624039421868,1,-0.46348174740325
Chr08_260809505,8,260809505,0.468164766086349,0.0463203463203463,1155,0.0539303358377973,0.054362095155395,1,-0.993432581287834
Chr13_135348014,13,135348014,0.468383049770371,0.124242424242424,1155,0.0539303358377973,0.0543616715549018,1,0.752365161219814
Chr02_135586246,2,135586246,0.468446455521957,0.13982683982684,1155,0.0539303358377973,0.0543615485694091,1,0.764366795648471
Chr16_18466699,16,18466699,0.468670267737576,0.493506493506494,1155,0.0539303358377973,0.0543611146640991,1,2.13785071250186
Chr06_1263904,6,1263904,0.468849237787968,0.0307359307359307,1155,0.0539303358377973,0.0543607679341339,1,1.29780409277414
Chr02_57604357,2,57604357,0.469024628822705,0.396536796536797,1155,0.0539303358377973,0.0543604283445511,1,-0.42470022725189
Chr08_343721702,8,343721702,0.469108679959013,0.0281385281385281,1155,0.0539303358377973,0.0543602656783796,1,-1.46534118836698
Chr12_9589884,12,9589884,0.469277755493119,0.148484848484848,1155,0.0539303358377973,0.05435993860452,1,-0.631728336889367
Chr15_589278844,15,589278844,0.469278430640292,0.0891774891774892,1155,0.0539303358377973,0.0543599372988395,1,0.892533254481521
Chr13_72179423,13,72179423,0.469335798532761,0.161038961038961,1155,0.0539303358377973,0.0543598263649453,1,0.698602284763183
Chr14_268010736,14,268010736,0.469361103940117,0.0242424242424242,1155,0.0539303358377973,0.0543597774381119,1,-1.46175431703782
Chr07_486458344,7,486458344,0.469615942243912,0.407792207792208,1155,0.0539303358377973,0.0543592849567471,1,-0.64642364858048
Chr18_479141108,18,479141108,0.469763649426895,0.0277056277056277,1155,0.0539303358377973,0.0543589997059616,1,-1.42391661175603
Chr14_324391223,14,324391223,0.469816766371372,0.28961038961039,1155,0.0539303358377973,0.05435889716232,1,-0.656864502902465
Chr19_109851534,19,109851534,0.469962510358372,0.0212121212121212,1155,0.0539303358377973,0.0543586158956995,1,1.51163816086927
Chr13_333905243,13,333905243,0.469963986312999,0.0272727272727272,1155,0.0539303358377973,0.0543586130480211,1,-1.11335632424243
Chr08_430599627,8,430599627,0.470052607903674,0.467532467532468,1155,0.0539303358377973,0.0543584420896595,1,0.46114476778385
Chr03_445346830,3,445346830,0.47018328082646,0.189177489177489,1155,0.0539303358377973,0.0543581901055827,1,-0.689730195459447
Chr02_395104906,2,395104906,0.470463886990304,0.135497835497836,1155,0.0539303358377973,0.0543576493780877,1,-0.59511074509264
Chr14_94448154,14,94448154,0.470659567747207,0.15974025974026,1155,0.0539303358377973,0.054357272609468,1,-0.853145179473813
Chr03_436794574,3,436794574,0.470844726453544,0.103463203463203,1155,0.0539303358377973,0.0543569163329466,1,0.763853622536516
Chr21_93343491,21,93343491,0.470904224991198,0.316883116883117,1155,0.0539303358377973,0.0543568018957488,1,-0.596341684203338
Chr19_663852768,19,663852768,0.470955007656629,0.176190476190476,1155,0.0539303358377973,0.0543567042407846,1,0.518252002790803
Chr02_120531680,2,120531680,0.471077879627815,0.0181818181818182,1155,0.0539303358377973,0.054356468028552,1,-1.61821691622649
Chr12_405572632,12,405572632,0.471130017420343,0.367532467532467,1155,0.0539303358377973,0.0543563678275796,1,0.660126755875808
Chr04_72697834,4,72697834,0.471181692167826,0.100865800865801,1155,0.0539303358377973,0.0543562685341803,1,0.938157208013791
Chr01_277603216,1,277603216,0.471273431081251,0.153246753246753,1155,0.0539303358377973,0.0543560923005191,1,-0.715685269437699
Chr21_73959111,21,73959111,0.471290988522756,0.111255411255411,1155,0.0539303358377973,0.0543560585783781,1,-0.745015117674939
Chr09_183832540,9,183832540,0.471759687433965,0.128571428571429,1155,0.0539303358377973,0.0543551591097465,1,0.752562742221443
Chr18_411896002,18,411896002,0.471832354499775,0.0714285714285714,1155,0.0539303358377973,0.0543550197854726,1,0.838104122876445
Chr21_308310905,21,308310905,0.471832633564296,0.0199134199134199,1155,0.0539303358377973,0.0543550192504905,1,-1.59508225742674
Chr07_243307381,7,243307381,0.472064621494525,0.108658008658009,1155,0.0539303358377973,0.0543545746934863,1,0.95341689604038
Chr15_95791355,15,95791355,0.472067347494627,0.300865800865801,1155,0.0539303358377973,0.0543545694717694,1,-0.638796879822848
Chr19_778538126,19,778538126,0.47225991647287,0.405194805194805,1155,0.0539303358377973,0.054354200724808,1,-0.42396772031563
Chr20_297484456,20,297484456,0.472546072121534,0.204761904761905,1155,0.0539303358377973,0.0543536532195301,1,0.706351517040844
Chr13_88174117,13,88174117,0.472712995740516,0.125108225108225,1155,0.0539303358377973,0.0543533340901903,1,-0.714364659315549
Chr18_440072833,18,440072833,0.472764414460495,0.230735930735931,1155,0.0539303358377973,0.0543532358231705,1,0.557390940660639
Chr12_114816779,12,114816779,0.472832085466183,0.325974025974026,1155,0.0539303358377973,0.0543531065225621,1,-0.571903740859113
Chr18_201585571,18,201585571,0.47347178125341,0.384415584415584,1155,0.0539303358377973,0.0543518857199458,1,-0.726802648880721
Chr09_442374212,9,442374212,0.47368904487503,0.335064935064935,1155,0.0539303358377973,0.0543514716996267,1,0.541797564577678
Chr02_392861624,2,392861624,0.473730372612836,0.372294372294372,1155,0.0539303358377973,0.0543513929798225,1,0.506043538616439
Chr10_32926320,10,32926320,0.473930061400381,0.154978354978355,1155,0.0539303358377973,0.0543510127756597,1,-0.643986627480899
Chr15_7325773,15,7325773,0.473993090461086,0.315584415584416,1155,0.0539303358377973,0.0543508928233253,1,0.562212133379887
Chr07_433651114,7,433651114,0.474189870609271,0.494372294372294,1155,0.0539303358377973,0.0543505184921267,1,1.60974289302749
Chr02_115790528,2,115790528,0.474242683818382,0.312554112554113,1155,0.0539303358377973,0.0543504180694586,1,0.469803067858578
Chr01_277735874,1,277735874,0.474262124696111,0.498701298701299,1155,0.0539303358377973,0.0543503811078071,1,-4.67488896776558
Chr14_506236399,14,506236399,0.474379218056556,0.0246753246753246,1155,0.0539303358377973,0.0543501585379862,1,1.12547277587828
Chr14_436921965,14,436921965,0.474585088585785,0.0705627705627706,1155,0.0539303358377973,0.054349767437685,1,0.845476118682939
Chr18_431799967,18,431799967,0.474640897565946,0.0922077922077922,1155,0.0539303358377973,0.0543496614626531,1,-0.805146534810774
Chr06_501496840,6,501496840,0.47485421882736,0.080952380952381,1155,0.0539303358377973,0.0543492565758542,1,0.829988500812604
Chr10_391423944,10,391423944,0.474907186722799,0.406926406926407,1155,0.0539303358377973,0.0543491560878315,1,0.796846475862594
Chr13_35443424,13,35443424,0.475082394037683,0.127272727272727,1155,0.0539303358377973,0.0543488238230888,1,0.618323212613291
Chr21_58113134,21,58113134,0.475211057932154,0.0883116883116883,1155,0.0539303358377973,0.0543485799505358,1,-0.670252373069843
Chr09_310683195,9,310683195,0.475382091025569,0.0653679653679654,1155,0.0539303358377973,0.054348255936583,1,0.954077630652137
Chr12_127142248,12,127142248,0.475456940787051,0.0467532467532468,1155,0.0539303358377973,0.0543481141969537,1,1.69024657211799
Chr18_405327414,18,405327414,0.475536891146612,0.19047619047619,1155,0.0539303358377973,0.0543479628386359,1,-0.556156294276349
Chr06_506816142,6,506816142,0.475583529503008,0.0238095238095238,1155,0.0539303358377973,0.0543478745641772,1,-1.4770913532077
Chr15_503947605,15,503947605,0.475701041388152,0.143722943722944,1155,0.0539303358377973,0.0543476522067337,1,0.736347824959836
Chr19_269537823,19,269537823,0.475790876492223,0.37965367965368,1155,0.0539303358377973,0.0543474822799141,1,-0.546682109421766
Chr14_301420625,14,301420625,0.476503905901354,0.250649350649351,1155,0.0539303358377973,0.0543461354056248,1,-0.723326411921107
Chr14_9438058,14,9438058,0.476579514092676,0.348917748917749,1155,0.0539303358377973,0.0543459927783266,1,0.45693217347204
Chr21_364988631,21,364988631,0.476729741472849,0.0844155844155844,1155,0.0539303358377973,0.0543457094987827,1,-0.793001699376646
Chr19_388670309,19,388670309,0.476781788361924,0.164935064935065,1155,0.0539303358377973,0.0543456113893676,1,-0.673693535033692
Chr10_328294673,10,328294673,0.476828699121763,0.0272727272727273,1155,0.0539303358377973,0.0543455229766171,1,1.42994256170648
Chr01_504030059,1,504030059,0.477112343293563,0.276623376623377,1155,0.0539303358377973,0.0543449886941956,1,-0.458158185152257
Chr02_424063164,2,424063164,0.477131496553285,0.0471861471861472,1155,0.0539303358377973,0.0543449526350966,1,-1.03430029772356
Chr20_280937197,20,280937197,0.477255608808227,0.453679653679654,1155,0.0539303358377973,0.0543447190309774,1,0.882936388482449
Chr15_382545307,15,382545307,0.477418680522949,0.0818181818181818,1155,0.0539303358377973,0.0543444122479856,1,-0.815711756166181
Chr02_378509695,2,378509695,0.477579443092202,0.0471861471861472,1155,0.0539303358377973,0.0543441099764993,1,-1.68812776073003
Chr21_210543759,21,210543759,0.477590851298109,0.0203463203463203,1155,0.0539303358377973,0.0543440885326982,1,-1.51030415222722
Chr19_6011971,19,6011971,0.477672293361647,0.0458874458874459,1155,0.0539303358377973,0.0543439354717908,1,0.849861861849831
Chr14_25501866,14,25501866,0.477895104423908,0.0298701298701299,1155,0.0539303358377973,0.0543435169419325,1,1.34222350524757
Chr06_25320900,6,25320900,0.478163090522605,0.327272727272727,1155,0.0539303358377973,0.0543430139770036,1,0.610249077668186
Chr18_127954555,18,127954555,0.478257754395323,0.0125541125541126,1155,0.0539303358377973,0.0543428364188766,1,1.60675926031512
Chr17_260010529,17,260010529,0.478476613903271,0.330735930735931,1155,0.0539303358377973,0.0543424261306453,1,-0.555729026284894
Chr17_140448029,17,140448029,0.478649926385824,0.0476190476190476,1155,0.0539303358377973,0.0543421014454548,1,-1.07563024948374
Chr17_327788716,17,327788716,0.478829275759644,0.0701298701298701,1155,0.0539303358377973,0.0543417656530764,1,-0.867639258375604
Chr02_91915199,2,91915199,0.478853661824683,0.26969696969697,1155,0.0539303358377973,0.0543417200114061,1,0.547436056550282
Chr01_51078358,1,51078358,0.479001644123152,0.0116883116883117,1155,0.0539303358377973,0.0543414431249581,1,-1.75229589110324
Chr02_83999476,2,83999476,0.479163878813418,0.197402597402597,1155,0.0539303358377973,0.0543411397319871,1,0.561737413499173
Chr20_489081423,20,489081423,0.479523562682516,0.377489177489177,1155,0.0539303358377973,0.0543404676912316,1,-0.454017688824649
Chr18_405828595,18,405828595,0.479583800995516,0.0887445887445888,1155,0.0539303358377973,0.0543403552214258,1,0.698839171939312
Chr14_47565612,14,47565612,0.479745685541914,0.0744588744588745,1155,0.0539303358377973,0.0543400530845073,1,-0.869999289381681
Chr10_503750435,10,503750435,0.479926486932762,0.280519480519481,1155,0.0539303358377973,0.0543397158391202,1,0.61631308252862
Chr20_174112691,20,174112691,0.480115035286416,0.287012987012987,1155,0.0539303358377973,0.0543393643652195,1,0.608009795037134
Chr19_96879900,19,96879900,0.480160054260189,0.0255411255411255,1155,0.0539303358377973,0.0543392804785965,1,1.40727348988511
Chr16_377510496,16,377510496,0.480177523733009,0.174891774891775,1155,0.0539303358377973,0.0543392479301266,1,-0.580871240605092
Chr10_262336648,10,262336648,0.480218838946904,0.0974025974025974,1155,0.0539303358377973,0.0543391709608865,1,-0.777010035233104
Chr02_299173453,2,299173453,0.480283517176813,0.404329004329004,1155,0.0539303358377973,0.0543390504887182,1,-0.532438003709672
Chr13_94189587,13,94189587,0.480321169684551,0.125541125541126,1155,0.0539303358377973,0.0543389803679571,1,-0.769270189222937
Chr17_295393654,17,295393654,0.480419286901749,0.464502164502165,1155,0.0539303358377973,0.0543387976853217,1,0.490030463205471
Chr13_233260201,13,233260201,0.480496428236815,0.0727272727272727,1155,0.0539303358377973,0.0543386541002627,1,0.926029988869544
Chr21_29751069,21,29751069,0.480585549506879,0.067965367965368,1155,0.0539303358377973,0.0543384882637389,1,0.883820468043794
Chr20_218680739,20,218680739,0.480587994724072,0.061038961038961,1155,0.0539303358377973,0.054338483714401,1,-0.915575865914661
Chr07_507730301,7,507730301,0.480597986589162,0.0285714285714286,1155,0.0539303358377973,0.0543384651248745,1,-1.30229980557284
Chr09_334043919,9,334043919,0.480673106843548,0.0748917748917749,1155,0.0539303358377973,0.0543383253865132,1,0.914975578494477
Chr09_98153460,9,98153460,0.480826685863817,0.498701298701299,1155,0.0539303358377973,0.0543380398110108,1,4.62506242321979
Chr20_216550677,20,216550677,0.480933555166694,0.0233766233766234,1155,0.0539303358377973,0.054337841179138,1,-1.48347121469978
Chr19_193498714,19,193498714,0.480954477812273,0.306493506493506,1155,0.0539303358377973,0.0543378022998919,1,-0.578102856261125
Chr16_53460760,16,53460760,0.481192740014635,0.376190476190476,1155,0.0539303358377973,0.0543373597479491,1,-0.575780629133305
Chr03_328351268,3,328351268,0.481301041178964,0.0376623376623377,1155,0.0539303358377973,0.0543371587066351,1,-1.11335930166302
Chr20_149487982,20,149487982,0.481566693080695,0.175757575757576,1155,0.0539303358377973,0.0543366658870535,1,-0.781332341846991
Chr19_499208353,19,499208353,0.481604257277642,0.070995670995671,1155,0.0539303358377973,0.0543365962365302,1,0.903940791141281
Chr14_426370331,14,426370331,0.481660946384712,0.248484848484848,1155,0.0539303358377973,0.0543364911420193,1,0.658675282175807
Chr13_328950008,13,328950008,0.481715660755938,0.0541125541125541,1155,0.0539303358377973,0.0543363897277017,1,1.01516423905257
Chr10_117437065,10,117437065,0.481846877858339,0.0051948051948052,1155,0.0539303358377973,0.0543361465910135,1,2.35325923568234
Chr12_132624028,12,132624028,0.482185568865573,0.384415584415584,1155,0.0539303358377973,0.0543355195217546,1,-0.479800179474978
Chr13_279143957,13,279143957,0.48237043205754,0.172294372294372,1155,0.0539303358377973,0.0543351775625334,1,0.651114415137357
Chr19_123278358,19,123278358,0.482431719308262,0.102164502164502,1155,0.0539303358377973,0.0543350642412147,1,-0.894645118369453
Chr09_64488013,9,64488013,0.482484550030974,0.070995670995671,1155,0.0539303358377973,0.0543349665751965,1,-0.838056192314824
Chr20_537190046,20,537190046,0.482579402635499,0.0155844155844156,1155,0.0539303358377973,0.0543347912692028,1,-1.58762816815613
Chr02_84954942,2,84954942,0.482675648409003,0.372294372294372,1155,0.0539303358377973,0.0543346134463452,1,0.529928810183861
Chr08_131322147,8,131322147,0.482689544375755,0.029004329004329,1155,0.0539303358377973,0.0543345877771014,1,1.13894667608797
Chr15_598436558,15,598436558,0.482746496374377,0.0277056277056277,1155,0.0539303358377973,0.0543344825855621,1,-1.37278964491452
Chr14_288604552,14,288604552,0.482992280974978,0.142857142857143,1155,0.0539303358377973,0.0543340288506113,1,0.864020386375614
Chr16_380146220,16,380146220,0.48306854466576,0.0441558441558442,1155,0.0539303358377973,0.0543338881400173,1,1.01301505489752
Chr03_460492494,3,460492494,0.483375176201709,0.351515151515152,1155,0.0539303358377973,0.0543333227577417,1,0.616794797291618
Chr14_133268459,14,133268459,0.483681361200184,0.251948051948052,1155,0.0539303358377973,0.0543327587885565,1,0.626797231042502
Chr03_16716481,3,16716481,0.483699176221903,0.152380952380952,1155,0.0539303358377973,0.0543327259927863,1,0.817689938060767
Chr20_590832266,20,590832266,0.483824305973936,0.177056277056277,1155,0.0539303358377973,0.0543324956968845,1,-0.727174885384812
Chr04_250210933,4,250210933,0.484092490556466,0.0995670995670996,1155,0.0539303358377973,0.0543320024456683,1,-0.903409690163954
Chr05_4039008,5,4039008,0.484239820874996,0.0714285714285714,1155,0.0539303358377973,0.0543317316642974,1,0.823128764302112
Chr14_3340566,14,3340566,0.484462923520952,0.096969696969697,1155,0.0539303358377973,0.0543313218783249,1,0.70736931722341
Chr01_19854859,1,19854859,0.484540721410197,0.0445887445887446,1155,0.0539303358377973,0.0543311790555787,1,-1.01889329056348
Chr13_36494295,13,36494295,0.484572824101337,0.0463203463203463,1155,0.0539303358377973,0.0543311201319295,1,1.05214906508783
Chr09_684235,9,684235,0.484758890519168,0.318181818181818,1155,0.0539303358377973,0.0543307787388841,1,0.53861441337159
Chr08_377547438,8,377547438,0.484932466509853,0.045021645021645,1155,0.0539303358377973,0.0543304604583572,1,1.00843143165108
Chr18_63551846,18,63551846,0.485380941493744,0.116883116883117,1155,0.0539303358377973,0.054329638976105,1,0.763192727733866
Chr08_431292282,8,431292282,0.48540089520725,0.401298701298701,1155,0.0539303358377973,0.054329602455588,1,0.40472013296943
Chr21_395786372,21,395786372,0.485567995192657,0.361904761904762,1155,0.0539303358377973,0.0543292967163749,1,-0.612797943700116
Chr21_160166976,21,160166976,0.48568818495339,0.0264069264069264,1155,0.0539303358377973,0.0543290769154274,1,1.44762595519471
Chr02_339417022,2,339417022,0.485721826358402,0.0844155844155844,1155,0.0539303358377973,0.0543290154087361,1,0.667807290449957
Chr07_513806135,7,513806135,0.485797915629002,0.355844155844156,1155,0.0539303358377973,0.0543288763204849,1,0.579625185134546
Chr04_186994203,4,186994203,0.486147546671672,0.155844155844156,1155,0.0539303358377973,0.0543282376718712,1,-0.724220124680755
Chr15_452507842,15,452507842,0.486221136178352,0.367532467532468,1155,0.0539303358377973,0.054328103347548,1,0.737448333123382
Chr15_507421476,15,507421476,0.48626739947646,0.467099567099567,1155,0.0539303358377973,0.054328018919515,1,0.416172787930662
Chr17_256631713,17,256631713,0.486906141007328,0.47965367965368,1155,0.0539303358377973,0.054326854609958,1,-0.479061975745651
Chr06_25320862,6,25320862,0.486952215925864,0.491341991341991,1155,0.0539303358377973,0.0543267707217115,1,-1.15739928044354
Chr19_452265236,19,452265236,0.48698296797498,0.0727272727272727,1155,0.0539303358377973,0.0543267147390201,1,0.892447534580526
Chr12_427807787,12,427807787,0.487113528688633,0.381385281385281,1155,0.0539303358377973,0.0543264771245512,1,-0.400910722014885
Chr20_395540777,20,395540777,0.487493660532551,0.0199134199134199,1155,0.0539303358377973,0.0543257859036579,1,-1.52491451298097
Chr20_438290565,20,438290565,0.487493660532551,0.0199134199134199,1155,0.0539303358377973,0.0543257859036579,1,-1.52491451298097
Chr03_192054259,3,192054259,0.487500390247344,0.0281385281385281,1155,0.0539303358377973,0.0543257736745977,1,-1.46738792921465
Chr16_350735257,16,350735257,0.487608501925773,0.257142857142857,1155,0.0539303358377973,0.0543255772553393,1,-0.47166543502459
Chr10_6909129,10,6909129,0.488008201572285,0.0277056277056277,1155,0.0539303358377973,0.0543248517014785,1,-1.34920030046419
Chr21_426835537,21,426835537,0.488075126589949,0.21991341991342,1155,0.0539303358377973,0.0543247303125073,1,-0.578124820024527
Chr02_327733994,2,327733994,0.488080902064005,0.361904761904762,1155,0.0539303358377973,0.0543247198382156,1,0.455747571618929
Chr07_427208462,7,427208462,0.488226857056493,0.279220779220779,1155,0.0539303358377973,0.0543244552053875,1,-0.578466279491778
Chr18_38158835,18,38158835,0.488349464626536,0.0277056277056277,1155,0.0539303358377973,0.0543242330057018,1,1.34346127270933
Chr18_38319592,18,38319592,0.488349464626536,0.0277056277056277,1155,0.0539303358377973,0.0543242330057018,1,1.34346127270933
Chr21_40825737,21,40825737,0.488371853058727,0.0458874458874459,1155,0.0539303358377973,0.0543241924415314,1,1.02958369520769
Chr18_457910106,18,457910106,0.488385715930986,0.352380952380952,1155,0.0539303358377973,0.054324167325828,1,0.45842877452975
Chr17_18919651,17,18919651,0.48848105817537,0.269264069264069,1155,0.0539303358377973,0.0543239946240816,1,0.609279699894415
Chr21_125427505,21,125427505,0.488578226905779,0.0285714285714286,1155,0.0539303358377973,0.0543238186715423,1,-1.36543256262969
Chr02_334359280,2,334359280,0.488768940695771,0.387012987012987,1155,0.0539303358377973,0.0543234734974157,1,0.428734773075121
Chr20_372035859,20,372035859,0.488961471246989,0.229004329004329,1155,0.0539303358377973,0.054323125262417,1,-0.657016880096648
Chr19_47600405,19,47600405,0.488978402432244,0.120779220779221,1155,0.0539303358377973,0.0543230946494606,1,-0.665107912065906
Chr21_172810206,21,172810206,0.489076191605676,0.306493506493506,1155,0.0539303358377973,0.0543229178732436,1,0.58448114316937
Chr21_162556124,21,162556124,0.489110542508035,0.493939393939394,1155,0.0539303358377973,0.0543228557901263,1,-1.22007898439438
Chr19_272443748,19,272443748,0.489126541704655,0.452380952380952,1155,0.0539303358377973,0.0543228268769148,1,0.414162649612479
Chr13_291683147,13,291683147,0.489227950184635,0.225541125541125,1155,0.0539303358377973,0.0543226436515415,1,-0.57958873019993
Chr07_254121059,7,254121059,0.489255387104629,0.432900432900433,1155,0.0539303358377973,0.0543225940892438,1,0.555128633133961
Chr09_450543915,9,450543915,0.489357806649442,0.397835497835498,1155,0.0539303358377973,0.0543224091185541,1,-0.45371797392329
Chr11_210989306,11,210989306,0.489491483692888,0.0411255411255411,1155,0.0539303358377973,0.0543221677935207,1,-1.03407430984048
Chr21_116188057,21,116188057,0.489607831266817,0.104329004329004,1155,0.0539303358377973,0.0543219578424776,1,0.691666307763811
Chr07_92545829,7,92545829,0.489644413039975,0.406926406926407,1155,0.0539303358377973,0.0543218918472719,1,-0.51940857706154
Chr18_41360647,18,41360647,0.489935604832894,0.0207792207792208,1155,0.0539303358377973,0.0543213668167994,1,-1.42928956898868
Chr01_418604827,1,418604827,0.490068304220787,0.325108225108225,1155,0.0539303358377973,0.0543211277270503,1,0.560649351516389
Chr12_297702965,12,297702965,0.490154655678751,0.0294372294372294,1155,0.0539303358377973,0.0543209722021968,1,1.40379219201174
Chr08_411711448,8,411711448,0.490470781756152,0.173160173160173,1155,0.0539303358377973,0.0543204032274474,1,-0.638735472566395
Chr07_135547717,7,135547717,0.490602502194357,0.153679653679654,1155,0.0539303358377973,0.0543201663330229,1,0.559687635620747
Chr19_592408910,19,592408910,0.490727153446528,0.101731601731602,1155,0.0539303358377973,0.0543199422500557,1,-0.910463573805146
Chr06_24826158,6,24826158,0.490784799076526,0.214285714285714,1155,0.0539303358377973,0.0543198386538447,1,-0.564931075876189
Chr17_193786978,17,193786978,0.490793391848142,0.0454545454545455,1155,0.0539303358377973,0.0543198232133284,1,-0.9706641681733
Chr04_240293260,4,240293260,0.490813368251021,0.381818181818182,1155,0.0539303358377973,0.054319787319094,1,0.690270000103169
Chr11_62245406,11,62245406,0.490895152340779,0.0242424242424242,1155,0.0539303358377973,0.0543196403922832,1,1.40796763501667
Chr15_12517226,15,12517226,0.491146516317806,0.0255411255411255,1155,0.0539303358377973,0.0543191890675931,1,1.34633633534348
Chr14_295508498,14,295508498,0.491435411015998,0.0264069264069264,1155,0.0539303358377973,0.054318670832968,1,1.3436801077582
Chr18_532068951,18,532068951,0.491524226018475,0.0264069264069264,1155,0.0539303358377973,0.0543185116142595,1,1.2332480119112
Chr14_361759879,14,361759879,0.491646889548544,0.0242424242424242,1155,0.0539303358377973,0.054318291794375,1,-1.36960585521889
Chr07_230540646,7,230540646,0.491705568193945,0.0502164502164502,1155,0.0539303358377973,0.054318186671409,1,-0.983147599301475
Chr04_199721996,4,199721996,0.491784174314077,0.0164502164502165,1155,0.0539303358377973,0.0543180458811938,1,1.54228955429465
Chr20_163079757,20,163079757,0.491920378736603,0.029004329004329,1155,0.0539303358377973,0.0543178020166721,1,1.13631889386649
Chr15_587009209,15,587009209,0.49198545238844,0.0181818181818182,1155,0.0539303358377973,0.0543176855467203,1,-1.48962678293391
Chr21_27120340,21,27120340,0.492012156905534,0.258874458874459,1155,0.0539303358377973,0.0543176377579742,1,0.583835008529604
Chr10_331861794,10,331861794,0.492061305421044,0.152813852813853,1155,0.0539303358377973,0.0543175498161882,1,0.589488196079884
Chr20_386327126,20,386327126,0.492093610212803,0.0558441558441558,1155,0.0539303358377973,0.0543174920210033,1,1.03429204620107
Chr16_140009328,16,140009328,0.492153368057731,0.0251082251082251,1155,0.0539303358377973,0.0543173851274221,1,-1.38061036917549
Chr08_202829462,8,202829462,0.492316895107623,0.0489177489177489,1155,0.0539303358377973,0.0543170927247367,1,0.985706531741982
Chr17_186104905,17,186104905,0.492475063266095,0.0839826839826839,1155,0.0539303358377973,0.0543168100589889,1,0.793496968522732
Chr18_33705194,18,33705194,0.492553620375047,0.0467532467532468,1155,0.0539303358377973,0.0543166697243903,1,1.01064818910095
Chr10_34094662,10,34094662,0.492559283443873,0.0151515151515152,1155,0.0539303358377973,0.0543166596093202,1,1.53521568129038
Chr09_195854630,9,195854630,0.492617756595719,0.151082251082251,1155,0.0539303358377973,0.0543165551791017,1,-0.627418298964358
Chr07_445390114,7,445390114,0.492894173266216,0.343722943722944,1155,0.0539303358377973,0.0543160617933822,1,0.589124027788273
Chr20_386330929,20,386330929,0.492923557246429,0.0523809523809524,1155,0.0539303358377973,0.0543160093721665,1,1.03102913620975
Chr03_431792075,3,431792075,0.492991169517487,0.0774891774891775,1155,0.0539303358377973,0.0543158887713203,1,1.13781395213573
Chr14_432344688,14,432344688,0.493273162776777,0.0125541125541125,1155,0.0539303358377973,0.0543153860753822,1,1.46574569184031
Chr02_62184869,2,62184869,0.49341274465613,0.0939393939393939,1155,0.0539303358377973,0.0543151374277482,1,0.868906708532336
Chr20_580996446,20,580996446,0.493637877398595,0.0670995670995671,1155,0.0539303358377973,0.0543147366305862,1,0.669899997030157
Chr14_286609725,14,286609725,0.493705436472986,0.0731601731601732,1155,0.0539303358377973,0.0543146164170095,1,1.17240445719784
Chr11_245665515,11,245665515,0.494136778480297,0.0458874458874459,1155,0.0539303358377973,0.054313849544388,1,-0.979355258358581
Chr21_407381635,21,407381635,0.494153091722189,0.488311688311688,1155,0.0539303358377973,0.0543138205635351,1,-1.51697797560519
Chr05_347271529,5,347271529,0.494239409901685,0.0995670995670996,1155,0.0539303358377973,0.0543136672440321,1,0.635293684358558
Chr09_417709740,9,417709740,0.494359432006175,0.326406926406926,1155,0.0539303358377973,0.054313454133937,1,-0.529402621578299
Chr16_194651673,16,194651673,0.494520817800853,0.0471861471861472,1155,0.0539303358377973,0.0543131677159252,1,0.847463639744063
Chr16_312340678,16,312340678,0.49455028986129,0.437662337662338,1155,0.0539303358377973,0.0543131154276146,1,-0.588531166760674
Chr21_426958022,21,426958022,0.494577244818816,0.224242424242424,1155,0.0539303358377973,0.0543130676096474,1,-0.538230774371527
Chr16_12099835,16,12099835,0.4948036633593,0.193939393939394,1155,0.0539303358377973,0.0543126661171839,1,-0.64757599598326
Chr20_46400274,20,46400274,0.494881490641374,0.0476190476190476,1155,0.0539303358377973,0.0543125281827631,1,0.974915083753004
Chr10_487202723,10,487202723,0.494931101842808,0.182251082251082,1155,0.0539303358377973,0.0543124402751546,1,0.554906207244471
Chr05_4037152,5,4037152,0.494954832740916,0.0502164502164502,1155,0.0539303358377973,0.0543123982308912,1,1.00773043002491
Chr18_10040085,18,10040085,0.495081118943177,0.279220779220779,1155,0.0539303358377973,0.0543121745454352,1,-0.481147082354084
Chr04_215027551,4,215027551,0.495147381597592,0.1,1155,0.0539303358377973,0.0543120572155829,1,-0.71538238404014
Chr08_280646280,8,280646280,0.495275333275126,0.291774891774892,1155,0.0539303358377973,0.0543118307290805,1,-0.576781057136714
Chr09_345845512,9,345845512,0.495489931975509,0.374025974025974,1155,0.0539303358377973,0.0543114510902863,1,-0.510582120223802
Chr03_119739642,3,119739642,0.495511239214948,0.194805194805195,1155,0.0539303358377973,0.0543114134115305,1,-0.589373035285831
Chr08_123100542,8,123100542,0.495790029879279,0.412121212121212,1155,0.0539303358377973,0.0543109206621277,1,-0.586188517471157
Chr14_119478906,14,119478906,0.495851969243803,0.478354978354978,1155,0.0539303358377973,0.0543108112505857,1,-0.535586837866504
Chr16_124716172,16,124716172,0.495910555529577,0.0917748917748918,1155,0.0539303358377973,0.0543107077832189,1,-0.731335202588937
Chr17_211486000,17,211486000,0.496272662678909,0.266666666666667,1155,0.0539303358377973,0.0543100687343401,1,-0.582487289726743
Chr02_375283197,2,375283197,0.496338045337869,0.377489177489178,1155,0.0539303358377973,0.0543099534304271,1,-0.397306615463123
Chr21_105522047,21,105522047,0.496363381081614,0.441558441558442,1155,0.0539303358377973,0.0543099087571121,1,0.401439309487785
Chr12_356333234,12,356333234,0.496457100490296,0.321645021645022,1155,0.0539303358377973,0.0543097435395541,1,0.530745910103121
Chr19_597492451,19,597492451,0.496506269754272,0.171861471861472,1155,0.0539303358377973,0.0543096568803023,1,0.571916444807925
Chr07_422746859,7,422746859,0.49655317497343,0.0238095238095238,1155,0.0539303358377973,0.0543095742248539,1,-1.382622007683
Chr11_20369881,11,20369881,0.496680781315273,0.0367965367965368,1155,0.0539303358377973,0.0543093494261442,1,-0.868003113069321
Chr13_42319314,13,42319314,0.496690204408357,0.334632034632035,1155,0.0539303358377973,0.0543093328297464,1,-0.550078037536991
Chr21_124061886,21,124061886,0.496724459047078,0.0294372294372294,1155,0.0539303358377973,0.0543092725033198,1,-1.31939440202913
Chr19_407115781,19,407115781,0.496848817120954,0.490476190476191,1155,0.0539303358377973,0.0543090535532171,1,-0.586230036111033
Chr10_171401435,10,171401435,0.496895875003566,0.0225108225108225,1155,0.0539303358377973,0.0543089707252431,1,-1.42454922475153
Chr18_340427679,18,340427679,0.496994716038527,0.0251082251082251,1155,0.0539303358377973,0.0543087967953194,1,1.37534130136608
Chr06_564410640,6,564410640,0.497080631740723,0.0493506493506494,1155,0.0539303358377973,0.0543086456574654,1,-0.889618735897272
Chr15_494255828,15,494255828,0.497216728993251,0.0229437229437229,1155,0.0539303358377973,0.0543084063334701,1,1.39508050884805
Chr02_247092636,2,247092636,0.497341942034155,0.0220779220779221,1155,0.0539303358377973,0.0543081862468421,1,1.44053760675813
Chr20_332954026,20,332954026,0.497392545106524,0.345021645021645,1155,0.0539303358377973,0.0543080973285225,1,0.622267987428756
Chr17_100586409,17,100586409,0.497544781671443,0.486147186147186,1155,0.0539303358377973,0.0543078299147958,1,-0.8118352755979
Chr15_383925967,15,383925967,0.497575732348621,0.029004329004329,1155,0.0539303358377973,0.0543077755647735,1,-1.28523788921221
Chr18_192774990,18,192774990,0.497635518435878,0.22987012987013,1155,0.0539303358377973,0.0543076705953646,1,-0.564788607649689
Chr02_21101644,2,21101644,0.497701104133969,0.152380952380952,1155,0.0539303358377973,0.0543075554678115,1,-0.603696612801883
Chr08_23862223,8,23862223,0.497873277949312,0.0238095238095238,1155,0.0539303358377973,0.054307253360084,1,-1.36561511847607
Chr14_337583274,14,337583274,0.497959346857225,0.338095238095238,1155,0.0539303358377973,0.0543071024040407,1,0.512337433670439
Chr15_72218512,15,72218512,0.497969594459109,0.0584415584415584,1155,0.0539303358377973,0.0543070844337372,1,-0.729845593994014
Chr08_342211136,8,342211136,0.498019850062326,0.304761904761905,1155,0.0539303358377973,0.0543069963140345,1,0.516856110025117
Chr12_248947835,12,248947835,0.498036250594204,0.0510822510822511,1155,0.0539303358377973,0.0543069675600997,1,1.02155614675812
Chr13_225590412,13,225590412,0.498544519022641,0.174891774891775,1155,0.0539303358377973,0.0543060772413714,1,-0.525908903203629
Chr14_38354261,14,38354261,0.498738994821658,0.0294372294372294,1155,0.0539303358377973,0.0543057369902771,1,1.27547637861443
Chr18_412010241,18,412010241,0.499270993163161,0.00952380952380952,1155,0.0539303358377973,0.0543048073638385,1,-1.78725320990671
Chr04_261391029,4,261391029,0.499281426197216,0.384415584415584,1155,0.0539303358377973,0.0543047891496983,1,-0.551280142962298
Chr21_407417022,21,407417022,0.499380340152334,0.489177489177489,1155,0.0539303358377973,0.0543046164963543,1,1.57237162869569
Chr13_2239820,13,2239820,0.499418948344172,0.0229437229437229,1155,0.0539303358377973,0.05430454912187,1,-1.3350018289304
Chr08_31779097,8,31779097,0.49944725481054,0.104761904761905,1155,0.0539303358377973,0.0543044997303576,1,0.702378300207414
Chr10_94157206,10,94157206,0.499610502232512,0.103463203463203,1155,0.0539303358377973,0.0543042149751208,1,0.864091151210829
Chr18_50768765,18,50768765,0.499637051982536,0.297402597402597,1155,0.0539303358377973,0.0543041686788667,1,-0.406884796980265
Chr11_203709056,11,203709056,0.499658461375667,0.398268398268398,1155,0.0539303358377973,0.0543041313491738,1,-0.633183496776155
Chr13_139201831,13,139201831,0.500239162729989,0.225108225108225,1155,0.0539303358377973,0.0543031198653441,1,0.541494703839817
Chr20_40580376,20,40580376,0.500276386136653,0.178787878787879,1155,0.0539303358377973,0.0543030550964464,1,0.720323772674163
Chr14_31831467,14,31831467,0.500344233591495,0.252813852813853,1155,0.0539303358377973,0.0543029370626268,1,0.539756456508854
Chr14_232955256,14,232955256,0.500394848799511,0.279220779220779,1155,0.0539303358377973,0.054302849025352,1,0.615800357195553
Chr02_415897922,2,415897922,0.500398745120837,0.377489177489177,1155,0.0539303358377973,0.0543028422489367,1,0.47277757823997
Chr11_102533308,11,102533308,0.500497396499305,0.494805194805195,1155,0.0539303358377973,0.0543026707059724,1,-1.46248986838737
Chr14_380341009,14,380341009,0.50055988812596,0.358874458874459,1155,0.0539303358377973,0.0543025620702261,1,-0.577747116722321
Chr13_233198472,13,233198472,0.500785771507124,0.0718614718614719,1155,0.0539303358377973,0.0543021695856485,1,0.857889097101548
Chr05_276017067,5,276017067,0.501017549248087,0.230735930735931,1155,0.0539303358377973,0.0543017671720872,1,0.676282326013165
Chr04_250210942,4,250210942,0.501210089134397,0.374025974025974,1155,0.0539303358377973,0.0543014331241812,1,-0.640553309371171
Chr17_267317304,17,267317304,0.501436288715671,0.100865800865801,1155,0.0539303358377973,0.0543010409571054,1,0.683205629116529
Chr21_110674478,21,110674478,0.501563643295563,0.0281385281385281,1155,0.0539303358377973,0.0543008202922107,1,-1.32645978932007
Chr19_171320428,19,171320428,0.501772004058029,0.0238095238095238,1155,0.0539303358377973,0.0543004594750892,1,1.38783645636558
Chr12_281889133,12,281889133,0.501820178879965,0.331168831168831,1155,0.0539303358377973,0.0543003760873498,1,-0.542497487833856
Chr08_224988008,8,224988008,0.501874006764795,0.470995670995671,1155,0.0539303358377973,0.0543002829306279,1,0.993966254322913
Chr13_30704002,13,30704002,0.502029457637972,0.194372294372294,1155,0.0539303358377973,0.0543000139965819,1,-0.582643581179752
Chr12_42121993,12,42121993,0.502037911719979,0.0164502164502165,1155,0.0539303358377973,0.0542999993748696,1,-1.40456066852295
Chr21_116998723,21,116998723,0.502051610574269,0.489177489177489,1155,0.0539303358377973,0.0542999756829806,1,-1.23702302519951
Chr01_367142736,1,367142736,0.502161447134505,0.3004329004329,1155,0.0539303358377973,0.0542997857627059,1,0.55408670524173
Chr09_423005386,9,423005386,0.502260008756564,0.403463203463203,1155,0.0539303358377973,0.0542996153983907,1,0.444644396951389
Chr02_173618678,2,173618678,0.502318523704129,0.0264069264069264,1155,0.0539303358377973,0.0542995142819388,1,1.34684428812344
Chr05_70521335,5,70521335,0.502329896856696,0.0428571428571429,1155,0.0539303358377973,0.0542994946309502,1,1.01092564734603
Chr01_85931564,1,85931564,0.502384714139287,0.0229437229437229,1155,0.0539303358377973,0.0542993999261064,1,-1.35796351900937
Chr02_126130075,2,126130075,0.502391684463806,0.178787878787879,1155,0.0539303358377973,0.0542993878851173,1,0.565774120314899
Chr08_54396717,8,54396717,0.502594290537847,0.0484848484848485,1155,0.0539303358377973,0.0542990380147569,1,0.970228539740958
Chr03_443505973,3,443505973,0.50273069686472,0.0554112554112554,1155,0.0539303358377973,0.0542988025969406,1,0.948231924953049
Chr15_458681845,15,458681845,0.502778032970155,0.0770562770562771,1155,0.0539303358377973,0.0542987209270641,1,0.841968714476877
Chr08_205939123,8,205939123,0.502964227009922,0.3,1155,0.0539303358377973,0.0542983998102583,1,-0.519521884863934
Chr20_89199512,20,89199512,0.502993844910044,0.494805194805195,1155,0.0539303358377973,0.0542983487488866,1,1.81985944072994
Chr07_212551614,7,212551614,0.503117027913783,0.309090909090909,1155,0.0539303358377973,0.0542981364359917,1,-0.612829557964005
Chr19_568151844,19,568151844,0.503327647822691,0.0969696969696969,1155,0.0539303358377973,0.054297773626201,1,0.783757117477762
Chr10_170310896,10,170310896,0.503470409537178,0.0822510822510822,1155,0.0539303358377973,0.054297527855059,1,-0.783911214311729
Chr08_298326585,8,298326585,0.503697081554336,0.0783549783549784,1155,0.0539303358377973,0.0542971378728527,1,-0.812686244018892
Chr01_21527103,1,21527103,0.504081625338157,0.00995670995670996,1155,0.0539303358377973,0.0542964769629286,1,1.61990707673478
Chr06_49340484,6,49340484,0.50416575362099,0.0385281385281385,1155,0.0539303358377973,0.0542963324877949,1,1.05003067132489
Chr19_660330311,19,660330311,0.504455974029565,0.252813852813853,1155,0.0539303358377973,0.0542958344031005,1,0.562795873128181
Chr04_260997279,4,260997279,0.504563935993852,0.196536796536797,1155,0.0539303358377973,0.0542956492407817,1,0.545340082389799
Chr17_191072473,17,191072473,0.504811626863822,0.281385281385281,1155,0.0539303358377973,0.0542952246898688,1,-0.598503383065577
Chr13_378835073,13,378835073,0.504887355023591,0.407359307359307,1155,0.0539303358377973,0.0542950949603329,1,-0.419231728338389
Chr13_34942763,13,34942763,0.504900052465454,0.455844155844156,1155,0.0539303358377973,0.0542950732116684,1,-0.43559725754767
Chr18_78469939,18,78469939,0.504935190116803,0.170995670995671,1155,0.0539303358377973,0.0542950130314467,1,0.722638242088124
Chr16_95907010,16,95907010,0.505018132570031,0.152813852813853,1155,0.0539303358377973,0.0542948710044379,1,-0.663718200419567
Chr17_251444496,17,251444496,0.505096588835431,0.35974025974026,1155,0.0539303358377973,0.054294736696158,1,-0.377460783768399
Chr20_623165703,20,623165703,0.505113167977559,0.262770562770563,1155,0.0539303358377973,0.0542947083191121,1,-0.458222596409399
Chr19_466187245,19,466187245,0.505143208733365,0.417748917748918,1155,0.0539303358377973,0.0542946569050836,1,0.519803653664496
Chr09_322484027,9,322484027,0.505453824871184,0.263636363636364,1155,0.0539303358377973,0.0542941256001732,1,-0.564026983832832
Chr19_723751079,19,723751079,0.50557880939391,0.0991341991341992,1155,0.0539303358377973,0.0542939119736894,1,0.698186160455634
Chr19_595874434,19,595874434,0.505880187370192,0.0874458874458875,1155,0.0539303358377973,0.054293397223778,1,0.627703539406127
Chr19_404535131,19,404535131,0.50588641206391,0.0471861471861472,1155,0.0539303358377973,0.0542933865976236,1,0.997949777175847
Chr11_50974977,11,50974977,0.50605350825199,0.067965367965368,1155,0.0539303358377973,0.054293101432116,1,0.819432942307259
Chr07_54335477,7,54335477,0.50614520902895,0.124242424242424,1155,0.0539303358377973,0.0542929450047223,1,0.625766237651419
Chr20_8992856,20,8992856,0.506302957607021,0.0238095238095238,1155,0.0539303358377973,0.054292676023795,1,1.3517188055452
Chr13_330899050,13,330899050,0.506368959439426,0.0493506493506494,1155,0.0539303358377973,0.0542925635251752,1,-0.998417063064352
Chr07_226848315,7,226848315,0.506399228123395,0.494805194805195,1155,0.0539303358377973,0.0542925119413185,1,0.519614237867188
Chr06_528468850,6,528468850,0.506405752406966,0.0268398268398268,1155,0.0539303358377973,0.0542925008233345,1,1.36093072627524
Chr21_373626703,21,373626703,0.506459390972407,0.348051948051948,1155,0.0539303358377973,0.054292409427584,1,0.548536449491564
Chr02_272002759,2,272002759,0.506994791483342,0.0476190476190476,1155,0.0539303358377973,0.0542914980595495,1,0.993503850161275
Chr17_214480426,17,214480426,0.507158303671764,0.446320346320346,1155,0.0539303358377973,0.0542912200560542,1,-0.698559437814993
Chr19_230489382,19,230489382,0.507236146038324,0.48008658008658,1155,0.0539303358377973,0.0542910877625932,1,0.850619520232385
Chr08_286707792,8,286707792,0.50741373689371,0.0463203463203463,1155,0.0539303358377973,0.0542907860768399,1,-0.938002648858856
Chr16_399025429,16,399025429,0.507523670047444,0.0757575757575758,1155,0.0539303358377973,0.0542905994169055,1,1.02138714462737
Chr09_450543925,9,450543925,0.507555161195273,0.0510822510822511,1155,0.0539303358377973,0.0542905459596409,1,0.945771927201463
Chr21_306684245,21,306684245,0.507669294142343,0.0294372294372295,1155,0.0539303358377973,0.0542903522630277,1,-1.21298951062818
Chr15_383925996,15,383925996,0.507687300188481,0.0900432900432901,1155,0.0539303358377973,0.054290321711566,1,-0.657961923571136
Chr17_310372923,17,310372923,0.507765429505598,0.263636363636364,1155,0.0539303358377973,0.0542901891685361,1,0.57656316071774
Chr20_216523883,20,216523883,0.50785139041311,0.0515151515151515,1155,0.0539303358377973,0.0542900433801278,1,0.929850128116414
Chr07_279905219,7,279905219,0.507865174025304,0.080952380952381,1155,0.0539303358377973,0.0542900200072847,1,-0.812381829194493
Chr08_6828272,8,6828272,0.507969465875221,0.116450216450216,1155,0.0539303358377973,0.0542898431951986,1,0.588901333753896
Chr19_542868670,19,542868670,0.508256407918428,0.0233766233766234,1155,0.0539303358377973,0.0542893570481853,1,-1.05625365855531
Chr02_364673448,2,364673448,0.508280532256384,0.119047619047619,1155,0.0539303358377973,0.0542893161974629,1,-0.642356181961802
Chr16_394506608,16,394506608,0.508318770268388,0.0242424242424242,1155,0.0539303358377973,0.0542892514543305,1,-1.25980144993612
Chr06_553136496,6,553136496,0.508630317061385,0.025974025974026,1155,0.0539303358377973,0.0542887242680651,1,-1.29105433808618
Chr15_464576109,15,464576109,0.508816256369045,0.096969696969697,1155,0.0539303358377973,0.0542884098947911,1,0.730032676722004
Chr21_173884364,21,173884364,0.508936182157866,0.0696969696969697,1155,0.0539303358377973,0.0542882072377326,1,0.854355743532864
Chr02_98181891,2,98181891,0.509073506233602,0.0216450216450216,1155,0.0539303358377973,0.0542879752813148,1,-1.33977460028105
Chr15_589767939,15,589767939,0.509193830926944,0.0242424242424242,1155,0.0539303358377973,0.0542877721276198,1,1.32634518920864
Chr06_406435590,6,406435590,0.509443474050819,0.424675324675325,1155,0.0539303358377973,0.0542873508997167,1,0.496825249849735
Chr01_361950564,1,361950564,0.50958842889881,0.200865800865801,1155,0.0539303358377973,0.0542871064780654,1,0.435559348860181
Chr17_27295624,17,27295624,0.510042964436292,0.438095238095238,1155,0.0539303358377973,0.0542863408226461,1,-0.361362540792186
Chr12_32373984,12,32373984,0.510109695979268,0.0359307359307359,1155,0.0539303358377973,0.054286228514102,1,0.879879315525528
Chr13_346703967,13,346703967,0.51035085468759,0.048051948051948,1155,0.0539303358377973,0.0542858228581244,1,0.976885144952121
Chr15_515208826,15,515208826,0.510567679600106,0.0502164502164502,1155,0.0539303358377973,0.0542854584174215,1,0.935904876240585
Chr04_189130555,4,189130555,0.51058837675274,0.0203463203463203,1155,0.0539303358377973,0.0542854236435225,1,-1.35206226067274
Chr21_47662158,21,47662158,0.510625968737171,0.18008658008658,1155,0.0539303358377973,0.0542853604903553,1,0.602039803992852
Chr20_465233640,20,465233640,0.510675085842072,0.0445887445887446,1155,0.0539303358377973,0.054285277987537,1,0.939007401462717
Chr13_104210631,13,104210631,0.510721460668305,0.307792207792208,1155,0.0539303358377973,0.0542852001035787,1,-0.433792686631847
Chr21_112776829,21,112776829,0.510885695714628,0.0454545454545455,1155,0.0539303358377973,0.0542849243783634,1,0.989085095119151
Chr07_444459725,7,444459725,0.511456214917367,0.0233766233766234,1155,0.0539303358377973,0.0542839677572013,1,1.32023452260211
Chr15_452507860,15,452507860,0.511788864708284,0.386580086580087,1155,0.0539303358377973,0.0542834108383057,1,-0.650979381903085
Chr21_351414745,21,351414745,0.51191942827419,0.0779220779220779,1155,0.0539303358377973,0.0542831924217092,1,0.798608919939369
Chr02_338998166,2,338998166,0.512495461235794,0.0727272727272727,1155,0.0539303358377973,0.0542822299436908,1,0.809938758600865
Chr17_264115920,17,264115920,0.512749092641845,0.125541125541126,1155,0.0539303358377973,0.054281806753445,1,0.617509944718933
Chr20_73609590,20,73609590,0.512763641387094,0.333766233766234,1155,0.0539303358377973,0.0542817824895403,1,-0.442086880220586
Chr14_377447788,14,377447788,0.512841121152372,0.0281385281385281,1155,0.0539303358377973,0.0542816532915605,1,-1.25124673509113
Chr21_232401861,21,232401861,0.512889241364245,0.0471861471861472,1155,0.0539303358377973,0.0542815730678969,1,0.978374865258843
Chr10_470177455,10,470177455,0.513001341682917,0.0787878787878787,1155,0.0539303358377973,0.0542813862304803,1,0.994832545550253
Chr13_332229340,13,332229340,0.513067342655466,0.288744588744589,1155,0.0539303358377973,0.0542812762599736,1,0.540603233035654
Chr12_325496262,12,325496262,0.513190920054371,0.051948051948052,1155,0.0539303358377973,0.0542810704220557,1,0.933649775878308
Chr21_29216648,21,29216648,0.513212792404249,0.0757575757575758,1155,0.0539303358377973,0.0542810339991429,1,0.790992010227683
Chr15_465298258,15,465298258,0.513283409583317,0.0922077922077922,1155,0.0539303358377973,0.0542809164223708,1,-0.704619101110012
Chr08_85223293,8,85223293,0.513454474690834,0.452380952380952,1155,0.0539303358377973,0.0542806317176383,1,-0.447920426546858
Chr16_144466632,16,144466632,0.513505417228235,0.0748917748917749,1155,0.0539303358377973,0.0542805469655548,1,-0.756223119123632
Chr15_482756073,15,482756073,0.513662401615346,0.12987012987013,1155,0.0539303358377973,0.0542802858857927,1,0.72159818836144
Chr11_125898784,11,125898784,0.513760571049432,0.00735930735930736,1155,0.0539303358377973,0.0542801226914108,1,-1.81827554271302
Chr01_402121415,1,402121415,0.514000353990268,0.268398268398268,1155,0.0539303358377973,0.0542797243105867,1,0.545708095871987
Chr16_252739162,16,252739162,0.514080962053176,0.0212121212121212,1155,0.0539303358377973,0.054279590459236,1,1.3499069660367
Chr18_51780284,18,51780284,0.514214011168105,0.0424242424242424,1155,0.0539303358377973,0.0542793696084263,1,-0.996310844543927
Chr02_85567604,2,85567604,0.514312363020284,0.0233766233766234,1155,0.0539303358377973,0.0542792064162976,1,-1.30385291200692
Chr18_110259445,18,110259445,0.51435927329167,0.0246753246753247,1155,0.0539303358377973,0.0542791285987253,1,1.32464120231785
Chr18_145245154,18,145245154,0.51435927329167,0.0246753246753247,1155,0.0539303358377973,0.0542791285987253,1,1.32464120231785
Chr18_284927806,18,284927806,0.51435927329167,0.0246753246753247,1155,0.0539303358377973,0.0542791285987253,1,1.32464120231785
Chr04_209876751,4,209876751,0.514526931675543,0.127705627705628,1155,0.0539303358377973,0.0542788505780745,1,0.516334406627948
Chr13_360908146,13,360908146,0.514559760067048,0.403463203463203,1155,0.0539303358377973,0.0542787961586667,1,-0.394824251124078
Chr06_540323783,6,540323783,0.514672584098356,0.0225108225108225,1155,0.0539303358377973,0.0542786091771843,1,1.26194743123155
Chr20_568849699,20,568849699,0.514685137204962,0.0285714285714286,1155,0.0539303358377973,0.0542785883775381,1,1.21369173605295
Chr05_370712183,5,370712183,0.514751440976621,0.054978354978355,1155,0.0539303358377973,0.0542784785313808,1,-0.815322047030918
Chr03_5397188,3,5397188,0.51486420235941,0.429437229437229,1155,0.0539303358377973,0.054278291775094,1,0.469500602162384
Chr08_55521658,8,55521658,0.5150573005234,0.233766233766234,1155,0.0539303358377973,0.0542779721301481,1,-0.563637125891319
Chr06_308044432,6,308044432,0.515185172636756,0.0506493506493507,1155,0.0539303358377973,0.0542777605722375,1,0.947932727821851
Chr03_36920108,3,36920108,0.515247298816476,0.0281385281385281,1155,0.0539303358377973,0.0542776578207266,1,1.27977767823771
Chr13_8905731,13,8905731,0.515248867523616,0.478354978354978,1155,0.0539303358377973,0.0542776552264956,1,0.452368788733793
Chr16_172666189,16,172666189,0.515447989531964,0.424675324675325,1155,0.0539303358377973,0.0542773260428664,1,0.415902729648849
Chr20_647524338,20,647524338,0.515709244620018,0.0272727272727273,1155,0.0539303358377973,0.054276894479221,1,1.28605379748549
Chr19_661055184,19,661055184,0.515723346555861,0.437662337662338,1155,0.0539303358377973,0.0542768711952979,1,-0.717144093220895
Chr17_280606873,17,280606873,0.515807214371618,0.426839826839827,1155,0.0539303358377973,0.0542767327428562,1,-0.403567937726194
Chr20_437996283,20,437996283,0.515962431442429,0.0463203463203463,1155,0.0539303358377973,0.054276476607936,1,0.911443588138809
Chr21_392496466,21,392496466,0.515965036334136,0.132467532467533,1155,0.0539303358377973,0.054276472310566,1,-0.552619596085265
Chr14_268010722,14,268010722,0.516247733265891,0.0744588744588745,1155,0.0539303358377973,0.0542760061621148,1,-0.802475401149394
Chr11_23623556,11,23623556,0.516370437871085,0.118181818181818,1155,0.0539303358377973,0.0542758039693565,1,-0.71307568953813
Chr05_193628389,5,193628389,0.516646735057929,0.172727272727273,1155,0.0539303358377973,0.0542753489943612,1,0.561464091275724
Chr02_422707578,2,422707578,0.516676219766388,0.0476190476190476,1155,0.0539303358377973,0.0542753004674323,1,-0.945633517196143
Chr18_503808786,18,503808786,0.516792694623442,0.0515151515151515,1155,0.0539303358377973,0.0542751088165887,1,-1.53255509495801
Chr15_21621803,15,21621803,0.516841385712083,0.038961038961039,1155,0.0539303358377973,0.0542750287213957,1,0.999851632327506
Chr21_47252081,21,47252081,0.516843488970654,0.0497835497835498,1155,0.0539303358377973,0.0542750252619051,1,0.98632586013764
Chr09_90899338,9,90899338,0.516867212945435,0.0961038961038961,1155,0.0539303358377973,0.0542749862418358,1,0.692009569577692
Chr02_383923716,2,383923716,0.517153525972652,0.110822510822511,1155,0.0539303358377973,0.0542745155751018,1,0.850848533090897
Chr19_562196167,19,562196167,0.517173891039884,0.0181818181818182,1155,0.0539303358377973,0.0542744821145972,1,-1.35860148560337
Chr15_51442894,15,51442894,0.517226956542458,0.0653679653679654,1155,0.0539303358377973,0.0542743949370013,1,-0.849947949552643
Chr19_171320244,19,171320244,0.517302938317367,0.0844155844155844,1155,0.0539303358377973,0.0542742701391639,1,0.71464059169368
Chr03_443514001,3,443514001,0.517399877516373,0.325974025974026,1155,0.0539303358377973,0.0542741109660311,1,0.535783540962228
Chr16_390091742,16,390091742,0.517554631604722,0.0640692640692641,1155,0.0539303358377973,0.0542738569698278,1,-0.951862453926736
Chr16_99315956,16,99315956,0.517608434526199,0.216450216450216,1155,0.0539303358377973,0.0542737686948859,1,-0.519455655176046
Chr20_358747471,20,358747471,0.517639621383802,0.320779220779221,1155,0.0539303358377973,0.0542737175336928,1,-0.47715071923227
Chr03_338812271,3,338812271,0.517753928180785,0.148484848484848,1155,0.0539303358377973,0.0542735300627341,1,0.617102454180753
Chr03_480546250,3,480546250,0.517781217687706,0.0341991341991342,1155,0.0539303358377973,0.0542734853168174,1,-1.14917650923371
Chr14_377004439,14,377004439,0.517928140031811,0.0225108225108225,1155,0.0539303358377973,0.0542732444830665,1,-1.27351258674558
Chr16_290433347,16,290433347,0.518116081011204,0.0774891774891775,1155,0.0539303358377973,0.0542729365867279,1,0.768522918478226
Chr08_287227944,8,287227944,0.518116722880842,0.0454545454545455,1155,0.0539303358377973,0.0542729355355148,1,0.948209429563988
Chr09_303083203,9,303083203,0.518194370543714,0.074025974025974,1155,0.0539303358377973,0.0542728083859131,1,0.855964789112477
Chr05_434141578,5,434141578,0.518263342181204,0.380952380952381,1155,0.0539303358377973,0.0542726954715413,1,0.538006313122708
Chr13_233198529,13,233198529,0.518375122610904,0.00865800865800866,1155,0.0539303358377973,0.0542725125303797,1,-1.77557970539156
Chr16_21870954,16,21870954,0.51842519785885,0.0212121212121212,1155,0.0539303358377973,0.0542724305991201,1,1.10603629177513
Chr03_203252392,3,203252392,0.518562563443655,0.337229437229437,1155,0.0539303358377973,0.0542722059180364,1,0.501628309367248
Chr20_537657357,20,537657357,0.518586072864789,0.0264069264069264,1155,0.0539303358377973,0.0542721674754917,1,1.32801845132423
Chr15_347412484,15,347412484,0.518949797521527,0.324242424242424,1155,0.0539303358377973,0.0542715731040707,1,-0.516443366407344
Chr02_126596867,2,126596867,0.519029894025099,0.0493506493506494,1155,0.0539303358377973,0.0542714423148196,1,-0.925349797456761
Chr10_56176003,10,56176003,0.519140581393892,0.164069264069264,1155,0.0539303358377973,0.0542712616323004,1,0.55813640669416
Chr03_454969215,3,454969215,0.519183300559689,0.00562770562770563,1155,0.0539303358377973,0.0542711919170276,1,-2.04605539720812
Chr20_673255706,20,673255706,0.519402558302074,0.27965367965368,1155,0.0539303358377973,0.0542708342595637,1,-0.572613475462902
Chr20_663493415,20,663493415,0.519453032334287,0.264935064935065,1155,0.0539303358377973,0.0542707519629771,1,-0.473518525192702
Chr09_217448929,9,217448929,0.519569689184468,0.0346320346320347,1155,0.0539303358377973,0.0542705618109045,1,-0.868382108216792
Chr14_436921994,14,436921994,0.519617480706378,0.182683982683983,1155,0.0539303358377973,0.0542704839318559,1,-0.500777996131234
Chr12_318460598,12,318460598,0.519660403908086,0.0238095238095238,1155,0.0539303358377973,0.0542704139967716,1,-1.31027844987752
Chr10_25830425,10,25830425,0.519895049237596,0.108225108225108,1155,0.0539303358377973,0.054270031867207,1,0.6643487238658
Chr15_158935699,15,158935699,0.520006755023892,0.0255411255411255,1155,0.0539303358377973,0.0542698500564927,1,1.35509336957182
Chr19_522401033,19,522401033,0.520315754004146,0.309090909090909,1155,0.0539303358377973,0.054269347492673,1,-0.477840931728934
Chr02_5920484,2,5920484,0.520391907947382,0.195670995670996,1155,0.0539303358377973,0.0542692237147806,1,-0.537082495454342
Chr15_382545315,15,382545315,0.52057075655902,0.479220779220779,1155,0.0539303358377973,0.054268933146252,1,-0.457695674948468
Chr20_413680444,20,413680444,0.520653625805491,0.0515151515151515,1155,0.0539303358377973,0.0542687985714483,1,0.961478639793484
Chr21_41043111,21,41043111,0.520693469919814,0.0774891774891775,1155,0.0539303358377973,0.0542687338803948,1,-0.816386206155585
Chr19_231908221,19,231908221,0.520695162582478,0.0948051948051948,1155,0.0539303358377973,0.0542687311323751,1,-0.872590710755333
Chr11_28563741,11,28563741,0.520757320140786,0.0199134199134199,1155,0.0539303358377973,0.0542686302311526,1,1.3315611965007
Chr15_418040615,15,418040615,0.520836865261908,0.0294372294372295,1155,0.0539303358377973,0.0542685011354639,1,-1.22043094057472
Chr08_403363712,8,403363712,0.520856103604883,0.44025974025974,1155,0.0539303358377973,0.054268469918321,1,-0.361459075851656
Chr19_54210308,19,54210308,0.520925381562853,0.0246753246753247,1155,0.0539303358377973,0.054268357521142,1,-1.29233200243971
Chr14_286598898,14,286598898,0.521173507050562,0.285281385281385,1155,0.0539303358377973,0.0542679551766004,1,0.565034483943094
Chr13_282565097,13,282565097,0.521332333721382,0.494805194805195,1155,0.0539303358377973,0.0542676978109196,1,-1.7437797630173
Chr04_199514138,4,199514138,0.521339178815805,0.0246753246753247,1155,0.0539303358377973,0.0542676867221135,1,1.26367976741885
Chr14_417362427,14,417362427,0.521503257679266,0.0692640692640693,1155,0.0539303358377973,0.0542674209973046,1,0.90276292419648
Chr06_347997496,6,347997496,0.5217036948109,0.402597402597403,1155,0.0539303358377973,0.0542670965909476,1,-0.42158564609349
Chr21_226813551,21,226813551,0.521762996420557,0.297835497835498,1155,0.0539303358377973,0.0542670006538718,1,-0.43329822214028
Chr02_91047057,2,91047057,0.521778496914655,0.435497835497835,1155,0.0539303358377973,0.0542669755806305,1,-0.329901489388874
Chr16_40443178,16,40443178,0.521883520302966,0.0264069264069264,1155,0.0539303358377973,0.0542668057319187,1,-1.20012242202256
Chr20_488060898,20,488060898,0.521913879786183,0.453246753246753,1155,0.0539303358377973,0.0542667566444123,1,0.35029358019699
Chr02_86701993,2,86701993,0.522382322499891,0.0956709956709957,1155,0.0539303358377973,0.0542659998707774,1,0.728951645864043
Chr02_221407210,2,221407210,0.522510799927701,0.0718614718614719,1155,0.0539303358377973,0.0542657925241655,1,0.992182995398593
Chr01_33731455,1,33731455,0.52255245601205,0.126839826839827,1155,0.0539303358377973,0.0542657253158007,1,0.670511638522328
Chr19_533009442,19,533009442,0.522676576566174,0.0753246753246753,1155,0.0539303358377973,0.0542655251146454,1,-0.784545629165038
Chr05_396990325,5,396990325,0.522802491912214,0.0255411255411255,1155,0.0539303358377973,0.0542653221046142,1,1.21143648476433
Chr21_43573217,21,43573217,0.522830078510102,0.0203463203463203,1155,0.0539303358377973,0.0542652776390309,1,-1.41020393432001
Chr10_350756242,10,350756242,0.5231386543872,0.187878787878788,1155,0.0539303358377973,0.0542647805428608,1,0.667753022449403
Chr07_166053792,7,166053792,0.52316047541256,0.051948051948052,1155,0.0539303358377973,0.0542647454102517,1,0.980903746377237
Chr16_326253169,16,326253169,0.523193742539446,0.466666666666667,1155,0.0539303358377973,0.0542646918540266,1,-0.404726826228227
Chr09_190101133,9,190101133,0.523266485771044,0.125108225108225,1155,0.0539303358377973,0.0542645747668692,1,0.66164606960092
Chr20_427687978,20,427687978,0.523277687803368,0.172727272727273,1155,0.0539303358377973,0.0542645567386978,1,-0.517230083334766
Chr16_228349409,16,228349409,0.523349900213855,0.306060606060606,1155,0.0539303358377973,0.0542644405389141,1,-0.507625948730777
Chr13_325158831,13,325158831,0.52375757155184,0.297402597402597,1155,0.0539303358377973,0.0542637850724577,1,-0.500964086639414
Chr15_465359791,15,465359791,0.523798057136835,0.235930735930736,1155,0.0539303358377973,0.0542637200279247,1,-0.438654613350991
Chr07_103905315,7,103905315,0.523886132867495,0.0463203463203463,1155,0.0539303358377973,0.0542635785554264,1,0.977116054015895
Chr11_211672806,11,211672806,0.523887236382915,0.259307359307359,1155,0.0539303358377973,0.0542635767831595,1,0.537391751236555
Chr08_320499936,8,320499936,0.524100125548711,0.070995670995671,1155,0.0539303358377973,0.0542632350035277,1,-0.787795488020876
Chr13_222091178,13,222091178,0.52414631222462,0.183116883116883,1155,0.0539303358377973,0.0542631608863928,1,0.574982155315183
Chr20_203788825,20,203788825,0.524328879590811,0.191774891774892,1155,0.0539303358377973,0.0542628680286678,1,-0.509449692251565
Chr13_39144171,13,39144171,0.52442407390368,0.0463203463203463,1155,0.0539303358377973,0.0542627153986031,1,-0.749641348784962
Chr21_124886711,21,124886711,0.524472318472819,0.0281385281385281,1155,0.0539303358377973,0.0542626380643432,1,-1.25644310123903
Chr05_337279420,5,337279420,0.524519052164825,0.0800865800865801,1155,0.0539303358377973,0.0542625631640202,1,0.858798251893433
Chr20_127273652,20,127273652,0.524529315794839,0.263636363636364,1155,0.0539303358377973,0.0542625467160388,1,-0.498934376244478
Chr09_111605309,9,111605309,0.52454215871902,0.497402597402597,1155,0.0539303358377973,0.0542625261354153,1,-1.94822595711412
Chr07_462735770,7,462735770,0.52471754749544,0.074025974025974,1155,0.0539303358377973,0.0542622451667601,1,0.774055524134639
Chr07_507730307,7,507730307,0.524927597497517,0.0826839826839827,1155,0.0539303358377973,0.0542619088913947,1,-0.663997326851359
Chr17_304123720,17,304123720,0.524979580842667,0.322077922077922,1155,0.0539303358377973,0.0542618257066489,1,0.467815063167336
Chr02_143647192,2,143647192,0.525133909630705,0.0497835497835498,1155,0.0539303358377973,0.054261578833101,1,-0.957971534735719
Chr09_385700312,9,385700312,0.525199407640405,0.49004329004329,1155,0.0539303358377973,0.0542614740976041,1,-0.448475258441135
Chr17_4029971,17,4029971,0.525547657491876,0.0943722943722943,1155,0.0539303358377973,0.0542609176142268,1,0.688070794892838
Chr19_215827332,19,215827332,0.525589487399305,0.131601731601732,1155,0.0539303358377973,0.0542608508166081,1,0.639874478762124
Chr02_143605755,2,143605755,0.525622376598597,0.0909090909090909,1155,0.0539303358377973,0.054260798302935,1,0.72476949553598
Chr04_3695205,4,3695205,0.525635132847458,0.0264069264069264,1155,0.0539303358377973,0.0542607779368062,1,-1.26041941863575
Chr05_367108250,5,367108250,0.525641685600749,0.477922077922078,1155,0.0539303358377973,0.0542607674752795,1,-0.376846646807309
Chr14_25501841,14,25501841,0.525722733517102,0.402164502164502,1155,0.0539303358377973,0.0542606381007913,1,0.3175175772476
Chr04_40447298,4,40447298,0.525739944354427,0.336363636363636,1155,0.0539303358377973,0.0542606106321956,1,0.529576719267538
Chr04_245972267,4,245972267,0.525814217671807,0.489177489177489,1155,0.0539303358377973,0.0542604921099316,1,-0.304825378657242
Chr02_54833562,2,54833562,0.525828981502617,0.197402597402597,1155,0.0539303358377973,0.0542604685539834,1,-0.531165196008374
Chr09_169406164,9,169406164,0.525961580021363,0.302164502164502,1155,0.0539303358377973,0.054260257043562,1,0.547692334261114
Chr13_73044374,13,73044374,0.526099386116277,0.42987012987013,1155,0.0539303358377973,0.0542600373271653,1,-0.414090941892198
Chr13_304410718,13,304410718,0.526150889394658,0.151515151515151,1155,0.0539303358377973,0.0542599552372954,1,-0.627302024737219
Chr03_465828651,3,465828651,0.526199932369367,0.422077922077922,1155,0.0539303358377973,0.0542598770821699,1,0.315516093915718
Chr13_34031251,13,34031251,0.526531960826862,0.125974025974026,1155,0.0539303358377973,0.0542593483016212,1,-0.588511630013841
Chr19_722142341,19,722142341,0.526729087824646,0.403896103896104,1155,0.0539303358377973,0.0542590346433705,1,0.419358069152025
Chr07_302510013,7,302510013,0.526792340848909,0.282683982683983,1155,0.0539303358377973,0.0542589340428558,1,-0.5144483172067
Chr09_58924703,9,58924703,0.526829744610323,0.0493506493506494,1155,0.0539303358377973,0.0542588745643408,1,0.920865552707312
Chr05_367425481,5,367425481,0.526910459437938,0.144155844155844,1155,0.0539303358377973,0.0542587462393672,1,0.61837377692504
Chr20_174499953,20,174499953,0.527014408395422,0.460606060606061,1155,0.0539303358377973,0.0542585810271888,1,-0.357605995208587
Chr07_470768494,7,470768494,0.527033106119791,0.439393939393939,1155,0.0539303358377973,0.0542585513159765,1,0.383269886097281
Chr01_241357285,1,241357285,0.527136787030511,0.0515151515151515,1155,0.0539303358377973,0.0542583865982509,1,0.945889756589679
Chr19_560999222,19,560999222,0.527292733644195,0.0757575757575758,1155,0.0539303358377973,0.0542581389550809,1,0.751043828626962
Chr15_492385139,15,492385139,0.527374427163986,0.038961038961039,1155,0.0539303358377973,0.0542580092780496,1,-0.850350055397428
Chr06_562692359,6,562692359,0.527383320752762,0.441125541125541,1155,0.0539303358377973,0.0542579951628903,1,-0.624946625997609
Chr10_130000980,10,130000980,0.527401874130463,0.0108225108225108,1155,0.0539303358377973,0.0542579657178911,1,1.49809392253692
Chr19_93889809,19,93889809,0.527625997972137,0.345454545454545,1155,0.0539303358377973,0.0542576101701168,1,-0.56187982177255
Chr18_550223588,18,550223588,0.527779838132305,0.0714285714285714,1155,0.0539303358377973,0.0542573662759815,1,-0.77111836314603
Chr20_279923575,20,279923575,0.527816982496821,0.0515151515151515,1155,0.0539303358377973,0.0542573074073477,1,-0.952464017368726
Chr08_218225605,8,218225605,0.528023454678073,0.0251082251082251,1155,0.0539303358377973,0.0542569803128625,1,1.24887394853783
Chr09_362796664,9,362796664,0.52828255101575,0.458874458874459,1155,0.0539303358377973,0.0542565701746881,1,0.41383753062803
Chr02_346056097,2,346056097,0.528342633387921,0.188311688311688,1155,0.0539303358377973,0.0542564751183734,1,0.388666656408517
Chr21_408892597,21,408892597,0.528360854936879,0.422510822510823,1155,0.0539303358377973,0.054256446293888,1,0.392051483419493
Chr05_376415287,5,376415287,0.528501095977205,0.437662337662338,1155,0.0539303358377973,0.0542562245075882,1,-0.387317315874185
Chr07_392480034,7,392480034,0.528623343419098,0.165367965367965,1155,0.0539303358377973,0.0542560312635466,1,-0.717475443992271
Chr07_373375798,7,373375798,0.528626478368156,0.0506493506493507,1155,0.0539303358377973,0.0542560263089923,1,0.932817332512471
Chr17_100586427,17,100586427,0.528675045228086,0.490909090909091,1155,0.0539303358377973,0.0542559495594206,1,0.75633572087736
Chr15_138804200,15,138804200,0.528681485849942,0.278787878787879,1155,0.0539303358377973,0.0542559393823377,1,-0.629539931784961
Chr21_101917808,21,101917808,0.528914159518177,0.0125541125541126,1155,0.0539303358377973,0.0542555718744729,1,-1.52253545405438
Chr19_29877871,19,29877871,0.528987265435189,0.475324675324675,1155,0.0539303358377973,0.054255456463584,1,-0.980902497957686
Chr02_300676249,2,300676249,0.529269694307672,0.0225108225108225,1155,0.0539303358377973,0.0542550108672774,1,1.30132630464568
Chr19_620703474,19,620703474,0.529325133531356,0.279220779220779,1155,0.0539303358377973,0.0542549234492862,1,0.491575620565811
Chr10_386248329,10,386248329,0.529338415430133,0.304329004329004,1155,0.0539303358377973,0.0542549025084819,1,0.589855046974378
Chr16_241446155,16,241446155,0.529363351255477,0.24978354978355,1155,0.0539303358377973,0.0542548631961589,1,-0.607947278053416
Chr07_166796241,7,166796241,0.529406417364615,0.445887445887446,1155,0.0539303358377973,0.0542547953085487,1,0.552091814903349
Chr02_148289979,2,148289979,0.529792908375111,0.029004329004329,1155,0.0539303358377973,0.0542541865038132,1,-1.21523827116609
Chr18_340427470,18,340427470,0.530144688694834,0.0432900432900433,1155,0.0539303358377973,0.0542536330689195,1,0.938650695830731
Chr12_110485935,12,110485935,0.530361008688853,0.168831168831169,1155,0.0539303358377973,0.0542532930733052,1,-0.715150843045421
Chr20_332164287,20,332164287,0.530524283229957,0.0545454545454545,1155,0.0539303358377973,0.0542530366156931,1,0.91176999380761
Chr02_58559587,2,58559587,0.530537619439612,0.223809523809524,1155,0.0539303358377973,0.0542530156745923,1,0.502902793536464
Chr12_403361389,12,403361389,0.530639891691807,0.423376623376623,1155,0.0539303358377973,0.0542528551137121,1,-0.362543165371079
Chr03_257750499,3,257750499,0.530893493531136,0.473160173160173,1155,0.0539303358377973,0.054252457215238,1,0.428479975628477
Chr14_517969978,14,517969978,0.530931972038999,0.0887445887445888,1155,0.0539303358377973,0.0542523968727807,1,-0.941350486930276
Chr02_178340705,2,178340705,0.530998855304149,0.440692640692641,1155,0.0539303358377973,0.0542522920043812,1,0.391356596493182
Chr04_101007941,4,101007941,0.531006444998842,0.487012987012987,1155,0.0539303358377973,0.0542522801057609,1,1.2433115229951
Chr13_312132642,13,312132642,0.531117466553398,0.0480519480519481,1155,0.0539303358377973,0.0542521060885153,1,-0.938021968196836
Chr04_92840138,4,92840138,0.531209051239109,0.233333333333333,1155,0.0539303358377973,0.0542519625862911,1,-0.592133849587981
Chr20_49463927,20,49463927,0.531418323403929,0.46969696969697,1155,0.0539303358377973,0.0542516348491335,1,0.859481828310891
Chr16_251503131,16,251503131,0.531560143770003,0.227272727272727,1155,0.0539303358377973,0.0542514128791532,1,0.540302265624405
Chr11_51587854,11,51587854,0.53156375844333,0.471861471861472,1155,0.0539303358377973,0.0542514072230471,1,-1.17224395686026
Chr04_180437404,4,180437404,0.531605590609893,0.0497835497835498,1155,0.0539303358377973,0.0542513417706696,1,-0.906512537664412
Chr18_509392541,18,509392541,0.531720417367856,0.233333333333333,1155,0.0539303358377973,0.0542511621555924,1,-0.509967669080424
Chr16_51600046,16,51600046,0.531866928811293,0.0445887445887446,1155,0.0539303358377973,0.0542509330800308,1,-0.934806224745572
Chr19_446863806,19,446863806,0.531932962342043,0.292207792207792,1155,0.0539303358377973,0.0542508298715958,1,-0.578371861387325
Chr05_291950252,5,291950252,0.531957559558278,0.264502164502165,1155,0.0539303358377973,0.0542507914327905,1,0.48775916027509
Chr16_56778687,16,56778687,0.532283305775252,0.297835497835498,1155,0.0539303358377973,0.054250282681776,1,-0.469343656381909
Chr03_138198686,3,138198686,0.532294642338217,0.363636363636364,1155,0.0539303358377973,0.0542502649864302,1,0.444748788608564
Chr20_193461577,20,193461577,0.532312406985016,0.0437229437229437,1155,0.0539303358377973,0.0542502372588003,1,0.952043312096066
Chr20_282870939,20,282870939,0.532426551350185,0.385281385281385,1155,0.0539303358377973,0.0542500591384635,1,-0.45648141932972
Chr13_263780913,13,263780913,0.532685473917677,0.029004329004329,1155,0.0539303358377973,0.0542496553497648,1,1.12130373030459
Chr08_221426140,8,221426140,0.532726620478572,0.070995670995671,1155,0.0539303358377973,0.05424959121452,1,0.765784885336501
Chr14_360172599,14,360172599,0.532853680391513,0.453246753246753,1155,0.0539303358377973,0.0542493932224131,1,0.431572390387885
Chr16_320552165,16,320552165,0.532933110998054,0.277489177489178,1155,0.0539303358377973,0.0542492694923864,1,0.445533984957279
Chr10_400259255,10,400259255,0.532988904296879,0.103463203463203,1155,0.0539303358377973,0.054249182602414,1,-0.65078326673256
Chr20_435350324,20,435350324,0.53335906618036,0.0281385281385281,1155,0.0539303358377973,0.0542486065452497,1,-1.21871346860007
Chr16_168301442,16,168301442,0.533512758513717,0.138095238095238,1155,0.0539303358377973,0.0542483675770133,1,-0.628320323584234
Chr07_302509525,7,302509525,0.533586613979929,0.0242424242424242,1155,0.0539303358377973,0.0542482527872967,1,-1.25914535465554
Chr02_68696339,2,68696339,0.533606719678883,0.227705627705628,1155,0.0539303358377973,0.05424822154303,1,-0.509135571736635
Chr07_463123861,7,463123861,0.53362297141794,0.0476190476190476,1155,0.0539303358377973,0.0542481962893788,1,0.884209167332244
Chr20_438403191,20,438403191,0.533946870297782,0.0922077922077922,1155,0.0539303358377973,0.0542476932717099,1,-0.641300293627879
Chr17_136926341,17,136926341,0.534120326282807,0.274891774891775,1155,0.0539303358377973,0.0542474241202938,1,0.521932385886601
Chr06_178377592,6,178377592,0.534256943107439,0.336796536796537,1155,0.0539303358377973,0.0542472122436262,1,0.468347970237915
Chr16_51763045,16,51763045,0.534395978868105,0.0406926406926407,1155,0.0539303358377973,0.0542469967162782,1,-0.958715712498545
Chr13_243391946,13,243391946,0.534744322455252,0.362337662337662,1155,0.0539303358377973,0.0542464571750491,1,-0.37792187148105
Chr07_69365283,7,69365283,0.534813542860951,0.422510822510823,1155,0.0539303358377973,0.0542463500371103,1,0.498038157912902
Chr19_524721724,19,524721724,0.535061485533976,0.166666666666667,1155,0.0539303358377973,0.0542459664829,1,-0.570134507913622
Chr14_304019842,14,304019842,0.535184030382466,0.025974025974026,1155,0.0539303358377973,0.0542457770316163,1,1.00043202974393
Chr19_97033799,19,97033799,0.535251725258475,0.0562770562770563,1155,0.0539303358377973,0.0542456724107953,1,-0.7483827825437
Chr03_15328816,3,15328816,0.535635913247424,0.0515151515151515,1155,0.0539303358377973,0.0542450791124094,1,0.882795568342814
Chr21_31116925,21,31116925,0.535728495279298,0.0515151515151515,1155,0.0539303358377973,0.0542449362543486,1,-0.899289807114656
Chr10_458839838,10,458839838,0.535789048804572,0.0575757575757576,1155,0.0539303358377973,0.0542448428419225,1,0.752542858134731
Chr19_649769147,19,649769147,0.53584245283694,0.0675324675324675,1155,0.0539303358377973,0.0542447604745385,1,1.00261834143012
Chr08_392482726,8,392482726,0.536006860837332,0.0692640692640693,1155,0.0539303358377973,0.0542445069945525,1,-0.760722756491731
Chr14_433238924,14,433238924,0.536018230661304,0.391341991341991,1155,0.0539303358377973,0.0542444894700805,1,-0.341502516310101
Chr16_194326666,16,194326666,0.536313863383903,0.0575757575757576,1155,0.0539303358377973,0.0542440340444411,1,-0.89075043451254
Chr03_385052280,3,385052280,0.536444951788592,0.389177489177489,1155,0.0539303358377973,0.0542438322474097,1,0.472260583283742
Chr08_324291469,8,324291469,0.536534276550208,0.13982683982684,1155,0.0539303358377973,0.0542436947926074,1,-0.71294136591149
Chr17_326008448,17,326008448,0.536536193649274,0.106493506493506,1155,0.0539303358377973,0.0542436918429916,1,-0.48599750464922
Chr02_317546081,2,317546081,0.536592297077416,0.0246753246753247,1155,0.0539303358377973,0.0542436055317321,1,1.24829605636107
Chr17_41652331,17,41652331,0.536642410466466,0.0467532467532468,1155,0.0539303358377973,0.054243528449631,1,-0.894998732207313
Chr13_209571523,13,209571523,0.536995743867263,0.101298701298701,1155,0.0539303358377973,0.0542429853404355,1,0.675001651080265
Chr08_292512949,8,292512949,0.53710276125861,0.0216450216450216,1155,0.0539303358377973,0.0542428209723432,1,1.26607678916093
Chr11_17011729,11,17011729,0.537102961807662,0.143722943722944,1155,0.0539303358377973,0.0542428206643758,1,0.587920669486948
Chr01_476294500,1,476294500,0.537257440996896,0.00865800865800866,1155,0.0539303358377973,0.0542425835051034,1,1.64112995110374
Chr21_402922073,21,402922073,0.537293383659923,0.423809523809524,1155,0.0539303358377973,0.0542425283431027,1,0.408119414022792
Chr01_166353881,1,166353881,0.537382994475626,0.0203463203463203,1155,0.0539303358377973,0.0542423908446947,1,-1.29868775536809
Chr01_166131956,1,166131956,0.537412691029632,0.0229437229437229,1155,0.0539303358377973,0.0542423452876716,1,-1.27625119046999
Chr19_564034805,19,564034805,0.538148830000288,0.379220779220779,1155,0.0539303358377973,0.0542412174548819,1,-0.413110304958764
Chr16_399342181,16,399342181,0.538176838516115,0.374458874458874,1155,0.0539303358377973,0.0542411745988841,1,0.417268809247645
Chr13_292595582,13,292595582,0.53832472907838,0.482683982683983,1155,0.0539303358377973,0.0542409483782006,1,-0.334003903125421
Chr07_342437789,7,342437789,0.538599337738041,0.481385281385281,1155,0.0539303358377973,0.0542405286244114,1,-0.428607206659819
Chr03_474461321,3,474461321,0.538669716965389,0.0281385281385281,1155,0.0539303358377973,0.054240421109045,1,1.22381399157645
Chr17_15809803,17,15809803,0.538822691750204,0.103030303030303,1155,0.0539303358377973,0.0542401875045255,1,-0.762346169436569
Chr21_357173481,21,357173481,0.539077663063625,0.211255411255411,1155,0.0539303358377973,0.0542397984128334,1,0.532412213102731
Chr14_275167319,14,275167319,0.539119202015385,0.453246753246753,1155,0.0539303358377973,0.0542397350554051,1,-0.473751811237662
Chr04_262378894,4,262378894,0.539246074819715,0.438095238095238,1155,0.0539303358377973,0.0542395415975423,1,-0.532306621797488
Chr16_13393211,16,13393211,0.539270292196787,0.246320346320346,1155,0.0539303358377973,0.0542395046799348,1,0.444927163254192
Chr17_282706115,17,282706115,0.539437925671296,0.0341991341991342,1155,0.0539303358377973,0.0542392492182675,1,-0.779989814468109
Chr06_386347106,6,386347106,0.539546112258704,0.0216450216450216,1155,0.0539303358377973,0.0542390844266795,1,-1.25852069411393
Chr20_661898316,20,661898316,0.539562868702378,0.051948051948052,1155,0.0539303358377973,0.0542390589084063,1,0.854535327432473
Chr02_338749432,2,338749432,0.539575154429844,0.0744588744588745,1155,0.0539303358377973,0.0542390401994708,1,0.767036145918894
Chr21_72651066,21,72651066,0.539623419589746,0.142424242424242,1155,0.0539303358377973,0.0542389667079624,1,-0.55948573308217
Chr11_46015321,11,46015321,0.539674611276344,0.380952380952381,1155,0.0539303358377973,0.0542388887735015,1,-0.386278548086239
Chr01_424716107,1,424716107,0.539884079984415,0.0528138528138528,1155,0.0539303358377973,0.054238570018472,1,0.836658732979018
Chr15_515208822,15,515208822,0.539929967584668,0.436363636363636,1155,0.0539303358377973,0.054238500220157,1,-0.383055203108938
Chr08_13213949,8,13213949,0.539980547187989,0.270562770562771,1155,0.0539303358377973,0.0542384232975723,1,0.50803065500719
Chr11_201885082,11,201885082,0.540085929017935,0.40952380952381,1155,0.0539303358377973,0.0542382630729755,1,0.598882035558859
Chr01_94118420,1,94118420,0.540176864994917,0.0220779220779221,1155,0.0539303358377973,0.0542381248582198,1,-1.27532358744408
Chr08_127622693,8,127622693,0.540222919752889,0.0471861471861472,1155,0.0539303358377973,0.0542380548752842,1,0.882784714989896
Chr04_44585508,4,44585508,0.540247872749603,0.251082251082251,1155,0.0539303358377973,0.0542380169622977,1,-0.486973932729825
Chr20_37776607,20,37776607,0.54036448021616,0.0242424242424242,1155,0.0539303358377973,0.0542378398342834,1,-1.23170294650073
Chr21_373626698,21,373626698,0.54040117472683,0.0649350649350649,1155,0.0539303358377973,0.0542377841094279,1,-0.830260102887081
Chr03_424181387,3,424181387,0.540566915907991,0.27012987012987,1155,0.0539303358377973,0.0542375324988003,1,-0.463336541835588
Chr13_235721918,13,235721918,0.541089055063132,0.0718614718614719,1155,0.0539303358377973,0.0542367407679964,1,-0.785995826678487
Chr14_31333710,14,31333710,0.541211391274321,0.221212121212121,1155,0.0539303358377973,0.0542365554699173,1,0.536832109938587
Chr04_165224924,4,165224924,0.541233459053925,0.217748917748918,1155,0.0539303358377973,0.0542365220528758,1,-0.514783036104063
Chr20_607390100,20,607390100,0.541271030426724,0.296536796536797,1155,0.0539303358377973,0.0542364651646395,1,-0.525776892476642
Chr11_234181328,11,234181328,0.541385785180726,0.295238095238095,1155,0.0539303358377973,0.0542362914550809,1,0.501889840774993
Chr06_504860043,6,504860043,0.541746889570324,0.458441558441558,1155,0.0539303358377973,0.0542357452763083,1,-0.398064428732226
Chr13_30179455,13,30179455,0.54185761100699,0.316450216450216,1155,0.0539303358377973,0.054235577941731,1,0.553576444088094
Chr07_457538219,7,457538219,0.54205653559801,0.0212121212121212,1155,0.0539303358377973,0.0542352774627946,1,1.24297398739421
Chr08_127160601,8,127160601,0.542137274976441,0.223376623376623,1155,0.0539303358377973,0.0542351555625326,1,0.45023267164251
Chr20_2782412,20,2782412,0.542169854475497,0.175757575757576,1155,0.0539303358377973,0.0542351063834925,1,0.669351748910088
Chr06_484526131,6,484526131,0.542564486967816,0.0303030303030303,1155,0.0539303358377973,0.0542345111144026,1,-1.19721590427571
Chr02_395104917,2,395104917,0.542766476215884,0.424675324675325,1155,0.0539303358377973,0.054234206739713,1,-0.433861197090579
Chr21_444582492,21,444582492,0.542850481989611,0.408225108225108,1155,0.0539303358377973,0.0542340802141147,1,-0.399812931187995
Chr14_352511946,14,352511946,0.543225759281573,0.0272727272727273,1155,0.0539303358377973,0.0542335154297197,1,1.16273490841051
Chr19_519918374,19,519918374,0.543235811608172,0.0246753246753247,1155,0.0539303358377973,0.0542335003110836,1,-1.16224538187694
Chr17_45478544,17,45478544,0.543628435042089,0.0623376623376623,1155,0.0539303358377973,0.0542329102117241,1,-0.745514991782443
Chr15_478867385,15,478867385,0.543725124578693,0.0480519480519481,1155,0.0539303358377973,0.0542327650115021,1,0.908701190852
Chr16_349730145,16,349730145,0.543727910516639,0.460606060606061,1155,0.0539303358377973,0.0542327608285215,1,0.696283391886709
Chr03_34868708,3,34868708,0.543739878863643,0.154112554112554,1155,0.0539303358377973,0.0542327428589517,1,-0.494471191951959
Chr01_456018966,1,456018966,0.544128576656778,0.0995670995670996,1155,0.0539303358377973,0.0542321596557386,1,-0.634120546698625
Chr14_64103037,14,64103037,0.544131198473799,0.409090909090909,1155,0.0539303358377973,0.0542321557245686,1,-0.42048866809867
Chr21_392507673,21,392507673,0.544420305719532,0.0277056277056277,1155,0.0539303358377973,0.0542317224505351,1,1.21824111497739
Chr04_265526158,4,265526158,0.544500253213829,0.234199134199134,1155,0.0539303358377973,0.0542316027113936,1,-0.476002867549823
Chr12_2429420,12,2429420,0.544639736998124,0.457142857142857,1155,0.0539303358377973,0.0542313938813244,1,0.321168788164698
Chr03_364379040,3,364379040,0.54473290708976,0.0251082251082251,1155,0.0539303358377973,0.0542312544455866,1,1.18332748627468
Chr18_27938913,18,27938913,0.544815626746204,0.0268398268398269,1155,0.0539303358377973,0.0542311306866803,1,-1.02428417932788
Chr02_358923295,2,358923295,0.544872558342006,0.477056277056277,1155,0.0539303358377973,0.0542310455301412,1,0.792932309411526
Chr03_465838632,3,465838632,0.54488358074622,0.0528138528138528,1155,0.0539303358377973,0.0542310290450719,1,0.881714663067982
Chr07_409922711,7,409922711,0.544926057123357,0.352380952380952,1155,0.0539303358377973,0.0542309655233211,1,0.408507025934654
Chr18_303391841,18,303391841,0.544983950786081,0.0216450216450216,1155,0.0539303358377973,0.0542308789603942,1,1.20088485933891
Chr08_11800009,8,11800009,0.544992957588351,0.493506493506494,1155,0.0539303358377973,0.0542308654949041,1,0.373306830514338
Chr01_425294609,1,425294609,0.54509940481173,0.41038961038961,1155,0.0539303358377973,0.0542307063837505,1,0.404194351830768
Chr04_30172856,4,30172856,0.545246090658339,0.123809523809524,1155,0.0539303358377973,0.0542304872205523,1,0.68698464668509
Chr11_102533278,11,102533278,0.545328761903397,0.474458874458874,1155,0.0539303358377973,0.0542303637496639,1,-0.934922025230208
Chr20_610647542,20,610647542,0.545484031786454,0.10952380952381,1155,0.0539303358377973,0.0542301319452768,1,0.57452295615316
Chr09_81350653,9,81350653,0.545506511339691,0.347186147186147,1155,0.0539303358377973,0.0542300983954047,1,-0.516975318988159
Chr16_327368529,16,327368529,0.545570084842165,0.206493506493507,1155,0.0539303358377973,0.0542300035282695,1,-0.59918356258251
Chr18_242861154,18,242861154,0.545575771834153,0.335497835497836,1155,0.0539303358377973,0.0542299950428904,1,-0.410435360058074
Chr21_382410490,21,382410490,0.546005785558198,0.118181818181818,1155,0.0539303358377973,0.0542293539083406,1,-0.564712915939182
Chr20_314138859,20,314138859,0.546246367598865,0.0480519480519481,1155,0.0539303358377973,0.0542289956181766,1,-0.912190540795407
Chr04_50669658,4,50669658,0.546438309396306,0.0233766233766234,1155,0.0539303358377973,0.0542287099763238,1,1.24032782210675
Chr15_266962118,15,266962118,0.546461490708919,0.0229437229437229,1155,0.0539303358377973,0.054228675491226,1,-1.00111250779764
Chr07_473272331,7,473272331,0.546703985413143,0.334199134199134,1155,0.0539303358377973,0.0542283149130107,1,0.453832893296124
Chr10_130001034,10,130001034,0.547198651929797,0.0298701298701299,1155,0.0539303358377973,0.0542275802885979,1,1.21108322286725
Chr08_322086885,8,322086885,0.547285540366351,0.0445887445887446,1155,0.0539303358377973,0.0542274513790034,1,0.89184704717843
Chr04_181614544,4,181614544,0.547510875179034,0.054978354978355,1155,0.0539303358377973,0.0542271172447986,1,0.842236999195848
Chr21_95562078,21,95562078,0.547583672135479,0.0212121212121212,1155,0.0539303358377973,0.0542270093536932,1,1.09723599134908
Chr19_692280726,19,692280726,0.547758964490419,0.0242424242424242,1155,0.0539303358377973,0.0542267496655467,1,-1.18902063899691
Chr04_65384367,4,65384367,0.548037321109729,0.403896103896104,1155,0.0539303358377973,0.0542263376101645,1,0.380685144740085
Chr04_27749309,4,27749309,0.548083802990352,0.0233766233766234,1155,0.0539303358377973,0.0542262688403699,1,-1.17441972717815
Chr11_216859705,11,216859705,0.548113116519159,0.195670995670996,1155,0.0539303358377973,0.0542262254766912,1,-0.582757139284411
Chr20_450642820,20,450642820,0.548195892778878,0.376190476190476,1155,0.0539303358377973,0.0542261030486113,1,-0.373086117439101
Chr07_5204116,7,5204116,0.548359321405106,0.465800865800866,1155,0.0539303358377973,0.0542258614349611,1,0.332324930872318
Chr17_99486575,17,99486575,0.548371888829814,0.468831168831169,1155,0.0539303358377973,0.0542258428607862,1,-0.844534565228514
Chr13_25862672,13,25862672,0.548486615740058,0.445454545454545,1155,0.0539303358377973,0.0542256733354791,1,-0.427544777900209
Chr09_315828172,9,315828172,0.54857514876929,0.144155844155844,1155,0.0539303358377973,0.0542255425605811,1,-0.571959785430437
Chr16_31501978,16,31501978,0.548679534856894,0.388744588744589,1155,0.0539303358377973,0.0542253884192394,1,-0.494337381238324
Chr20_673255739,20,673255739,0.548737735377709,0.0909090909090909,1155,0.0539303358377973,0.054225302501419,1,-0.630687306247879
Chr03_253901771,3,253901771,0.548756854014961,0.394372294372294,1155,0.0539303358377973,0.0542252742814737,1,0.433266725036077
Chr06_501159650,6,501159650,0.548951709661035,0.0277056277056277,1155,0.0539303358377973,0.0542249867706982,1,-1.08372602750524
Chr08_335127544,8,335127544,0.548987971853759,0.0787878787878788,1155,0.0539303358377973,0.0542249332866348,1,-0.530507306360974
Chr06_56293581,6,56293581,0.549083791053945,0.120779220779221,1155,0.0539303358377973,0.0542247919921294,1,-0.689620560305372
Chr04_178854497,4,178854497,0.549199036911766,0.0757575757575758,1155,0.0539303358377973,0.0542246221121945,1,0.701453602414759
Chr16_352718601,16,352718601,0.549272260676581,0.109090909090909,1155,0.0539303358377973,0.0542245142101875,1,0.526037525874074
Chr14_37503644,14,37503644,0.549372696142085,0.284848484848485,1155,0.0539303358377973,0.0542243662529449,1,0.483377963812075
Chr08_349784788,8,349784788,0.549388940129526,0.0246753246753246,1155,0.0539303358377973,0.0542243423277472,1,-1.1891040672017
Chr04_212929509,4,212929509,0.549610543239032,0.0571428571428571,1155,0.0539303358377973,0.0542240160683938,1,0.718084538779721
Chr11_26015640,11,26015640,0.549758752976982,0.169264069264069,1155,0.0539303358377973,0.0542237980011034,1,0.543231964686584
Chr10_416324427,10,416324427,0.549857986783483,0.286580086580087,1155,0.0539303358377973,0.0542236520556596,1,-0.549286001153007
Chr09_406325335,9,406325335,0.550112635472346,0.0917748917748918,1155,0.0539303358377973,0.05422327776347,1,0.656586215838189
Chr06_25216683,6,25216683,0.550221524372827,0.0497835497835498,1155,0.0539303358377973,0.0542231178134891,1,-0.77390649697405
Chr06_570723848,6,570723848,0.550254907821306,0.429004329004329,1155,0.0539303358377973,0.0542230687874741,1,-0.351171288881687
Chr09_279938201,9,279938201,0.550279252863535,0.0545454545454545,1155,0.0539303358377973,0.0542230330385265,1,-0.800046001988932
Chr08_298326597,8,298326597,0.550563262032627,0.051948051948052,1155,0.0539303358377973,0.0542226162102738,1,0.890641955454043
Chr07_338191069,7,338191069,0.550614970325187,0.486580086580087,1155,0.0539303358377973,0.0542225403635581,1,1.13674942811394
Chr18_554011893,18,554011893,0.550668075830067,0.0380952380952381,1155,0.0539303358377973,0.0542224624812833,1,0.738403605317785
Chr15_103067033,15,103067033,0.550720466686752,0.146320346320346,1155,0.0539303358377973,0.0542223856608764,1,-0.622114970644418
Chr16_265660629,16,265660629,0.55081947785734,0.351082251082251,1155,0.0539303358377973,0.0542222405187999,1,0.642658277432361
Chr09_397610482,9,397610482,0.550908318890931,0.463203463203463,1155,0.0539303358377973,0.0542221103269301,1,-0.41838190587012
Chr09_413151232,9,413151232,0.551276392594996,0.361471861471861,1155,0.0539303358377973,0.0542215713536558,1,-0.373042725592711
Chr04_23230747,4,23230747,0.551301078463305,0.101298701298701,1155,0.0539303358377973,0.0542215352301119,1,-0.654800577399243
Chr03_467925065,3,467925065,0.551384037708045,0.272727272727273,1155,0.0539303358377973,0.0542214138556889,1,-0.46328002114933
Chr06_470216633,6,470216633,0.551430782224652,0.390909090909091,1155,0.0539303358377973,0.0542213454807234,1,0.346325971324347
Chr14_509799077,14,509799077,0.55150402576998,0.422510822510823,1155,0.0539303358377973,0.0542212383665095,1,-0.64546801205006
Chr05_73702592,5,73702592,0.551555405990975,0.436363636363636,1155,0.0539303358377973,0.0542211632420192,1,-0.404234905787263
Chr02_376720086,2,376720086,0.551633745084562,0.333333333333333,1155,0.0539303358377973,0.0542210487254875,1,-0.420621977636074
Chr05_92768776,5,92768776,0.551846273529419,0.303030303030303,1155,0.0539303358377973,0.0542207382040416,1,-0.462089190574318
Chr02_262333799,2,262333799,0.55184841690709,0.0285714285714286,1155,0.0539303358377973,0.0542207350735374,1,-1.26655647593918
Chr10_480596201,10,480596201,0.551851345426419,0.012987012987013,1155,0.0539303358377973,0.0542207307963306,1,1.34284441695291
Chr15_395361393,15,395361393,0.551858354707578,0.465367965367965,1155,0.0539303358377973,0.0542207205592027,1,-0.352526539267046
Chr13_363560174,13,363560174,0.551942215801983,0.301731601731602,1155,0.0539303358377973,0.0542205980981537,1,0.487402616991517
Chr12_249922767,12,249922767,0.551970581850345,0.0835497835497836,1155,0.0539303358377973,0.0542205566835708,1,-0.6086609239469
Chr05_353889125,5,353889125,0.552397785157295,0.0948051948051948,1155,0.0539303358377973,0.0542199334481588,1,-0.561569874210477
Chr13_7977130,13,7977130,0.552488716953596,0.0251082251082251,1155,0.0539303358377973,0.0542198009072394,1,1.16197741457226
Chr08_357414040,8,357414040,0.552521430024647,0.286580086580087,1155,0.0539303358377973,0.0542197532351624,1,-0.443389814718927
Chr19_296507482,19,296507482,0.552604033365694,0.469264069264069,1155,0.0539303358377973,0.0542196328826784,1,-0.395015706981468
Chr04_223543258,4,223543258,0.55261315305987,0.409090909090909,1155,0.0539303358377973,0.0542196195974221,1,-0.34108131510456
Chr03_422894253,3,422894253,0.552878023913664,0.0337662337662338,1155,0.0539303358377973,0.0542192339227909,1,0.851294978273827
Chr08_425966680,8,425966680,0.552932347319687,0.241558441558442,1155,0.0539303358377973,0.0542191548662636,1,0.440732646326467
Chr09_239311106,9,239311106,0.553372484043557,0.496969696969697,1155,0.0539303358377973,0.0542185148772075,1,-2.56211812416404
Chr19_641594437,19,641594437,0.553709287567016,0.328571428571429,1155,0.0539303358377973,0.0542180257896026,1,-0.378593696904261
Chr17_55804204,17,55804204,0.553862336774253,0.201731601731602,1155,0.0539303358377973,0.0542178037253805,1,-0.515182306358469
Chr15_160752803,15,160752803,0.553902386981856,0.0246753246753247,1155,0.0539303358377973,0.0542177456343124,1,1.29085660567088
Chr19_677800667,19,677800667,0.55396599637897,0.0194805194805195,1155,0.0539303358377973,0.0542176533879667,1,-1.29611998190532
Chr04_256446281,4,256446281,0.554032152722888,0.361038961038961,1155,0.0539303358377973,0.0542175574692528,1,0.541702507719151
Chr09_112627974,9,112627974,0.554164984078498,0.317748917748918,1155,0.0539303358377973,0.0542173649451232,1,-0.5118290349468
Chr06_532845545,6,532845545,0.554453876409723,0.0363636363636364,1155,0.0539303358377973,0.0542169465289604,1,-0.887476580665137
Chr01_309027695,1,309027695,0.554520847644069,0.0688311688311688,1155,0.0539303358377973,0.0542168495902295,1,-0.732166384805993
Chr13_304410680,13,304410680,0.554754472735862,0.112121212121212,1155,0.0539303358377973,0.0542165115985637,1,0.624904798269057
Chr16_60727657,16,60727657,0.554759646742606,0.103896103896104,1155,0.0539303358377973,0.0542165041162345,1,0.623049183624374
Chr08_97687643,8,97687643,0.554909954173191,0.486580086580087,1155,0.0539303358377973,0.0542162868085573,1,-0.374755431981129
Chr12_324303762,12,324303762,0.554940538285464,0.261904761904762,1155,0.0539303358377973,0.0542162426050633,1,0.493090966123788
Chr19_117806515,19,117806515,0.554947280127463,0.093939393939394,1155,0.0539303358377973,0.0542162328616407,1,0.629686839433361
Chr15_611153681,15,611153681,0.55515175810921,0.491341991341991,1155,0.0539303358377973,0.0542159374529638,1,-1.33645900825286
Chr19_778538097,19,778538097,0.555200865974901,0.0220779220779221,1155,0.0539303358377973,0.0542158665376581,1,-1.18955627846553
Chr10_471793491,10,471793491,0.555452740223204,0.0835497835497836,1155,0.0539303358377973,0.0542155029996158,1,0.915004167658935
Chr16_397627839,16,397627839,0.555576945591535,0.39004329004329,1155,0.0539303358377973,0.054215323845009,1,0.316111345257156
Chr18_46154990,18,46154990,0.556056054870024,0.259307359307359,1155,0.0539303358377973,0.054214633485251,1,-0.518337879632099
Chr20_292406086,20,292406086,0.556081476253516,0.0242424242424242,1155,0.0539303358377973,0.0542145968864893,1,-1.24420112947367
Chr02_296786335,2,296786335,0.556132516913667,0.48008658008658,1155,0.0539303358377973,0.054214523413647,1,0.671539126883886
Chr11_188981295,11,188981295,0.556140027956022,0.314718614718615,1155,0.0539303358377973,0.0542145126026097,1,0.403712779966924
Chr02_4305817,2,4305817,0.556144949387759,0.179220779220779,1155,0.0539303358377973,0.0542145055190831,1,-0.587657341883897
Chr20_168151142,20,168151142,0.556182003254977,0.390909090909091,1155,0.0539303358377973,0.0542144521904522,1,-0.367631061761983
Chr08_411982972,8,411982972,0.556513610743891,0.167965367965368,1155,0.0539303358377973,0.0542139752345913,1,-0.545720170073992
Chr21_392209652,21,392209652,0.556564163937897,0.125974025974026,1155,0.0539303358377973,0.0542139025705791,1,-0.64903056414542
Chr12_122681629,12,122681629,0.556636088256912,0.1995670995671,1155,0.0539303358377973,0.0542137992097947,1,0.570049867234957
Chr09_291125063,9,291125063,0.5567948758449,0.283116883116883,1155,0.0539303358377973,0.0542135711095866,1,0.478640135530441
Chr20_420899307,20,420899307,0.557214424028187,0.161038961038961,1155,0.0539303358377973,0.0542129690180001,1,0.650587521020185
Chr18_490405429,18,490405429,0.557374210204341,0.0995670995670995,1155,0.0539303358377973,0.054212739936165,1,-0.835130107879195
Chr07_453319575,7,453319575,0.557421754918166,0.117748917748918,1155,0.0539303358377973,0.054212671796492,1,0.553101583679108
Chr02_198177397,2,198177397,0.557514541504882,0.0471861471861472,1155,0.0539303358377973,0.0542125388493383,1,0.882812796226958
Chr20_571004158,20,571004158,0.557593509763087,0.37012987012987,1155,0.0539303358377973,0.0542124257346194,1,0.347867428722139
Chr12_190725803,12,190725803,0.557608476292302,0.323809523809524,1155,0.0539303358377973,0.0542124042998867,1,-0.457308128934216
Chr17_103613525,17,103613525,0.557806910303561,0.397402597402597,1155,0.0539303358377973,0.0542121202105506,1,-0.604130793690956
Chr09_323288178,9,323288178,0.557897088164099,0.0965367965367965,1155,0.0539303358377973,0.054211991170397,1,0.662382238632006
Chr08_212640725,8,212640725,0.557959647518483,0.366666666666667,1155,0.0539303358377973,0.0542119016743217,1,0.357965677904787
Chr08_46738992,8,46738992,0.558036246651771,0.0480519480519481,1155,0.0539303358377973,0.0542117921192566,1,0.84454686739312
Chr21_427188159,21,427188159,0.558115036249451,0.396536796536797,1155,0.0539303358377973,0.0542116794611858,1,-0.444245326797756
Chr14_353407946,14,353407946,0.558250844032333,0.435497835497835,1155,0.0539303358377973,0.0542114853462082,1,0.381584701391944
Chr09_342514837,9,342514837,0.558438202722162,0.0186147186147186,1155,0.0539303358377973,0.054211217695318,1,-1.11063455770548
Chr08_221476836,8,221476836,0.55844449207718,0.0718614718614719,1155,0.0539303358377973,0.0542112087136412,1,0.705974997626342
Chr21_245395891,21,245395891,0.55851676411804,0.164069264069264,1155,0.0539303358377973,0.0542111055175163,1,0.560881468484922
Chr11_210989314,11,210989314,0.558528555622171,0.35021645021645,1155,0.0539303358377973,0.0542110886830262,1,-0.563015132566136
Chr15_431009687,15,431009687,0.558594328301693,0.496536796536796,1155,0.0539303358377973,0.054210994793144,1,2.36048299395407
Chr14_459914358,14,459914358,0.558920637590134,0.0727272727272727,1155,0.0539303358377973,0.0542105293013235,1,0.875527863298174
Chr04_265526155,4,265526155,0.559047815665411,0.206493506493507,1155,0.0539303358377973,0.0542103480176704,1,-0.472644537367216
Chr02_302178745,2,302178745,0.559708091994817,0.37012987012987,1155,0.0539303358377973,0.0542094081032184,1,-0.534326370491499
Chr10_420709607,10,420709607,0.559918073450803,0.0458874458874459,1155,0.0539303358377973,0.0542091096349963,1,-0.862485573329963
Chr17_212345433,17,212345433,0.56050063038135,0.0632034632034632,1155,0.0539303358377973,0.0542082827068904,1,-0.721173595043808
Chr15_436256073,15,436256073,0.560721324323171,0.0316017316017316,1155,0.0539303358377973,0.0542079698657451,1,-0.918738940935967
Chr15_39666563,15,39666563,0.560785800000663,0.0203463203463203,1155,0.0539303358377973,0.0542078785137987,1,-1.13635442057057
Chr14_492082314,14,492082314,0.560798472173584,0.274891774891775,1155,0.0539303358377973,0.054207860561678,1,-0.44044401697434
Chr01_22037412,1,22037412,0.560817749971161,0.406493506493506,1155,0.0539303358377973,0.0542078332531465,1,-0.349228866485362
Chr08_395699115,8,395699115,0.561006365861248,0.0445887445887446,1155,0.0539303358377973,0.0542075661586294,1,0.84090849293834
Chr07_484888976,7,484888976,0.561144272886977,0.0683982683982684,1155,0.0539303358377973,0.0542073709806543,1,0.703702877628302
Chr17_332262235,17,332262235,0.561215513108413,0.162770562770563,1155,0.0539303358377973,0.0542072701913416,1,0.427562934220362
Chr06_371831334,6,371831334,0.561217782520468,0.111255411255411,1155,0.0539303358377973,0.0542072669810251,1,-0.603778253160073
Chr05_229827086,5,229827086,0.561450277755173,0.333766233766234,1155,0.0539303358377973,0.054206938224392,1,0.442418097552462
Chr01_396556621,1,396556621,0.561489823969398,0.0666666666666667,1155,0.0539303358377973,0.0542068823306103,1,-0.687568742581206
Chr18_19575903,18,19575903,0.561647123683021,0.297402597402597,1155,0.0539303358377973,0.054206660081302,1,-0.488038514390297
Chr05_315625432,5,315625432,0.561661686624043,0.0761904761904762,1155,0.0539303358377973,0.0542066395113143,1,-0.696405328158704
Chr09_305562084,9,305562084,0.561733690182406,0.0437229437229437,1155,0.0539303358377973,0.0542065378221592,1,0.916502208427104
Chr21_46596776,21,46596776,0.561822036146899,0.0502164502164503,1155,0.0539303358377973,0.0542064130871426,1,0.891618300856862
Chr06_406435562,6,406435562,0.563038714221685,0.0277056277056277,1155,0.0539303358377973,0.054204699094822,1,-1.19020254154356
Chr09_355495163,9,355495163,0.563068244386845,0.104329004329004,1155,0.0539303358377973,0.0542046575828405,1,-0.604682458320113
Chr08_249679247,8,249679247,0.563399836230722,0.421212121212121,1155,0.0539303358377973,0.0542041917358969,1,0.369928809055295
Chr02_328300610,2,328300610,0.56340843859541,0.273593073593074,1155,0.0539303358377973,0.0542041796576268,1,-0.47937161309153
Chr07_471889032,7,471889032,0.563665604615892,0.0463203463203463,1155,0.0539303358377973,0.0542038187442971,1,0.876974190570976
Chr19_206169390,19,206169390,0.563718313008287,0.0116883116883116,1155,0.0539303358377973,0.0542037448111919,1,-1.32021526864264
Chr07_55880330,7,55880330,0.563795845141954,0.127705627705628,1155,0.0539303358377973,0.0542036360825037,1,0.552065840543037
Chr13_285184563,13,285184563,0.563858875286411,0.171861471861472,1155,0.0539303358377973,0.0542035477122097,1,-0.535358186978442
Chr18_364318017,18,364318017,0.564013136374874,0.0255411255411255,1155,0.0539303358377973,0.0542033315135632,1,1.20240852026835
Chr06_483056295,6,483056295,0.564043650459982,0.0294372294372294,1155,0.0539303358377973,0.054203288761247,1,1.16216626594215
Chr12_29752621,12,29752621,0.564091881624766,0.326839826839827,1155,0.0539303358377973,0.0542032211951935,1,0.594712605433529
Chr03_485988872,3,485988872,0.56421027678176,0.0268398268398268,1155,0.0539303358377973,0.0542030553851073,1,-0.854090867539341
Chr17_259952955,17,259952955,0.564359016716944,0.144155844155844,1155,0.0539303358377973,0.0542028471729312,1,0.602629575359629
Chr04_56790275,4,56790275,0.564470357004316,0.275757575757576,1155,0.0539303358377973,0.0542026913836322,1,-0.469910712435876
Chr20_350521601,20,350521601,0.5644736570246,0.301298701298701,1155,0.0539303358377973,0.0542026867670922,1,0.492170638773132
Chr14_471801460,14,471801460,0.564738636355554,0.0974025974025974,1155,0.0539303358377973,0.0542023162461531,1,0.9811121269517
Chr07_137307271,7,137307271,0.564743153493288,0.479220779220779,1155,0.0539303358377973,0.0542023099327453,1,0.51437769462126
Chr02_79961355,2,79961355,0.564976048902291,0.438095238095238,1155,0.0539303358377973,0.0542019845571535,1,0.611468581331337
Chr12_374697536,12,374697536,0.565219151981662,0.104329004329004,1155,0.0539303358377973,0.054201645197095,1,0.650461585965473
Chr09_356614367,9,356614367,0.565312270535669,0.264069264069264,1155,0.0539303358377973,0.0542015152829117,1,-0.49313135633804
Chr15_61756678,15,61756678,0.565551659615143,0.339393939393939,1155,0.0539303358377973,0.0542011814896888,1,-0.321162547689482
Chr20_571585427,20,571585427,0.565554163204697,0.0229437229437229,1155,0.0539303358377973,0.0542011780002389,1,-1.19104813033091
Chr20_568761177,20,568761177,0.565642131403238,0.0584415584415584,1155,0.0539303358377973,0.0542010554111584,1,0.777239500703388
Chr20_41090389,20,41090389,0.565702985880291,0.475324675324675,1155,0.0539303358377973,0.0542009706283137,1,-0.806414406663407
Chr11_212660783,11,212660783,0.565775168180646,0.0177489177489178,1155,0.0539303358377973,0.0542008700863752,1,-1.23975396794772
Chr17_192910115,17,192910115,0.565918157310319,0.0454545454545455,1155,0.0539303358377973,0.0542006709917269,1,-0.825788377351586
Chr18_554011866,18,554011866,0.566031566323872,0.174891774891775,1155,0.0539303358377973,0.0542005131530262,1,0.603059543085777
Chr13_57040732,13,57040732,0.566345577741011,0.314285714285714,1155,0.0539303358377973,0.0542000764426135,1,-0.350194026866518
Chr04_168813180,4,168813180,0.566457848329143,0.0367965367965368,1155,0.0539303358377973,0.0541999204165777,1,0.8796474807653
Chr15_515372036,15,515372036,0.566478107968496,0.387012987012987,1155,0.0539303358377973,0.054199892267496,1,0.371512173373532
Chr12_281889110,12,281889110,0.566545837401504,0.0484848484848485,1155,0.0539303358377973,0.0541997981772666,1,0.859361709819211
Chr15_529074581,15,529074581,0.566636121005819,0.0225108225108225,1155,0.0539303358377973,0.0541996727885532,1,-1.13139629422017
Chr06_396830825,6,396830825,0.566897970288836,0.025974025974026,1155,0.0539303358377973,0.0541993093432728,1,-1.16648863551555
Chr02_267177471,2,267177471,0.566916507673926,0.0251082251082251,1155,0.0539303358377973,0.0541992836258434,1,1.12216680374323
Chr17_8865719,17,8865719,0.566945434198432,0.0264069264069264,1155,0.0539303358377973,0.0541992434985356,1,1.1127041849919
Chr19_182537383,19,182537383,0.567270762244502,0.0744588744588745,1155,0.0539303358377973,0.0541987924723559,1,0.744217973273777
Chr19_82162427,19,82162427,0.567556955075496,0.4995670995671,1155,0.0539303358377973,0.054198396117643,1,3.76589173367393
Chr05_117001964,5,117001964,0.567608993418178,0.393506493506493,1155,0.0539303358377973,0.0541983240903565,1,-0.53979813579349
Chr08_85223277,8,85223277,0.567818715136651,0.166666666666667,1155,0.0539303358377973,0.05419803394059,1,0.513483206742052
Chr21_103317445,21,103317445,0.567841761373105,0.470995670995671,1155,0.0539303358377973,0.0541980020688647,1,0.305611091102094
Chr20_58938236,20,58938236,0.567928936086397,0.284848484848485,1155,0.0539303358377973,0.0541978815336108,1,-0.497015324943618
Chr04_196326389,4,196326389,0.567929829979122,0.0298701298701298,1155,0.0539303358377973,0.0541978802978216,1,1.03434655262845
Chr01_39327307,1,39327307,0.567965335119419,0.409090909090909,1155,0.0539303358377973,0.0541978312158342,1,-0.415126810336801
Chr20_50818924,20,50818924,0.568136244759087,0.12987012987013,1155,0.0539303358377973,0.0541975950354244,1,0.516141288746425
Chr13_40964454,13,40964454,0.568234004063059,0.083982683982684,1155,0.0539303358377973,0.0541974600038152,1,-0.625866994245172
Chr20_269775149,20,269775149,0.568574361188097,0.141991341991342,1155,0.0539303358377973,0.0541969902329374,1,-0.517697631480615
Chr02_95782651,2,95782651,0.56860008051008,0.012987012987013,1155,0.0539303358377973,0.054196954756644,1,-1.20454917258817
Chr02_135586287,2,135586287,0.568794471552261,0.412987012987013,1155,0.0539303358377973,0.0541966867218996,1,0.579250906550442
Chr01_371050529,1,371050529,0.568808326349226,0.0272727272727273,1155,0.0539303358377973,0.0541966676251283,1,-1.09057635013008
Chr21_381995222,21,381995222,0.569001868012137,0.143290043290043,1155,0.0539303358377973,0.0541964009516314,1,0.595269680997035
Chr13_359859347,13,359859347,0.569026274774594,0.0255411255411255,1155,0.0539303358377973,0.0541963673350682,1,1.15267093757575
Chr15_606361257,15,606361257,0.569032348812304,0.111255411255411,1155,0.0539303358377973,0.0541963589694553,1,-0.507435066466442
Chr13_335294313,13,335294313,0.569210813178874,0.0783549783549784,1155,0.0539303358377973,0.0541961132528478,1,-0.696160649431988
Chr13_80436335,13,80436335,0.569250785693134,0.491774891774892,1155,0.0539303358377973,0.0541960582377631,1,-0.376082055203852
Chr20_671186149,20,671186149,0.569507707205695,0.0896103896103896,1155,0.0539303358377973,0.0541957048107752,1,0.648367039901387
Chr01_165196502,1,165196502,0.569533418547039,0.0800865800865801,1155,0.0539303358377973,0.0541956694588182,1,0.644950707133816
Chr20_63710145,20,63710145,0.569567809321846,0.0532467532467532,1155,0.0539303358377973,0.0541956221778971,1,0.804385149249356
Chr02_316410236,2,316410236,0.57003364077784,0.0251082251082251,1155,0.0539303358377973,0.0541949822954011,1,1.150727389971
Chr17_5005597,17,5005597,0.570146972931294,0.383982683982684,1155,0.0539303358377973,0.0541948267729581,1,-0.351052626434893
Chr04_228703128,4,228703128,0.570725241770328,0.332900432900433,1155,0.0539303358377973,0.0541940341721684,1,-0.40181144169469
Chr07_506836505,7,506836505,0.570739279043681,0.00606060606060606,1155,0.0539303358377973,0.054194014951608,1,-1.81992237882567
Chr19_26371336,19,26371336,0.570858274237171,0.0207792207792208,1155,0.0539303358377973,0.0541938520544322,1,-1.16562208784627
Chr07_481466207,7,481466207,0.570939655319047,0.0735930735930736,1155,0.0539303358377973,0.0541937406869878,1,0.741139160371603
Chr07_491297808,7,491297808,0.571199456072304,0.148051948051948,1155,0.0539303358377973,0.0541933853659476,1,0.392928912412401
Chr16_19558482,16,19558482,0.571205693329978,0.477922077922078,1155,0.0539303358377973,0.0541933768393493,1,0.827226848335158
Chr17_272749680,17,272749680,0.571222154729297,0.0683982683982684,1155,0.0539303358377973,0.0541933543367832,1,0.875815435208267
Chr07_302509516,7,302509516,0.571332783653398,0.496969696969697,1155,0.0539303358377973,0.0541932031411527,1,0.856628539260555
Chr08_11351716,8,11351716,0.571516622535372,0.2995670995671,1155,0.0539303358377973,0.0541929520170469,1,0.47661079803774
Chr03_441026907,3,441026907,0.571700284210293,0.492640692640693,1155,0.0539303358377973,0.0541927012932212,1,0.990646614422076
Chr14_149544967,14,149544967,0.571787215814558,0.411688311688312,1155,0.0539303358377973,0.0541925826745669,1,0.323671804448168
Chr12_261424108,12,261424108,0.572045146441949,0.0545454545454545,1155,0.0539303358377973,0.0541922309351149,1,-0.767783152069327
Chr15_212606143,15,212606143,0.572167421617713,0.0242424242424242,1155,0.0539303358377973,0.0541920642975428,1,-1.19395098082914
Chr13_174497484,13,174497484,0.572380980890455,0.3004329004329,1155,0.0539303358377973,0.0541917734250734,1,0.495618650541473
Chr15_62212793,15,62212793,0.572402919571068,0.0917748917748918,1155,0.0539303358377973,0.0541917435561891,1,0.588673985223252
Chr21_274246276,21,274246276,0.572453104301188,0.00735930735930736,1155,0.0539303358377973,0.0541916752395746,1,-1.66047459759237
Chr21_33179355,21,33179355,0.572488210133856,0.123376623376623,1155,0.0539303358377973,0.0541916274569072,1,-0.544038640049976
Chr08_49694303,8,49694303,0.572665191587497,0.325974025974026,1155,0.0539303358377973,0.0541913866545771,1,0.449752567737306
Chr02_5920475,2,5920475,0.572713860084047,0.142424242424242,1155,0.0539303358377973,0.0541913204615067,1,0.587384106136
Chr15_357630002,15,357630002,0.572719785755018,0.0714285714285714,1155,0.0539303358377973,0.0541913124028741,1,-0.721026442873466
Chr16_170632958,16,170632958,0.572826065730476,0.487445887445887,1155,0.0539303358377973,0.0541911678949648,1,1.21735058048353
Chr05_159791704,5,159791704,0.572869613410432,0.0229437229437229,1155,0.0539303358377973,0.0541911086988213,1,1.18064729312883
Chr05_324183816,5,324183816,0.572912600229286,0.275757575757576,1155,0.0539303358377973,0.0541910502737661,1,0.475570170027709
Chr14_386756979,14,386756979,0.573442321866432,0.0705627705627706,1155,0.0539303358377973,0.0541903310164387,1,-0.691469929360082
Chr09_230498609,9,230498609,0.573499625006308,0.0264069264069264,1155,0.0539303358377973,0.0541902532885418,1,1.12018261948964
Chr15_559036011,15,559036011,0.573698147838021,0.201298701298701,1155,0.0539303358377973,0.0541899841238892,1,0.389310273428066
Chr13_325080064,13,325080064,0.57376941036666,0.494805194805195,1155,0.0539303358377973,0.0541898875482839,1,-1.87743002125626
Chr15_63713204,15,63713204,0.573793515808805,0.0108225108225108,1155,0.0539303358377973,0.0541898548857316,1,1.33098651946966
Chr01_411914325,1,411914325,0.573799160981814,0.135930735930736,1155,0.0539303358377973,0.0541898472369902,1,-0.497683049268744
Chr14_327642406,14,327642406,0.573806641031846,0.266666666666667,1155,0.0539303358377973,0.0541898371023688,1,0.492463565424885
Chr07_373698725,7,373698725,0.573882081305348,0.15974025974026,1155,0.0539303358377973,0.0541897349039029,1,-0.548089546662425
Chr20_542457802,20,542457802,0.573984674559072,0.162337662337662,1155,0.0539303358377973,0.0541895959639835,1,0.654784187919233
Chr02_320608382,2,320608382,0.574289781280545,0.0246753246753247,1155,0.0539303358377973,0.0541891830537176,1,1.13793576211459
Chr10_94273571,10,94273571,0.574307100601483,0.103463203463203,1155,0.0539303358377973,0.0541891596279399,1,0.718618309404093
Chr19_714976318,19,714976318,0.574352258991287,0.0787878787878788,1155,0.0539303358377973,0.0541890985541339,1,-0.63712700372561
Chr19_56335635,19,56335635,0.574564125037396,0.0207792207792208,1155,0.0539303358377973,0.0541888121455759,1,-1.14722125285958
Chr13_256205597,13,256205597,0.574719501514356,0.183982683982684,1155,0.0539303358377973,0.0541886022343434,1,0.522128912483595
Chr13_241515094,13,241515094,0.574878593044656,0.0515151515151515,1155,0.0539303358377973,0.0541883874203209,1,0.872021354503886
Chr18_553569670,18,553569670,0.575048092413589,0.0753246753246753,1155,0.0539303358377973,0.0541881586823584,1,-0.521495637013686
Chr03_425992180,3,425992180,0.575096220570122,0.417748917748918,1155,0.0539303358377973,0.0541880937581226,1,0.552732209829855
Chr14_288341332,14,288341332,0.57530043236571,0.0251082251082251,1155,0.0539303358377973,0.0541878183986856,1,1.14086230171131
Chr21_109077384,21,109077384,0.575381026402612,0.0186147186147186,1155,0.0539303358377973,0.0541877097788113,1,-1.2451942946664
Chr21_231251788,21,231251788,0.575523349479911,0.0554112554112554,1155,0.0539303358377973,0.0541875180377213,1,0.847664865473746
Chr14_524276104,14,524276104,0.575686652610956,0.411255411255411,1155,0.0539303358377973,0.0541872981474412,1,-0.296780307781745
Chr13_359884648,13,359884648,0.575691847372456,0.0476190476190477,1155,0.0539303358377973,0.0541872911546371,1,0.860630571221463
Chr17_327329896,17,327329896,0.575991816906197,0.425974025974026,1155,0.0539303358377973,0.054186887569858,1,-0.552705490670519
Chr05_434141540,5,434141540,0.576065487266283,0.35021645021645,1155,0.0539303358377973,0.0541867885160462,1,-0.422408153603783
Chr14_33072328,14,33072328,0.576657444560526,0.448051948051948,1155,0.0539303358377973,0.0541859935082791,1,-0.309132521341382
Chr21_70603,21,70603,0.576671490195294,0.012987012987013,1155,0.0539303358377973,0.0541859746644434,1,1.18644223228516
Chr02_116744250,2,116744250,0.577269845455621,0.183549783549784,1155,0.0539303358377973,0.0541851727477206,1,0.503596714995638
Chr05_339720756,5,339720756,0.577443044253665,0.219480519480519,1155,0.0539303358377973,0.054184940934593,1,0.362124522165573
Chr04_100964847,4,100964847,0.577540308134344,0.0476190476190476,1155,0.0539303358377973,0.0541848108150705,1,-0.796106737530721
Chr13_69677350,13,69677350,0.577705021990558,0.268398268398268,1155,0.0539303358377973,0.0541845905604342,1,0.482785415231689
Chr11_225128996,11,225128996,0.577779822891122,0.497402597402597,1155,0.0539303358377973,0.0541844905782561,1,0.325572452667132
Chr07_94814670,7,94814670,0.578226376334704,0.0445887445887446,1155,0.0539303358377973,0.0541838942309908,1,0.836677574327169
Chr13_311024636,13,311024636,0.57855208527096,0.113419913419913,1155,0.0539303358377973,0.0541834598431804,1,0.47773529722636
Chr10_6909116,10,6909116,0.578643317465343,0.0523809523809524,1155,0.0539303358377973,0.0541833382570486,1,-0.763280317647187
Chr06_565349742,6,565349742,0.578643711972685,0.447619047619048,1155,0.0539303358377973,0.054183337731367,1,-0.60264133290184
Chr15_22268975,15,22268975,0.578661451965405,0.0528138528138528,1155,0.0539303358377973,0.0541833140935604,1,-0.800025500227761
Chr09_376376915,9,376376915,0.578665394956724,0.475324675324675,1155,0.0539303358377973,0.0541833088398839,1,0.331310387207225
Chr08_304728210,8,304728210,0.578739716168042,0.383549783549784,1155,0.0539303358377973,0.0541832098269861,1,-0.321022955767944
Chr15_427618703,15,427618703,0.578752632723087,0.103030303030303,1155,0.0539303358377973,0.0541831926217626,1,0.62654558707635
Chr05_382123575,5,382123575,0.578787807132697,0.0194805194805195,1155,0.0539303358377973,0.0541831457723095,1,1.14162650191678
Chr21_74619683,21,74619683,0.57880559698429,0.112554112554113,1155,0.0539303358377973,0.0541831220798407,1,-0.552275684425837
Chr14_98086319,14,98086319,0.578947512527398,0.0268398268398268,1155,0.0539303358377973,0.054182933129154,1,1.08354120678698
Chr20_215386527,20,215386527,0.579007322516783,0.0510822510822511,1155,0.0539303358377973,0.0541828535239921,1,0.813785275443593
Chr15_422956239,15,422956239,0.579217415590745,0.0952380952380952,1155,0.0539303358377973,0.0541825740269549,1,0.591936211858652
Chr01_442275630,1,442275630,0.579242805992761,0.105627705627706,1155,0.0539303358377973,0.0541825402625775,1,-0.561867793504987
Chr01_377042448,1,377042448,0.579302044836494,0.0748917748917749,1155,0.0539303358377973,0.0541824614977384,1,0.660577560237499
Chr01_296030697,1,296030697,0.579355513262427,0.0225108225108225,1155,0.0539303358377973,0.0541823904191464,1,-1.14652758926462
Chr20_229315706,20,229315706,0.579586401279183,0.11038961038961,1155,0.0539303358377973,0.0541820836371111,1,0.572906029461137
Chr06_239800386,6,239800386,0.579636246497731,0.377056277056277,1155,0.0539303358377973,0.0541820174395763,1,0.431068632242784
Chr08_253597287,8,253597287,0.579666747717727,0.126406926406926,1155,0.0539303358377973,0.0541819769376806,1,-0.624430076897625
Chr02_413009387,2,413009387,0.579908332209714,0.0246753246753246,1155,0.0539303358377973,0.054181656293439,1,-1.07353980556672
Chr17_265958780,17,265958780,0.579924157750826,0.344588744588745,1155,0.0539303358377973,0.0541816352982329,1,-0.348738939690662
Chr04_231041746,4,231041746,0.580117857035936,0.243290043290043,1155,0.0539303358377973,0.054181378416813,1,-0.466351706966918
Chr04_260663237,4,260663237,0.580476537219399,0.241125541125541,1155,0.0539303358377973,0.0541809031928859,1,0.481256600666057
Chr14_501586412,14,501586412,0.580498096933946,0.0619047619047619,1155,0.0539303358377973,0.0541808746466385,1,0.676367502164013
Chr12_208165297,12,208165297,0.580784927381256,0.436796536796537,1155,0.0539303358377973,0.0541804950693386,1,-0.394258403429092
Chr16_396450928,16,396450928,0.580882344734798,0.422510822510823,1155,0.0539303358377973,0.0541803662374535,1,0.301310190178896
Chr17_220026338,17,220026338,0.580936078827857,0.0770562770562771,1155,0.0539303358377973,0.0541802951940601,1,0.586514091030708
Chr12_10608180,12,10608180,0.581100237118802,0.0536796536796537,1155,0.0539303358377973,0.0541800782372458,1,0.799261119833346
Chr02_301948913,2,301948913,0.5814205468266,0.253679653679654,1155,0.0539303358377973,0.0541796552595467,1,0.489942750418038
Chr09_8330349,9,8330349,0.58146867561241,0.391341991341991,1155,0.0539303358377973,0.0541795917445772,1,-0.295859111059428
Chr03_513591594,3,513591594,0.581652170422052,0.254978354978355,1155,0.0539303358377973,0.0541793496855304,1,0.469602934364502
Chr11_75489017,11,75489017,0.581692905532691,0.161471861471861,1155,0.0539303358377973,0.054179295970193,1,0.407958853644743
Chr10_470862800,10,470862800,0.581748005275853,0.0264069264069264,1155,0.0539303358377973,0.0541792233249573,1,1.04073991242169
Chr14_114873973,14,114873973,0.58190013464713,0.113852813852814,1155,0.0539303358377973,0.0541790228245528,1,0.554291207648134
Chr19_685724549,19,685724549,0.581975750627477,0.0900432900432901,1155,0.0539303358377973,0.0541789232049058,1,0.580375555793211
Chr19_94456076,19,94456076,0.582011367020855,0.0909090909090909,1155,0.0539303358377973,0.0541788762913943,1,-0.591386085817263
Chr20_23819610,20,23819610,0.582291128912392,0.0718614718614719,1155,0.0539303358377973,0.0541785079928112,1,0.673043294373201
Chr10_432704299,10,432704299,0.582490985271138,0.236363636363636,1155,0.0539303358377973,0.054178245105437,1,-0.514671577073671
Chr20_658728668,20,658728668,0.582601939855863,0.446753246753247,1155,0.0539303358377973,0.0541780992361497,1,-0.704326685121373
Chr04_261946556,4,261946556,0.582682244375361,0.0796536796536797,1155,0.0539303358377973,0.0541779936966299,1,-0.663262133353982
Chr08_1162650,8,1162650,0.583069490986175,0.39004329004329,1155,0.0539303358377973,0.0541774851719957,1,-0.362259189380836
Chr04_156308459,4,156308459,0.583209062479463,0.111688311688312,1155,0.0539303358377973,0.0541773020562168,1,-0.609844528305302
Chr03_49242981,3,49242981,0.583787928141134,0.112987012987013,1155,0.0539303358377973,0.0541765435350883,1,-0.40990161878625
Chr13_11975032,13,11975032,0.584050813917084,0.347619047619048,1155,0.0539303358377973,0.0541761995615552,1,0.416179881084446
Chr11_210985818,11,210985818,0.58415141872245,0.271861471861472,1155,0.0539303358377973,0.0541760680076513,1,-0.431949076762066
Chr14_454673221,14,454673221,0.584171769468245,0.0761904761904762,1155,0.0539303358377973,0.0541760414019646,1,0.910484741007025
Chr04_72771871,4,72771871,0.584234492234554,0.301731601731602,1155,0.0539303358377973,0.0541759594126959,1,0.472548741540521
Chr17_32868845,17,32868845,0.584468328408111,0.225108225108225,1155,0.0539303358377973,0.0541756539059562,1,0.447244316155292
Chr13_223993484,13,223993484,0.584627110857283,0.122510822510823,1155,0.0539303358377973,0.0541754465976457,1,-0.645569957862847
Chr04_47461714,4,47461714,0.584628858932681,0.0220779220779221,1155,0.0539303358377973,0.0541754443159694,1,1.13545218632841
Chr08_303398602,8,303398602,0.584651844910979,0.435497835497835,1155,0.0539303358377973,0.0541754143148101,1,-0.33046979425572
Chr16_194646484,16,194646484,0.584772110433553,0.197402597402597,1155,0.0539303358377973,0.054175257383863,1,-0.465915789844985
Chr13_92961966,13,92961966,0.584788049671715,0.310822510822511,1155,0.0539303358377973,0.0541752365901198,1,-0.436262148509144
Chr09_305562119,9,305562119,0.584841089210479,0.0467532467532468,1155,0.0539303358377973,0.054175167404942,1,0.85535559517659
Chr16_389796337,16,389796337,0.584929833897166,0.0311688311688312,1155,0.0539303358377973,0.0541750516740888,1,1.06686024171674
Chr09_398429041,9,398429041,0.584931905278509,0.417316017316017,1155,0.0539303358377973,0.0541750489732513,1,-0.375106713412748
Chr02_103404910,2,103404910,0.584970525415963,0.126406926406926,1155,0.0539303358377973,0.0541749986206584,1,0.623790682309448
Chr21_245395666,21,245395666,0.585373921584699,0.136796536796537,1155,0.0539303358377973,0.0541744730783436,1,0.557741233251278
Chr07_166796253,7,166796253,0.585423177196036,0.0281385281385281,1155,0.0539303358377973,0.0541744089586487,1,-1.13301556921061
Chr03_20367832,3,20367832,0.585717183648622,0.148917748917749,1155,0.0539303358377973,0.0541740264558271,1,0.651999087802352
Chr20_654579028,20,654579028,0.585770543788398,0.051948051948052,1155,0.0539303358377973,0.0541739570759356,1,0.815958880960721
Chr20_639886300,20,639886300,0.58584917289844,0.0432900432900433,1155,0.0539303358377973,0.0541738548641859,1,0.809704494232832
Chr07_65024696,7,65024696,0.585892944448061,0.319480519480519,1155,0.0539303358377973,0.054173797976619,1,-0.40705116954905
Chr20_28822120,20,28822120,0.585937166739026,0.025974025974026,1155,0.0539303358377973,0.0541737405120001,1,-1.09654362480011
Chr02_187206537,2,187206537,0.585953785584832,0.012987012987013,1155,0.0539303358377973,0.0541737189189303,1,1.15993371611148
Chr14_165261229,14,165261229,0.585983320872305,0.0255411255411255,1155,0.0539303358377973,0.0541736805464331,1,1.09572461223289
Chr20_572679352,20,572679352,0.586061393991352,0.0203463203463203,1155,0.0539303358377973,0.0541735791320686,1,1.12104147158293
Chr10_239041463,10,239041463,0.586116680300684,0.0965367965367965,1155,0.0539303358377973,0.0541735073335812,1,-0.577173119764609
Chr20_278374083,20,278374083,0.586272976369531,0.10995670995671,1155,0.0539303358377973,0.0541733044314221,1,-0.581925930407806
Chr14_423372352,14,423372352,0.586370636645678,0.425108225108225,1155,0.0539303358377973,0.0541731777054595,1,-0.48759617579168
Chr05_423089481,5,423089481,0.586444122776509,0.0766233766233766,1155,0.0539303358377973,0.0541730823766168,1,-0.639171515907364
Chr15_350931220,15,350931220,0.586465465202933,0.196536796536797,1155,0.0539303358377973,0.0541730546950022,1,-0.442024673538867
Chr19_70012889,19,70012889,0.586539455858703,0.441558441558442,1155,0.0539303358377973,0.0541729587432684,1,0.286241032023781
Chr08_11428718,8,11428718,0.586572462159584,0.469264069264069,1155,0.0539303358377973,0.0541729159483393,1,-0.357359410251746
Chr18_18883046,18,18883046,0.586617239708348,0.377056277056277,1155,0.0539303358377973,0.0541728578989998,1,0.343883178234535
Chr18_17030514,18,17030514,0.587035239132082,0.0943722943722944,1155,0.0539303358377973,0.054172316441215,1,0.57235598454885
Chr13_15167269,13,15167269,0.587424594478537,0.0251082251082251,1155,0.0539303358377973,0.0541718127925724,1,1.03061019286395
Chr17_11665627,17,11665627,0.587758381669117,0.0800865800865801,1155,0.0539303358377973,0.0541713815645117,1,-0.863597068085966
Chr03_272947147,3,272947147,0.587769459823755,0.0692640692640693,1155,0.0539303358377973,0.0541713672609161,1,0.899627100838472
Chr20_630827390,20,630827390,0.587771239692839,0.0523809523809524,1155,0.0539303358377973,0.0541713649628834,1,0.779357469308039
Chr21_339722779,21,339722779,0.587777135444583,0.0502164502164502,1155,0.0539303358377973,0.0541713573508369,1,0.800955054741252
Chr20_177139649,20,177139649,0.587922472740058,0.0199134199134199,1155,0.0539303358377973,0.0541711697539798,1,-1.05966636143337
Chr02_258184925,2,258184925,0.588249314813982,0.0238095238095238,1155,0.0539303358377973,0.0541707482215413,1,1.10102412228946
Chr20_209141152,20,209141152,0.588360031686457,0.0510822510822511,1155,0.0539303358377973,0.0541706055368476,1,0.781798167773971
Chr15_350058427,15,350058427,0.588392542425391,0.489177489177489,1155,0.0539303358377973,0.0541705636495293,1,-1.2470956359125
Chr14_328236172,14,328236172,0.588415500848083,0.0640692640692641,1155,0.0539303358377973,0.0541705340724,1,-0.529775457076411
Chr02_377925822,2,377925822,0.58853522866836,0.167099567099567,1155,0.0539303358377973,0.0541703798662848,1,-0.573254312456442
Chr02_425492695,2,425492695,0.588656566902687,0.0718614718614719,1155,0.0539303358377973,0.0541702236513122,1,0.513446951890344
Chr09_383035985,9,383035985,0.58867977039761,0.019047619047619,1155,0.0539303358377973,0.0541701937858331,1,1.17661724875771
Chr15_49615608,15,49615608,0.588692182403444,0.485281385281385,1155,0.0539303358377973,0.054170177811186,1,-0.327243489293522
Chr11_213204490,11,213204490,0.588722061559941,0.0822510822510823,1155,0.0539303358377973,0.0541701393585791,1,-0.450687777142754
Chr06_437644549,6,437644549,0.588924995682982,0.0268398268398268,1155,0.0539303358377973,0.0541698783004811,1,-1.11595210875727
Chr19_26371279,19,26371279,0.589028069782949,0.402164502164502,1155,0.0539303358377973,0.0541697457744691,1,-0.527166832600415
Chr01_425288259,1,425288259,0.589308863248337,0.409090909090909,1155,0.0539303358377973,0.0541693849886999,1,0.359658985930935
Chr20_411062927,20,411062927,0.589427519091682,0.308225108225108,1155,0.0539303358377973,0.0541692326358575,1,-0.428394889271033
Chr13_167585193,13,167585193,0.589486571040781,0.067965367965368,1155,0.0539303358377973,0.0541691568371611,1,-0.695464358806234
Chr18_433629228,18,433629228,0.589495934907351,0.355411255411255,1155,0.0539303358377973,0.0541691448191899,1,0.421639154546909
Chr20_296717791,20,296717791,0.589664004313974,0.025974025974026,1155,0.0539303358377973,0.0541689291783998,1,1.08346461160195
Chr02_394054035,2,394054035,0.589669634453237,0.0199134199134199,1155,0.0539303358377973,0.054168921956849,1,-1.01705726142755
Chr20_91402701,20,91402701,0.589672235442649,0.350649350649351,1155,0.0539303358377973,0.0541689186207136,1,0.403870468504437
Chr09_183198168,9,183198168,0.58973844964507,0.0744588744588744,1155,0.0539303358377973,0.054168833701804,1,0.702703782898197
Chr07_340591438,7,340591438,0.589802799285695,0.0272727272727273,1155,0.0539303358377973,0.0541687511928658,1,1.04681657554492
Chr01_221909691,1,221909691,0.589815391775932,0.0792207792207792,1155,0.0539303358377973,0.0541687350489654,1,0.496507089830928
Chr05_356746466,5,356746466,0.589957523693448,0.0471861471861472,1155,0.0539303358377973,0.0541685528810613,1,-0.766238472528968
Chr08_423566955,8,423566955,0.590378554271429,0.0727272727272727,1155,0.0539303358377973,0.0541680137810187,1,0.965683930730336
Chr16_303625056,16,303625056,0.59038313288494,0.185714285714286,1155,0.0539303358377973,0.0541680079227567,1,-0.424308340913171
Chr04_249724375,4,249724375,0.590436131401488,0.122510822510823,1155,0.0539303358377973,0.0541679401187927,1,-0.527038814043181
Chr20_316032344,20,316032344,0.590538673053408,0.0229437229437229,1155,0.0539303358377973,0.0541678089669501,1,1.12138239894784
Chr09_317052895,9,317052895,0.590752666937911,0.0766233766233766,1155,0.0539303358377973,0.0541675354169316,1,0.709672574234446
Chr07_395532717,7,395532717,0.590791594964985,0.0060606060606061,1155,0.0539303358377973,0.0541674856767902,1,-1.64254724039165
Chr08_231511657,8,231511657,0.590881209750158,0.209090909090909,1155,0.0539303358377973,0.0541673711973962,1,-0.436072930142359
Chr09_120754506,9,120754506,0.590948234856724,0.496536796536796,1155,0.0539303358377973,0.0541672855987244,1,1.26691604022562
Chr12_70357286,12,70357286,0.590973723905399,0.171428571428571,1155,0.0539303358377973,0.0541672530515457,1,-0.597181736074845
Chr20_215655609,20,215655609,0.591211645016346,0.029004329004329,1155,0.0539303358377973,0.0541669493870646,1,-1.01691698702689
Chr18_32500594,18,32500594,0.591414110363637,0.132034632034632,1155,0.0539303358377973,0.0541666911732606,1,-0.591506536371156
Chr10_369344310,10,369344310,0.591467178197852,0.0212121212121212,1155,0.0539303358377973,0.0541666235233377,1,-1.13980873522439
Chr06_501825865,6,501825865,0.591565124798662,0.0497835497835498,1155,0.0539303358377973,0.0541664986955324,1,0.671527806669658
Chr06_540151827,6,540151827,0.591594411020232,0.467532467532468,1155,0.0539303358377973,0.0541664613800305,1,0.388503674585024
Chr20_316029650,20,316029650,0.591623923241884,0.0238095238095238,1155,0.0539303358377973,0.0541664237804081,1,-1.08344939903687
Chr19_235857295,19,235857295,0.591687099651654,0.440692640692641,1155,0.0539303358377973,0.0541663433043743,1,0.404537298289483
Chr12_101197384,12,101197384,0.591714993595506,0.378787878787879,1155,0.0539303358377973,0.0541663077778423,1,-0.556411288619302
Chr20_497610375,20,497610375,0.591954254349418,0.219480519480519,1155,0.0539303358377973,0.0541660031898921,1,0.356505077770834
Chr15_417688314,15,417688314,0.592113542896542,0.26017316017316,1155,0.0539303358377973,0.0541658005499989,1,0.509988798123686
Chr01_317953891,1,317953891,0.592147575400102,0.493939393939394,1155,0.0539303358377973,0.0541657572698881,1,1.69636669306419
Chr14_511253465,14,511253465,0.592185452790199,0.231601731601732,1155,0.0539303358377973,0.0541657091061495,1,0.413269298778175
Chr02_68671595,2,68671595,0.592276615078115,0.0268398268398268,1155,0.0539303358377973,0.0541655932129547,1,-1.05929247905696
Chr06_566226087,6,566226087,0.592284088411348,0.0203463203463203,1155,0.0539303358377973,0.0541655837138522,1,-1.09435549113674
Chr09_305562105,9,305562105,0.592494101199031,0.0554112554112554,1155,0.0539303358377973,0.0541653168745641,1,0.802333018453226
Chr11_199261035,11,199261035,0.592708125760351,0.0212121212121212,1155,0.0539303358377973,0.0541650451384063,1,-1.13052355375308
Chr02_65189192,2,65189192,0.593071769322337,0.251948051948052,1155,0.0539303358377973,0.0541645839021851,1,0.451899387313318
Chr18_446421686,18,446421686,0.593373352183544,0.048051948051948,1155,0.0539303358377973,0.054164201824577,1,-0.769948908583501
Chr08_31449650,8,31449650,0.59341014045954,0.39004329004329,1155,0.0539303358377973,0.0541641552446642,1,-0.40545464861043
Chr21_349182447,21,349182447,0.593782018840605,0.0722943722943723,1155,0.0539303358377973,0.0541636847211365,1,0.648914337097153
Chr04_17079219,4,17079219,0.593850740384381,0.0277056277056277,1155,0.0539303358377973,0.0541635978370425,1,-0.879186696305581
Chr07_151719133,7,151719133,0.593893213604821,0.435930735930736,1155,0.0539303358377973,0.0541635441488847,1,0.399596179846014
Chr03_133234680,3,133234680,0.593925712956024,0.0718614718614719,1155,0.0539303358377973,0.0541635030735299,1,0.67870329713827
Chr01_278402149,1,278402149,0.59401012943577,0.366233766233766,1155,0.0539303358377973,0.0541633964027453,1,0.485301475041069
Chr03_45088476,3,45088476,0.594150040030811,0.0852813852813853,1155,0.0539303358377973,0.0541632196772293,1,-0.569014763555444
Chr06_71367263,6,71367263,0.594253636686804,0.107359307359307,1155,0.0539303358377973,0.0541630888764641,1,-0.55092837363145
Chr14_506236344,14,506236344,0.594293640448952,0.00735930735930736,1155,0.0539303358377973,0.0541630383804863,1,1.5126705195668
Chr13_147013261,13,147013261,0.594314056054862,0.193506493506494,1155,0.0539303358377973,0.0541630126129696,1,0.678616253307155
Chr09_99841839,9,99841839,0.594504915187744,0.351948051948052,1155,0.0539303358377973,0.054162771809107,1,0.5851132229011
Chr16_399007454,16,399007454,0.594869813577897,0.0186147186147186,1155,0.0539303358377973,0.0541623118680856,1,-1.10530184602256
Chr08_123100526,8,123100526,0.594950711485171,0.0467532467532468,1155,0.0539303358377973,0.0541622099783975,1,0.786241521297669
Chr07_501340366,7,501340366,0.594971418056258,0.33030303030303,1155,0.0539303358377973,0.0541621839034007,1,0.388079994095222
Chr18_363139405,18,363139405,0.595226963403896,0.196103896103896,1155,0.0539303358377973,0.0541618622596933,1,-0.4770548732603
Chr12_229222683,12,229222683,0.595247558481171,0.324242424242424,1155,0.0539303358377973,0.0541618363500428,1,-0.394615867649122
Chr08_383284509,8,383284509,0.59527703120197,0.251948051948052,1155,0.0539303358377973,0.054161799275102,1,0.423482044770793
Chr15_590503052,15,590503052,0.59540301371263,0.201298701298701,1155,0.0539303358377973,0.0541616408394713,1,-0.417363516716705
Chr14_377293430,14,377293430,0.59548593778848,0.249350649350649,1155,0.0539303358377973,0.0541615365920947,1,0.517048833210993
Chr08_65898044,8,65898044,0.595549114530454,0.315151515151515,1155,0.0539303358377973,0.054161457190148,1,0.446538134196402
Chr14_209881616,14,209881616,0.595707880525571,0.498701298701299,1155,0.0539303358377973,0.054161257726649,1,-2.71002148879597
Chr06_451345065,6,451345065,0.595755465089703,0.0458874458874459,1155,0.0539303358377973,0.0541611979659279,1,-0.829619115959986
Chr10_122302380,10,122302380,0.595810920522744,0.122943722943723,1155,0.0539303358377973,0.0541611283328133,1,-0.520960205215459
Chr20_275035263,20,275035263,0.595823638144589,0.0246753246753247,1155,0.0539303358377973,0.0541611123657127,1,-1.12032554848126
Chr03_445346859,3,445346859,0.595843145720863,0.0445887445887446,1155,0.0539303358377973,0.0541610878751352,1,0.778743994842216
Chr20_215517142,20,215517142,0.595926316364587,0.0982683982683983,1155,0.0539303358377973,0.0541609834781255,1,0.706741472209586
Chr19_343786016,19,343786016,0.596174463489849,0.436796536796537,1155,0.0539303358377973,0.0541606721800733,1,-0.562911293969933
Chr18_12537188,18,12537188,0.596238732871917,0.158874458874459,1155,0.0539303358377973,0.0541605915986937,1,-0.587459509817961
Chr12_2429506,12,2429506,0.596383409987802,0.146320346320346,1155,0.0539303358377973,0.0541604102676393,1,-0.461317099921459
Chr05_363080587,5,363080587,0.596530138748147,0.111688311688312,1155,0.0539303358377973,0.0541602264585871,1,0.515436421904269
Chr08_2771193,8,2771193,0.596612913520927,0.141125541125541,1155,0.0539303358377973,0.0541601228070383,1,-0.330917991923634
Chr08_317312237,8,317312237,0.596845830659829,0.354545454545455,1155,0.0539303358377973,0.0541598313059906,1,-0.356989965234732
Chr09_292735982,9,292735982,0.597148953240276,0.250649350649351,1155,0.0539303358377973,0.0541594522958387,1,-0.536288980293079
Chr15_12517213,15,12517213,0.597429729236337,0.0177489177489177,1155,0.0539303358377973,0.0541591015843094,1,-1.03859913701126
Chr11_39025473,11,39025473,0.597534855851855,0.108225108225108,1155,0.0539303358377973,0.0541589703612245,1,-0.545829294546593
Chr10_12138335,10,12138335,0.597566957121942,0.0441558441558442,1155,0.0539303358377973,0.0541589303007811,1,-0.795975788567077
Chr17_108653830,17,108653830,0.597630210165859,0.249350649350649,1155,0.0539303358377973,0.0541588513779444,1,0.470916826763442
Chr09_322102749,9,322102749,0.597648262370919,0.204329004329004,1155,0.0539303358377973,0.0541588288568307,1,0.46863057192104
Chr05_327412330,5,327412330,0.598099755050437,0.0515151515151515,1155,0.0539303358377973,0.0541582660564678,1,0.74023215486163
Chr01_281547740,1,281547740,0.598151491869399,0.0216450216450216,1155,0.0539303358377973,0.054158201621484,1,-1.10046874213816
Chr06_453853589,6,453853589,0.598333098731884,0.0554112554112554,1155,0.0539303358377973,0.054157975533592,1,0.792512113976471
Chr10_480596199,10,480596199,0.598354479365857,0.00562770562770563,1155,0.0539303358377973,0.0541579489256268,1,1.69574858666562
Chr19_405564608,19,405564608,0.598461603049386,0.396536796536797,1155,0.0539303358377973,0.0541578156412938,1,0.392352541717969
Chr21_88762690,21,88762690,0.59848664798549,0.0285714285714286,1155,0.0539303358377973,0.0541577844873339,1,-1.02946460509324
Chr05_283664487,5,283664487,0.598701232171269,0.0220779220779221,1155,0.0539303358377973,0.0541575176729262,1,-0.863672248381846
Chr02_231503490,2,231503490,0.598765022818315,0.244155844155844,1155,0.0539303358377973,0.0541574383940756,1,-0.51284028645324
Chr08_310447982,8,310447982,0.598857987293875,0.0722943722943723,1155,0.0539303358377973,0.0541573228897023,1,0.476246263040892
Chr19_608696565,19,608696565,0.598984143890116,0.0311688311688312,1155,0.0539303358377973,0.0541571662055401,1,-1.05881251208589
Chr18_11420631,18,11420631,0.599120049491985,0.176623376623377,1155,0.0539303358377973,0.0541569974905723,1,0.477861226537044
Chr15_142313435,15,142313435,0.59919802876985,0.182251082251082,1155,0.0539303358377973,0.0541569007222689,1,0.6091788952765
Chr13_359605684,13,359605684,0.599250739611516,0.495670995670996,1155,0.0539303358377973,0.0541568353257423,1,1.90029907542248
Chr21_348472353,21,348472353,0.599361015397817,0.417748917748918,1155,0.0539303358377973,0.0541566985493417,1,-0.246612877914686
Chr08_260920894,8,260920894,0.599405334737747,0.0445887445887446,1155,0.0539303358377973,0.0541566435943797,1,-0.726708208173704
Chr15_405816183,15,405816183,0.59949199994456,0.0757575757575758,1155,0.0539303358377973,0.0541565361561133,1,-0.647587304045601
Chr13_134784012,13,134784012,0.599597715731011,0.33030303030303,1155,0.0539303358377973,0.0541564051450407,1,0.467480106162043
Chr10_501850285,10,501850285,0.599621537874666,0.0476190476190476,1155,0.0539303358377973,0.0541563756295104,1,1.27577645287295
Chr05_222232504,5,222232504,0.599668600185991,0.498701298701299,1155,0.0539303358377973,0.0541563173267323,1,2.68843873416154
Chr15_375841544,15,375841544,0.599790902941437,0.00822510822510825,1155,0.0539303358377973,0.0541561658577845,1,1.41224816036265
Chr06_286239190,6,286239190,0.600003029495403,0.493073593073593,1155,0.0539303358377973,0.0541559032978529,1,-1.4444529444927
Chr13_7134967,13,7134967,0.6000163067093,0.276623376623377,1155,0.0539303358377973,0.0541558868704364,1,-0.411380357855222
Chr12_403948438,12,403948438,0.600103341575329,0.487445887445887,1155,0.0539303358377973,0.0541557792042597,1,0.305435522623014
Chr09_8330309,9,8330309,0.600131717045229,0.496103896103896,1155,0.0539303358377973,0.0541557441095707,1,0.274404699885565
Chr06_32397489,6,32397489,0.600153651469435,0.0545454545454545,1155,0.0539303358377973,0.0541557169835321,1,0.743267034424917
Chr09_40202898,9,40202898,0.600391145706399,0.435064935064935,1155,0.0539303358377973,0.0541554234104983,1,-0.533127568289103
Chr12_268902431,12,268902431,0.600392565719769,0.492207792207792,1155,0.0539303358377973,0.0541554216559157,1,-1.17704420189284
Chr20_559988329,20,559988329,0.600443954915044,0.0826839826839827,1155,0.0539303358377973,0.0541553581647551,1,0.614668971203841
Chr03_513591530,3,513591530,0.600732304885213,0.0900432900432901,1155,0.0539303358377973,0.054155002121121,1,-0.550495174985102
Chr19_616055111,19,616055111,0.600756634354243,0.0593073593073593,1155,0.0539303358377973,0.0541549720964435,1,-0.744941362452835
Chr05_86148615,5,86148615,0.601208951256964,0.070995670995671,1155,0.0539303358377973,0.0541544143635385,1,-0.63616793662473
Chr06_532860298,6,532860298,0.601377925519473,0.0714285714285714,1155,0.0539303358377973,0.0541542062349861,1,-0.737460715972247
Chr20_413882401,20,413882401,0.60137908637019,0.0562770562770563,1155,0.0539303358377973,0.0541542048055728,1,0.759862648910513
Chr06_102017911,6,102017911,0.601494954659286,0.0510822510822511,1155,0.0539303358377973,0.0541540621603125,1,-0.586130353829958
Chr21_14618689,21,14618689,0.601845693535757,0.0268398268398268,1155,0.0539303358377973,0.0541536307188923,1,1.02117499966822
Chr19_766524352,19,766524352,0.602042594661209,0.425974025974026,1155,0.0539303358377973,0.0541533887444156,1,0.36262985540867
Chr06_205803703,6,205803703,0.602116556384429,0.0437229437229437,1155,0.0539303358377973,0.0541532978949639,1,-0.823715683721673
Chr17_64410168,17,64410168,0.602130514009055,0.177922077922078,1155,0.0539303358377973,0.0541532807530241,1,-0.578433819829684
Chr01_12992915,1,12992915,0.602209200084868,0.402164502164502,1155,0.0539303358377973,0.0541531841310746,1,-0.307011478790685
Chr12_49342128,12,49342128,0.602721667779732,0.281818181818182,1155,0.0539303358377973,0.0541525555017854,1,0.423426181092793
Chr10_35411515,10,35411515,0.602866045140942,0.0497835497835498,1155,0.0539303358377973,0.0541523786020343,1,-0.731781707834458
Chr11_43013595,11,43013595,0.602868861183623,0.429004329004329,1155,0.0539303358377973,0.0541523751525431,1,0.525024921101988
Chr20_36560917,20,36560917,0.602899136758944,0.486580086580087,1155,0.0539303358377973,0.0541523380688212,1,-0.876510418611133
Chr02_109865,2,109865,0.603199931052643,0.303463203463203,1155,0.0539303358377973,0.0541519698479456,1,0.42278668127986
Chr05_423089443,5,423089443,0.603403449199612,0.0497835497835498,1155,0.0539303358377973,0.0541517209290218,1,0.740694048342519
Chr11_210989308,11,210989308,0.60350119309881,0.143722943722944,1155,0.0539303358377973,0.0541516014435821,1,0.471458272036728
Chr10_7927672,10,7927672,0.603545613431738,0.0792207792207792,1155,0.0539303358377973,0.0541515471562086,1,0.600849233002521
Chr05_382664302,5,382664302,0.603601861118298,0.412121212121212,1155,0.0539303358377973,0.054151478426419,1,-0.296697826715899
Chr21_435069026,21,435069026,0.603891673775581,0.18008658008658,1155,0.0539303358377973,0.0541511245154013,1,-0.521408152460708
Chr13_331813440,13,331813440,0.60395395861932,0.0995670995670996,1155,0.0539303358377973,0.0541510485018847,1,-0.564692107880461
Chr10_142542857,10,142542857,0.604029061131584,0.0935064935064935,1155,0.0539303358377973,0.0541509568675519,1,0.478489748995372
Chr20_12393333,20,12393333,0.604125296355023,0.11038961038961,1155,0.0539303358377973,0.0541508394839997,1,-0.485741948884879
Chr15_417692481,15,417692481,0.604180146634148,0.0272727272727273,1155,0.0539303358377973,0.0541507725977401,1,-0.989372304015475
Chr13_342388936,13,342388936,0.604245355566534,0.0744588744588744,1155,0.0539303358377973,0.0541506930965509,1,0.645017828547452
Chr01_432282489,1,432282489,0.604394890124185,0.0311688311688312,1155,0.0539303358377973,0.054150510856242,1,0.7687541020548
Chr15_347817613,15,347817613,0.604401726786589,0.456277056277056,1155,0.0539303358377973,0.0541505025265698,1,-0.626334189794761
Chr21_103766080,21,103766080,0.60441944294806,0.0181818181818182,1155,0.0539303358377973,0.0541504809424389,1,0.959628357106297
Chr09_416791130,9,416791130,0.604420796146955,0.0255411255411255,1155,0.0539303358377973,0.0541504792938533,1,1.01635680058146
Chr06_504860183,6,504860183,0.604533734936254,0.375757575757576,1155,0.0539303358377973,0.0541503417293353,1,-0.358989244609745
Chr05_64643252,5,64643252,0.604610366257216,0.321645021645022,1155,0.0539303358377973,0.0541502484200043,1,0.397713590256899
Chr01_372847052,1,372847052,0.604712791813034,0.0264069264069264,1155,0.0539303358377973,0.0541501237417852,1,1.05736029255139
Chr08_322958760,8,322958760,0.60488622360965,0.045021645021645,1155,0.0539303358377973,0.0541499127329519,1,0.755586614110783
Chr01_303264653,1,303264653,0.605029291183151,0.264935064935065,1155,0.0539303358377973,0.0541497387639938,1,-0.407155757387812
Chr04_28181412,4,28181412,0.605030775346489,0.0242424242424242,1155,0.0539303358377973,0.0541497369597209,1,-1.05692084333067
Chr21_363105015,21,363105015,0.60546996283833,0.346753246753247,1155,0.0539303358377973,0.0541492034600356,1,-0.443497935073424
Chr09_376675241,9,376675241,0.60550855259419,0.352380952380952,1155,0.0539303358377973,0.0541491566227522,1,-0.437397042106056
Chr11_70255,11,70255,0.605657500759861,0.0294372294372294,1155,0.0539303358377973,0.0541489759004579,1,-0.998084607651549
Chr04_264915964,4,264915964,0.605669074858498,0.0532467532467532,1155,0.0539303358377973,0.0541489618612916,1,-0.579800450952689
Chr12_202519328,12,202519328,0.605713841178691,0.0722943722943723,1155,0.0539303358377973,0.0541489075659625,1,-0.624041119514629
Chr09_204033286,9,204033286,0.605866079354181,0.4995670995671,1155,0.0539303358377973,0.054148722986103,1,1.51413245801359
Chr07_473907750,7,473907750,0.606010582064173,0.221212121212121,1155,0.0539303358377973,0.0541485478763876,1,-0.316149618062511
Chr06_29323161,6,29323161,0.606067979357047,0.122943722943723,1155,0.0539303358377973,0.0541484783464978,1,0.522978644819517
Chr15_482565177,15,482565177,0.606139204514258,0.343722943722944,1155,0.0539303358377973,0.0541483920853243,1,-0.381656584213005
Chr04_134527749,4,134527749,0.606303530036195,0.0593073593073593,1155,0.0539303358377973,0.054148193152185,1,-0.746054117342169
Chr19_702621621,19,702621621,0.606328923269146,0.216450216450216,1155,0.0539303358377973,0.0541481624212853,1,0.456636197020003
Chr02_358145075,2,358145075,0.606401371862215,0.0229437229437229,1155,0.0539303358377973,0.0541480747590551,1,-1.05661329531799
Chr07_412492188,7,412492188,0.60662062980758,0.496103896103896,1155,0.0539303358377973,0.0541478095946996,1,1.76873622716357
Chr15_416855118,15,416855118,0.606644824913361,0.385281385281385,1155,0.0539303358377973,0.0541477803463477,1,0.480955246635176
Chr21_170167822,21,170167822,0.606647018920698,0.0727272727272727,1155,0.0539303358377973,0.054147777694238,1,0.682314385063734
Chr04_20808680,4,20808680,0.606749550954112,0.129437229437229,1155,0.0539303358377973,0.0541476537765498,1,0.462112194728775
Chr18_471516123,18,471516123,0.607132990527402,0.0497835497835498,1155,0.0539303358377973,0.0541471907568647,1,-0.742753962247647
Chr18_519388091,18,519388091,0.607231389206592,0.295670995670996,1155,0.0539303358377973,0.054147072036937,1,-0.399162129555322
Chr20_561512786,20,561512786,0.607254694023226,0.165800865800866,1155,0.0539303358377973,0.0541470439252416,1,-0.435518616857394
Chr05_210212598,5,210212598,0.607272986443218,0.0735930735930736,1155,0.0539303358377973,0.0541470218614214,1,0.623828075861567
Chr13_100698767,13,100698767,0.607672263296596,0.167532467532468,1155,0.0539303358377973,0.0541465406182282,1,0.481716098565016
Chr02_143430809,2,143430809,0.607682158171949,0.375324675324675,1155,0.0539303358377973,0.0541465287006524,1,0.498294635654474
Chr14_251493554,14,251493554,0.60789146929417,0.0415584415584416,1155,0.0539303358377973,0.0541462766995716,1,-0.821709014560469
Chr10_391425291,10,391425291,0.607957280386108,0.0298701298701299,1155,0.0539303358377973,0.0541461975043795,1,1.03393674865904
Chr08_24083451,8,24083451,0.608189494871179,0.142857142857143,1155,0.0539303358377973,0.0541459182106698,1,0.407627553047263
Chr19_388214725,19,388214725,0.608223937445708,0.471428571428571,1155,0.0539303358377973,0.0541458768046488,1,0.424419840515895
Chr21_361088908,21,361088908,0.608241584693466,0.405627705627706,1155,0.0539303358377973,0.0541458555915038,1,-0.312078966015974
Chr21_20854595,21,20854595,0.608289582354471,0.0424242424242424,1155,0.0539303358377973,0.0541457979018499,1,-0.688418126486582
Chr17_294574126,17,294574126,0.608526087066563,0.352380952380952,1155,0.0539303358377973,0.0541455137830034,1,-0.313727514839513
Chr05_155269033,5,155269033,0.608652100967009,0.417316017316017,1155,0.0539303358377973,0.054145362496091,1,-0.337021758906531
Chr19_666909075,19,666909075,0.608872702805023,0.397835497835498,1155,0.0539303358377973,0.0541450978126167,1,0.23393102723864
Chr12_391481080,12,391481080,0.608926181253926,0.0251082251082251,1155,0.0539303358377973,0.0541450336788483,1,1.022894793856
Chr03_429845490,3,429845490,0.60905649273638,0.441125541125541,1155,0.0539303358377973,0.0541448774540467,1,0.306134467526675
Chr19_356190663,19,356190663,0.609096168671742,0.203030303030303,1155,0.0539303358377973,0.054144829902534,1,-0.502402017937015
Chr21_35883277,21,35883277,0.609120555259818,0.362770562770563,1155,0.0539303358377973,0.0541448006785643,1,-0.321968154823594
Chr15_326338383,15,326338383,0.609149228873412,0.237662337662338,1155,0.0539303358377973,0.0541447663204009,1,-0.485911419414435
Chr07_408636416,7,408636416,0.609248712296878,0.0718614718614719,1155,0.0539303358377973,0.0541446471412838,1,0.627715610139063
Chr16_285442862,16,285442862,0.609261090587213,0.429437229437229,1155,0.0539303358377973,0.0541446323152689,1,0.70190138358771
Chr07_117870830,7,117870830,0.609307976651338,0.111255411255411,1155,0.0539303358377973,0.0541445761636595,1,-0.603625976435751
Chr19_400534108,19,400534108,0.609331100916692,0.148484848484848,1155,0.0539303358377973,0.0541445484730343,1,0.544517581868718
Chr21_290016443,21,290016443,0.609371911214374,0.314718614718615,1155,0.0539303358377973,0.0541444996094136,1,0.479234343699659
Chr01_358689795,1,358689795,0.609468707941849,0.0735930735930736,1155,0.0539303358377973,0.0541443837393619,1,0.630363839975459
Chr08_292512959,8,292512959,0.609828000439113,0.0225108225108225,1155,0.0539303358377973,0.0541439539957292,1,1.02021845766713
Chr13_256205612,13,256205612,0.610030024096259,0.0303030303030303,1155,0.0539303358377973,0.054143712597767,1,0.964412953335696
Chr20_116954615,20,116954615,0.610031961819394,0.0493506493506494,1155,0.0539303358377973,0.0541437102832157,1,0.741477405181541
Chr14_9720375,14,9720375,0.610161278000135,0.47012987012987,1155,0.0539303358377973,0.0541435558547224,1,-0.275883148732504
Chr21_81072048,21,81072048,0.610417477512999,0.387445887445887,1155,0.0539303358377973,0.0541432501110414,1,-0.483880879698972
Chr11_64856759,11,64856759,0.610674313433079,0.019047619047619,1155,0.0539303358377973,0.0541429438852343,1,-1.06039680826676
Chr01_333520196,1,333520196,0.610688336448254,0.0696969696969697,1155,0.0539303358377973,0.0541429271735681,1,0.644425336176184
Chr01_496595229,1,496595229,0.610889881718683,0.0822510822510823,1155,0.0539303358377973,0.0541426870771027,1,-0.515535571487192
Chr19_785358633,19,785358633,0.610900531226678,0.192640692640693,1155,0.0539303358377973,0.0541426743953255,1,-0.478353577031811
Chr07_99787069,7,99787069,0.611039519962036,0.0316017316017316,1155,0.0539303358377973,0.0541425089268202,1,0.987779742605568
Chr14_226804006,14,226804006,0.611168740601025,0.176623376623377,1155,0.0539303358377973,0.0541423551602361,1,0.573417221565876
Chr18_114165130,18,114165130,0.611210100978222,0.239393939393939,1155,0.0539303358377973,0.0541423059581227,1,0.430982995145399
Chr02_372620662,2,372620662,0.611415837299555,0.486147186147186,1155,0.0539303358377973,0.0541420613219166,1,0.291588109086319
Chr03_507391564,3,507391564,0.611416240148596,0.473593073593074,1155,0.0539303358377973,0.0541420608430724,1,-0.373360446368906
Chr08_53613815,8,53613815,0.611434659807182,0.0727272727272727,1155,0.0539303358377973,0.0541420389493914,1,0.606763496995086
Chr17_259964419,17,259964419,0.611481495868202,0.00995670995670996,1155,0.0539303358377973,0.0541419832862755,1,1.32890919557323
Chr20_632554051,20,632554051,0.611500976270541,0.00606060606060606,1155,0.0539303358377973,0.0541419601371733,1,-1.32595931773495
Chr02_417977842,2,417977842,0.611622680492342,0.488311688311688,1155,0.0539303358377973,0.0541418155487174,1,0.943979480907274
Chr13_367506065,13,367506065,0.611776635570715,0.282683982683983,1155,0.0539303358377973,0.0541416327342775,1,-0.350253544270373
Chr21_435069040,21,435069040,0.611874997886122,0.454545454545455,1155,0.0539303358377973,0.0541415159856938,1,0.617491442719256
Chr09_368676849,9,368676849,0.611914003048778,0.387445887445887,1155,0.0539303358377973,0.0541414697007713,1,-0.356462105779514
Chr11_105455296,11,105455296,0.611922127535172,0.0246753246753247,1155,0.0539303358377973,0.0541414600607665,1,1.02695467487102
Chr11_62213590,11,62213590,0.611922127535172,0.0246753246753247,1155,0.0539303358377973,0.0541414600607665,1,1.02695467487102
Chr11_76389594,11,76389594,0.611922127535172,0.0246753246753247,1155,0.0539303358377973,0.0541414600607665,1,1.02695467487102
Chr11_80001993,11,80001993,0.611922127535172,0.0246753246753247,1155,0.0539303358377973,0.0541414600607665,1,1.02695467487102
Chr11_82134888,11,82134888,0.611922127535172,0.0246753246753247,1155,0.0539303358377973,0.0541414600607665,1,1.02695467487102
Chr11_94531127,11,94531127,0.611922127535172,0.0246753246753247,1155,0.0539303358377973,0.0541414600607665,1,1.02695467487102
Chr06_343630774,6,343630774,0.611974162570871,0.0454545454545455,1155,0.0539303358377973,0.054141398325832,1,-0.795182867866274
Chr02_412845355,2,412845355,0.612259050070685,0.201298701298701,1155,0.0539303358377973,0.0541410605333812,1,-0.48370281201278
Chr04_68205103,4,68205103,0.612378776764613,0.426839826839827,1155,0.0539303358377973,0.054140918674371,1,-0.273329810134669
Chr14_294849456,14,294849456,0.612457156839626,0.3004329004329,1155,0.0539303358377973,0.0541408258377073,1,0.375517009085684
Chr10_45270395,10,45270395,0.61247642954254,0.291774891774892,1155,0.0539303358377973,0.0541408030142458,1,0.392411769587625
Chr02_211693764,2,211693764,0.612517673067321,0.151082251082251,1155,0.0539303358377973,0.0541407541773385,1,0.503566595371211
Chr14_374358625,14,374358625,0.612769574413523,0.318181818181818,1155,0.0539303358377973,0.0541404560527514,1,-0.33642490492241
Chr17_257725190,17,257725190,0.612911585255796,0.48008658008658,1155,0.0539303358377973,0.0541402881003297,1,-0.321368419956485
Chr08_97530600,8,97530600,0.613038492116489,0.0463203463203463,1155,0.0539303358377973,0.0541401380823545,1,0.699399298301302
Chr20_77025561,20,77025561,0.613235675126502,0.13030303030303,1155,0.0539303358377973,0.0541399051237715,1,0.464278918738003
Chr04_238415765,4,238415765,0.613863507939388,0.174458874458874,1155,0.0539303358377973,0.0541391644630614,1,0.40301329065997
Chr07_361802152,7,361802152,0.613905194748543,0.488311688311688,1155,0.0539303358377973,0.0541391153429643,1,0.383899819220233
Chr11_57699278,11,57699278,0.614046058774178,0.0251082251082251,1155,0.0539303358377973,0.054138949414731,1,1.01557850577406
Chr04_78008803,4,78008803,0.614069361355011,0.32034632034632,1155,0.0539303358377973,0.0541389219738546,1,-0.433259465901131
Chr19_54220638,19,54220638,0.614070264090824,0.0246753246753247,1155,0.0539303358377973,0.0541389209108467,1,-1.01573163057684
Chr02_14456674,2,14456674,0.614191387068814,0.381818181818182,1155,0.0539303358377973,0.0541387783146153,1,0.347529012735095
Chr08_367293711,8,367293711,0.614321865618648,0.0826839826839827,1155,0.0539303358377973,0.0541386247726391,1,0.587951576818909
Chr02_428270902,2,428270902,0.6144991502531,0.365800865800866,1155,0.0539303358377973,0.0541384162648002,1,0.320267445372338
Chr18_28119630,18,28119630,0.6146004296072,0.354978354978355,1155,0.0539303358377973,0.0541382972069857,1,-0.283946268533413
Chr13_230311532,13,230311532,0.614855615246876,0.0264069264069264,1155,0.0539303358377973,0.0541379974157327,1,0.966977349541196
Chr11_18278414,11,18278414,0.615029341739369,0.0930735930735931,1155,0.0539303358377973,0.0541377934774732,1,0.669564378589911
Chr01_450994610,1,450994610,0.615058916940354,0.0688311688311688,1155,0.0539303358377973,0.0541377587715279,1,-0.643005786939824
Chr08_428048000,8,428048000,0.615084430099524,0.344588744588745,1155,0.0539303358377973,0.0541377288352378,1,0.286004777889787
Chr18_276037160,18,276037160,0.615150241483077,0.0493506493506494,1155,0.0539303358377973,0.0541376516268496,1,0.723304920202509
Chr09_62140713,9,62140713,0.615150799785603,0.365367965367965,1155,0.0539303358377973,0.0541376509719372,1,-0.404711753870515
Chr13_316966048,13,316966048,0.61518279669223,0.215151515151515,1155,0.0539303358377973,0.0541376134404892,1,-0.443586493564112
Chr02_289059978,2,289059978,0.615189684481759,0.0246753246753247,1155,0.0539303358377973,0.0541376053618672,1,1.01826935843718
Chr07_349057400,7,349057400,0.615347164123757,0.0800865800865801,1155,0.0539303358377973,0.0541374207093325,1,-0.624449268489968
Chr17_65245958,17,65245958,0.61557901768296,0.0445887445887446,1155,0.0539303358377973,0.0541371490373473,1,-0.725965135807613
Chr01_117688807,1,117688807,0.615583821042984,0.0385281385281385,1155,0.0539303358377973,0.0541371434114213,1,-0.770653497972205
Chr15_439039524,15,439039524,0.615668649339951,0.237662337662338,1155,0.0539303358377973,0.0541370440722433,1,0.409646326078416
Chr15_556717126,15,556717126,0.615721973512346,0.248484848484848,1155,0.0539303358377973,0.0541369816416392,1,-0.423323819581469
Chr16_90815955,16,90815955,0.615815860760161,0.216017316017316,1155,0.0539303358377973,0.0541368717494979,1,-0.402785592788177
Chr17_55628514,17,55628514,0.615880669626609,0.0493506493506494,1155,0.0539303358377973,0.0541367959140584,1,0.733699630021661
Chr10_12150730,10,12150730,0.616301988318301,0.045021645021645,1155,0.0539303358377973,0.0541363033371727,1,-0.742026699142897
Chr13_9887226,13,9887226,0.616356569710852,0.100865800865801,1155,0.0539303358377973,0.0541362395782214,1,0.519012692606765
Chr07_140940658,7,140940658,0.616425098100623,0.0515151515151515,1155,0.0539303358377973,0.0541361595446477,1,0.770475873638105
Chr04_246672510,4,246672510,0.61663595488056,0.0696969696969697,1155,0.0539303358377973,0.0541359134093499,1,0.600214253923426
Chr13_311575565,13,311575565,0.616641263191943,0.185281385281385,1155,0.0539303358377973,0.0541359072152795,1,0.451808427635115
Chr14_449356043,14,449356043,0.616844997979075,0.493073593073593,1155,0.0539303358377973,0.0541356695729922,1,0.265797918913393
Chr15_7203793,15,7203793,0.616849979735652,0.0255411255411255,1155,0.0539303358377973,0.0541356637642759,1,-0.906438281400355
Chr11_219800537,11,219800537,0.616920094808358,0.24025974025974,1155,0.0539303358377973,0.0541355820211802,1,0.384623788340491
Chr06_108258744,6,108258744,0.616921189757189,0.0207792207792208,1155,0.0539303358377973,0.0541355807448051,1,1.03935603830281
Chr06_505054047,6,505054047,0.617299750194963,0.0285714285714286,1155,0.0539303358377973,0.0541351397563232,1,1.00520428136178
Chr04_186288448,4,186288448,0.617621142708848,0.0753246753246753,1155,0.0539303358377973,0.0541347658284633,1,-0.610226987420219
Chr03_175419078,3,175419078,0.617662407651902,0.0298701298701299,1155,0.0539303358377973,0.0541347178492128,1,-1.04852982533748
Chr10_248885287,10,248885287,0.618081302838421,0.0233766233766234,1155,0.0539303358377973,0.0541342311927661,1,-0.954402671709673
Chr20_209289446,20,209289446,0.61837338525446,0.482251082251082,1155,0.0539303358377973,0.0541338922911512,1,-0.863800266702128
Chr15_606860001,15,606860001,0.618377235122458,0.0792207792207792,1155,0.0539303358377973,0.0541338878265228,1,0.576556144041263
Chr07_230540638,7,230540638,0.618770145612385,0.178787878787879,1155,0.0539303358377973,0.0541334324958386,1,-0.396216851929921
Chr06_542068008,6,542068008,0.618787552928123,0.427272727272727,1155,0.0539303358377973,0.0541334123378061,1,0.287043696512114
Chr05_353570406,5,353570406,0.618794879006259,0.490909090909091,1155,0.0539303358377973,0.0541334038544324,1,1.10738769330374
Chr13_318594036,13,318594036,0.618942141208076,0.307359307359307,1155,0.0539303358377973,0.0541332333761528,1,0.40292432552323
Chr06_360036936,6,360036936,0.618946333673014,0.0441558441558442,1155,0.0539303358377973,0.054133228524045,1,-0.784442253020998
Chr16_375303491,16,375303491,0.619372655816189,0.172727272727273,1155,0.0539303358377973,0.0541327355024226,1,-0.455023397244531
Chr20_532327094,20,532327094,0.619484659424805,0.162770562770563,1155,0.0539303358377973,0.0541326060995397,1,0.572620776984621
Chr07_500897986,7,500897986,0.619492635688845,0.025974025974026,1155,0.0539303358377973,0.0541325968861656,1,-0.973440144389599
Chr06_106280228,6,106280228,0.619538470532401,0.313419913419913,1155,0.0539303358377973,0.0541325439474596,1,0.409469762724257
Chr05_66255971,5,66255971,0.619953254884334,0.392207792207792,1155,0.0539303358377973,0.0541320652690848,1,0.34811275674852
Chr04_169587152,4,169587152,0.62001182758088,0.0506493506493507,1155,0.0539303358377973,0.0541319977307195,1,0.703940538671119
Chr13_167770144,13,167770144,0.620012700734197,0.0445887445887446,1155,0.0539303358377973,0.0541319967240224,1,-0.776922938346971
Chr07_411102923,7,411102923,0.620137105184509,0.483549783549784,1155,0.0539303358377973,0.0541318533242886,1,-0.325002519674968
Chr15_345038363,15,345038363,0.620733466206758,0.195670995670996,1155,0.0539303358377973,0.0541311667871234,1,0.460730300728187
Chr20_158929707,20,158929707,0.620749661877615,0.414285714285714,1155,0.0539303358377973,0.0541311481628396,1,0.390167141756876
Chr19_96269829,19,96269829,0.620769856324724,0.0212121212121212,1155,0.0539303358377973,0.0541311249416525,1,0.975313867485966
Chr09_255348924,9,255348924,0.620820620483025,0.0779220779220779,1155,0.0539303358377973,0.0541310665763534,1,0.600376994071894
Chr09_376675246,9,376675246,0.620890993909381,0.0493506493506494,1155,0.0539303358377973,0.0541309856830712,1,-0.700040084373384
Chr17_285317467,17,285317467,0.620999225694857,0.378354978354978,1155,0.0539303358377973,0.0541308613117409,1,0.298709195420116
Chr14_339075098,14,339075098,0.621264721703814,0.43982683982684,1155,0.0539303358377973,0.0541305564281345,1,0.427388441729306
Chr08_238404435,8,238404435,0.62131042709629,0.435064935064935,1155,0.0539303358377973,0.0541305039712494,1,0.360413029328356
Chr02_245307556,2,245307556,0.621340275120596,0.0220779220779221,1155,0.0539303358377973,0.0541304697187641,1,-1.05524626547512
Chr10_75993317,10,75993317,0.621596888960882,0.0246753246753246,1155,0.0539303358377973,0.054130175388647,1,-0.918956783232261
Chr20_132511123,20,132511123,0.621598418303716,0.395670995670996,1155,0.0539303358377973,0.0541301736353329,1,0.467469223254909
Chr02_127869351,2,127869351,0.621707238157249,0.4004329004329,1155,0.0539303358377973,0.0541300489035117,1,0.454928418451232
Chr18_165923396,18,165923396,0.621874535583931,0.0792207792207792,1155,0.0539303358377973,0.0541298572378045,1,-0.616663323142745
Chr12_374697532,12,374697532,0.621889066972314,0.0402597402597403,1155,0.0539303358377973,0.0541298405951989,1,0.751881582940172
Chr13_172328611,13,172328611,0.621897192944331,0.299134199134199,1155,0.0539303358377973,0.0541298312890084,1,0.455773832183922
Chr20_350521628,20,350521628,0.621908607412298,0.32034632034632,1155,0.0539303358377973,0.0541298182171516,1,-0.410545893800418
Chr05_399502586,5,399502586,0.62192262868369,0.23030303030303,1155,0.0539303358377973,0.0541298021607149,1,0.396160526425462
Chr20_279312107,20,279312107,0.621950769230336,0.0341991341991342,1155,0.0539303358377973,0.0541297699380339,1,-0.801765952255863
Chr08_81585541,8,81585541,0.621969958601223,0.385714285714286,1155,0.0539303358377973,0.0541297479668638,1,-0.319308427322227
Chr19_39921457,19,39921457,0.622023104968728,0.0584415584415584,1155,0.0539303358377973,0.0541296871239549,1,0.906165447927606
Chr08_269582355,8,269582355,0.622291265260061,0.0194805194805194,1155,0.0539303358377973,0.0541293803052779,1,-1.05254249596328
Chr06_326245182,6,326245182,0.622306448766297,0.306493506493506,1155,0.0539303358377973,0.054129362941682,1,-0.472080535438863
Chr01_345921380,1,345921380,0.62237332895583,0.0562770562770563,1155,0.0539303358377973,0.0541292864698477,1,-0.66147729680506
Chr14_298636607,14,298636607,0.622763822541357,0.0640692640692641,1155,0.0539303358377973,0.0541288403379954,1,-0.506259130437911
Chr13_33007043,13,33007043,0.622772375254444,0.0896103896103896,1155,0.0539303358377973,0.0541288305736382,1,-0.527514574950828
Chr09_385396398,9,385396398,0.622838355381633,0.475324675324675,1155,0.0539303358377973,0.0541287552562736,1,0.300362801024477
Chr11_216859656,11,216859656,0.62296744942007,0.201731601731602,1155,0.0539303358377973,0.0541286079447251,1,-0.481638565697324
Chr06_265717880,6,265717880,0.622974968420793,0.429004329004329,1155,0.0539303358377973,0.0541285993667506,1,-0.301246120064064
Chr02_166420720,2,166420720,0.622986157330045,0.307359307359307,1155,0.0539303358377973,0.0541285866024256,1,0.436814112273282
Chr20_218378407,20,218378407,0.623144168057659,0.0584415584415584,1155,0.0539303358377973,0.0541284063980296,1,-0.655217144416838
Chr07_486806296,7,486806296,0.623234107935708,0.361471861471861,1155,0.0539303358377973,0.0541283038709289,1,0.311087211553541
Chr06_530356145,6,530356145,0.623363398920297,0.415584415584416,1155,0.0539303358377973,0.0541281565432087,1,0.262481625303025
Chr19_774682711,19,774682711,0.623422524583616,0.107359307359307,1155,0.0539303358377973,0.054128089191907,1,0.575273748986973
Chr15_376636040,15,376636040,0.623461189454003,0.0515151515151515,1155,0.0539303358377973,0.0541280451556275,1,-0.732410479602507
Chr02_376118093,2,376118093,0.623721810581799,0.235497835497836,1155,0.0539303358377973,0.0541277484871999,1,-0.504830748864265
Chr11_224814681,11,224814681,0.624018221807314,0.0961038961038961,1155,0.0539303358377973,0.0541274114143346,1,-0.512463917638428
Chr09_59538840,9,59538840,0.62418915454781,0.470562770562771,1155,0.0539303358377973,0.0541272171954841,1,-0.708393417206935
Chr17_211936770,17,211936770,0.624341721213572,0.326406926406926,1155,0.0539303358377973,0.0541270439450067,1,-0.332488267320912
Chr06_70995658,6,70995658,0.624437533107774,0.121645021645022,1155,0.0539303358377973,0.0541269351920175,1,-0.542984003488812
Chr02_84185984,2,84185984,0.624561721582534,0.029004329004329,1155,0.0539303358377973,0.0541267942851681,1,0.977248748742966
Chr20_117947131,20,117947131,0.624734199376031,0.276623376623377,1155,0.0539303358377973,0.0541265986921204,1,0.451519014765211
Chr19_545194755,19,545194755,0.62476120135033,0.365367965367965,1155,0.0539303358377973,0.0541265680823105,1,0.438999197447345
Chr20_49517438,20,49517438,0.624775609716059,0.483982683982684,1155,0.0539303358377973,0.0541265517499956,1,-0.574734097163969
Chr20_537773954,20,537773954,0.624990227955438,0.025974025974026,1155,0.0539303358377973,0.0541263085735334,1,-0.959441303795955
Chr06_515472103,6,515472103,0.625375762137908,0.038961038961039,1155,0.0539303358377973,0.0541258722073248,1,0.624518804630824
Chr06_336561408,6,336561408,0.625387111229038,0.0645021645021645,1155,0.0539303358377973,0.0541258593710058,1,0.582985645542834
Chr01_503410060,1,503410060,0.625395211126886,0.222077922077922,1155,0.0539303358377973,0.0541258502099849,1,-0.433362240712313
Chr01_488231444,1,488231444,0.625459666023315,0.480952380952381,1155,0.0539303358377973,0.0541257773206779,1,0.278055758489359
Chr20_553236783,20,553236783,0.625672422532082,0.132900432900433,1155,0.0539303358377973,0.054125536842822,1,0.422889672112348
Chr14_458669718,14,458669718,0.625691083087982,0.112554112554113,1155,0.0539303358377973,0.0541255157596121,1,-0.573370694315145
Chr21_165532187,21,165532187,0.625940934298696,0.080952380952381,1155,0.0539303358377973,0.0541252336066235,1,0.809949142353844
Chr05_152304438,5,152304438,0.626365040582809,0.121645021645022,1155,0.0539303358377973,0.0541247552483616,1,0.458181230359344
Chr14_507288353,14,507288353,0.626402685393711,0.150649350649351,1155,0.0539303358377973,0.0541247128231421,1,0.399758689689065
Chr17_299625387,17,299625387,0.626597726211175,0.00865800865800866,1155,0.0539303358377973,0.0541244931063384,1,-1.26447300735473
Chr13_70082396,13,70082396,0.626621299092271,0.0493506493506494,1155,0.0539303358377973,0.0541244665614963,1,0.731001939392087
Chr12_13692837,12,13692837,0.626659520924773,0.445887445887446,1155,0.0539303358377973,0.0541244235255997,1,-0.31530991440178
Chr05_229827063,5,229827063,0.626783869517952,0.096969696969697,1155,0.0539303358377973,0.0541242835560498,1,0.507030912260987
Chr10_391410857,10,391410857,0.626939664559617,0.438095238095238,1155,0.0539303358377973,0.0541241082777912,1,0.629885770447117
Chr05_417057730,5,417057730,0.627049199197449,0.364069264069264,1155,0.0539303358377973,0.0541239851037665,1,-0.387279920574599
Chr05_210496447,5,210496447,0.627420643178513,0.0735930735930736,1155,0.0539303358377973,0.0541235677675058,1,0.590383869556817
Chr06_484686749,6,484686749,0.627675384282189,0.0255411255411255,1155,0.0539303358377973,0.0541232818744526,1,-0.998237362770809
Chr06_339354189,6,339354189,0.627697628653276,0.0454545454545455,1155,0.0539303358377973,0.0541232569222601,1,-0.73118660850983
Chr20_78742042,20,78742042,0.627721236483771,0.340692640692641,1155,0.0539303358377973,0.0541232304428174,1,0.4183596280659
Chr13_49241706,13,49241706,0.627830478255532,0.388311688311688,1155,0.0539303358377973,0.0541231079423034,1,-0.329452673977272
Chr09_349747018,9,349747018,0.627833851733318,0.422077922077922,1155,0.0539303358377973,0.0541231041601481,1,-0.337099834593118
Chr02_358787249,2,358787249,0.627957533434375,0.122077922077922,1155,0.0539303358377973,0.0541229655268115,1,-0.473996232498848
Chr13_15323046,13,15323046,0.627972499681205,0.368398268398268,1155,0.0539303358377973,0.0541229487555029,1,0.330409870083884
Chr19_54054575,19,54054575,0.62805962059265,0.470995670995671,1155,0.0539303358377973,0.0541228511449368,1,0.499817272398559
Chr06_505054010,6,505054010,0.628384148577616,0.0562770562770563,1155,0.0539303358377973,0.0541224878114898,1,-0.690566494068136
Chr21_172799724,21,172799724,0.628409642277867,0.146753246753247,1155,0.0539303358377973,0.054122459287324,1,-0.48478852164618
Chr03_498108343,3,498108343,0.628841086726168,0.448484848484848,1155,0.0539303358377973,0.0541219769529103,1,-0.244789595469683
Chr10_373145830,10,373145830,0.628978729312572,0.166233766233766,1155,0.0539303358377973,0.0541218232324104,1,0.561213642062285
Chr03_469255042,3,469255042,0.629007973562977,0.25021645021645,1155,0.0539303358377973,0.0541217905819646,1,0.42136174023517
Chr21_90665189,21,90665189,0.629024902298291,0.0194805194805195,1155,0.0539303358377973,0.0541217716830407,1,1.00230701236916
Chr07_475218231,7,475218231,0.629041879514586,0.0939393939393939,1155,0.0539303358377973,0.0541217527311505,1,-0.516682081255354
Chr21_208887568,21,208887568,0.629131338332203,0.103463203463203,1155,0.0539303358377973,0.0541216528862029,1,0.515848470092038
Chr13_213022087,13,213022087,0.629263579711475,0.123809523809524,1155,0.0539303358377973,0.0541215053505076,1,-0.570809481327103
Chr15_503679650,15,503679650,0.629370011699961,0.295238095238095,1155,0.0539303358377973,0.0541213866601462,1,0.484787878126042
Chr15_65143994,15,65143994,0.629453911111902,0.0744588744588745,1155,0.0539303358377973,0.0541212931296017,1,0.576367074528122
Chr10_422947999,10,422947999,0.629665874597594,0.348917748917749,1155,0.0539303358377973,0.0541210569597859,1,0.417061993024845
Chr09_31194772,9,31194772,0.629851266259903,0.349350649350649,1155,0.0539303358377973,0.0541208505439816,1,0.278788512530184
Chr06_484526143,6,484526143,0.629895487509824,0.0909090909090909,1155,0.0539303358377973,0.0541208013282171,1,0.542565514060499
Chr18_541494862,18,541494862,0.630028228243182,0.466666666666667,1155,0.0539303358377973,0.0541206536422981,1,0.550322462663303
Chr15_428831152,15,428831152,0.630096824592982,0.318614718614719,1155,0.0539303358377973,0.0541205773503945,1,0.320981478313485
Chr08_195830132,8,195830132,0.630323438784239,0.0268398268398268,1155,0.0539303358377973,0.0541203254472069,1,0.932907132256574
Chr14_374358597,14,374358597,0.630383952857412,0.0441558441558442,1155,0.0539303358377973,0.0541202582148472,1,-0.716828241404542
Chr12_238470365,12,238470365,0.630484492018604,0.265800865800866,1155,0.0539303358377973,0.0541201465462059,1,-0.403772359431997
Chr20_518152221,20,518152221,0.630502581594229,0.354978354978355,1155,0.0539303358377973,0.054120126458443,1,-0.309110870223975
Chr02_79929176,2,79929176,0.630762814766435,0.135497835497836,1155,0.0539303358377973,0.0541198376246158,1,0.487464754228228
Chr09_355732498,9,355732498,0.630780143913652,0.0532467532467532,1155,0.0539303358377973,0.054119818400547,1,0.60308542260114
Chr11_11700200,11,11700200,0.630795110713912,0.0229437229437229,1155,0.0539303358377973,0.0541198017981089,1,-0.951558737161534
Chr08_246435426,8,246435426,0.630961886106046,0.0727272727272728,1155,0.0539303358377973,0.0541196168573534,1,-0.595451544689695
Chr06_56295983,6,56295983,0.630969835564298,0.121645021645022,1155,0.0539303358377973,0.0541196080448071,1,-0.555414157381279
Chr18_359455445,18,359455445,0.631029173488737,0.258441558441558,1155,0.0539303358377973,0.05411954227243,1,-0.362050460515889
Chr14_471586309,14,471586309,0.631109028081026,0.0948051948051948,1155,0.0539303358377973,0.054119453780812,1,0.79126808999149
Chr13_176050196,13,176050196,0.631189836715023,0.0948051948051948,1155,0.0539303358377973,0.0541193642578988,1,-0.532806369699017
Chr21_94851421,21,94851421,0.631284311226624,0.0316017316017316,1155,0.0539303358377973,0.054119259628473,1,-0.963186225060213
Chr09_149740913,9,149740913,0.631417714552503,0.080952380952381,1155,0.0539303358377973,0.054119111946529,1,0.552705278029862
Chr12_255376733,12,255376733,0.631728007722279,0.406060606060606,1155,0.0539303358377973,0.0541187687163752,1,0.488245503753319
Chr10_469954334,10,469954334,0.631762394835593,0.1,1155,0.0539303358377973,0.0541187307027879,1,-0.620129043276393
Chr14_521991215,14,521991215,0.631933363626797,0.312987012987013,1155,0.0539303358377973,0.0541185417735814,1,0.385761704772648
Chr15_42256542,15,42256542,0.632024689718086,0.0515151515151515,1155,0.0539303358377973,0.0541184409013598,1,0.719923502865413
Chr11_44440024,11,44440024,0.632026004447033,0.37012987012987,1155,0.0539303358377973,0.0541184394494492,1,0.46595850548124
Chr18_78469864,18,78469864,0.632101912575722,0.0181818181818182,1155,0.0539303358377973,0.054118355632499,1,-0.898294745094162
Chr06_298563889,6,298563889,0.632128466686605,0.0281385281385281,1155,0.0539303358377973,0.0541183263171554,1,-0.979977783521576
Chr01_374079181,1,374079181,0.63243770028885,0.306060606060606,1155,0.0539303358377973,0.0541179851346828,1,0.374107589828043
Chr01_353522722,1,353522722,0.632777892119796,0.404329004329004,1155,0.0539303358377973,0.0541176102353578,1,0.272721713057734
Chr09_434824545,9,434824545,0.632787011491851,0.0779220779220779,1155,0.0539303358377973,0.0541176001919366,1,-0.77088834183769
Chr13_35443445,13,35443445,0.632903319591378,0.298268398268398,1155,0.0539303358377973,0.0541174721275628,1,-0.433677829687838
Chr07_45749691,7,45749691,0.632996591546114,0.362337662337662,1155,0.0539303358377973,0.0541173694666753,1,-0.402456619225575
Chr18_380711208,18,380711208,0.633032268948592,0.417748917748918,1155,0.0539303358377973,0.0541173302070672,1,0.479592689105516
Chr08_260073824,8,260073824,0.633045193224859,0.1004329004329,1155,0.0539303358377973,0.0541173159863713,1,-0.509434759992871
Chr14_45106614,14,45106614,0.633457973643718,0.0515151515151515,1155,0.0539303358377973,0.0541168621496511,1,-0.632962968201753
Chr16_51230514,16,51230514,0.633501802803553,0.374025974025974,1155,0.0539303358377973,0.0541168140008783,1,-0.263001601426382
Chr10_128296853,10,128296853,0.633561348382587,0.228571428571429,1155,0.0539303358377973,0.0541167485989689,1,-0.415265650193987
Chr19_446032251,19,446032251,0.63363688425645,0.286147186147186,1155,0.0539303358377973,0.0541166656543718,1,-0.429652952955735
Chr02_425040078,2,425040078,0.633748790325152,0.315151515151515,1155,0.0539303358377973,0.0541165428139515,1,-0.391372218630408
Chr07_437730989,7,437730989,0.633760724005775,0.148917748917749,1155,0.0539303358377973,0.0541165297171633,1,-0.485851903472735
Chr20_292073143,20,292073143,0.633899097256586,0.385281385281385,1155,0.0539303358377973,0.0541163778987374,1,0.347161419962447
Chr03_42742644,3,42742644,0.633961203982504,0.225974025974026,1155,0.0539303358377973,0.0541163097820521,1,0.410362221203741
Chr07_408636398,7,408636398,0.634316560275144,0.0324675324675325,1155,0.0539303358377973,0.0541159203327546,1,-0.927122281937727
Chr08_213012319,8,213012319,0.634385932018493,0.32987012987013,1155,0.0539303358377973,0.0541158443638737,1,0.414154382018978
Chr21_28087980,21,28087980,0.634614262473002,0.146753246753247,1155,0.0539303358377973,0.0541155944542474,1,0.354784034456657
Chr18_165162052,18,165162052,0.634696342085911,0.298701298701299,1155,0.0539303358377973,0.0541155046678807,1,0.460238384686818
Chr13_214446377,13,214446377,0.634717617992712,0.0982683982683983,1155,0.0539303358377973,0.054115481398654,1,-0.540531354052746
Chr12_153416981,12,153416981,0.634928628195396,0.201298701298701,1155,0.0539303358377973,0.0541152507161505,1,-0.337134625025897
Chr01_66514005,1,66514005,0.635007337762794,0.132467532467533,1155,0.0539303358377973,0.0541151647136915,1,0.514296134901997
Chr02_86701996,2,86701996,0.635091761985336,0.0411255411255411,1155,0.0539303358377973,0.0541150724943318,1,-0.721940526647842
Chr21_443007670,21,443007670,0.635171179896278,0.485714285714286,1155,0.0539303358377973,0.0541149857692711,1,0.302724884123734
Chr02_376282452,2,376282452,0.635310698106926,0.0796536796536797,1155,0.0539303358377973,0.0541148334745651,1,0.556338396653416
Chr06_55650405,6,55650405,0.635388403675149,0.303030303030303,1155,0.0539303358377973,0.0541147486864226,1,-0.425573681685364
Chr11_184420595,11,184420595,0.63572429769511,0.26017316017316,1155,0.0539303358377973,0.0541143824514685,1,0.32419959601441
Chr02_301714194,2,301714194,0.635732864951608,0.283982683982684,1155,0.0539303358377973,0.05411437311617,1,-0.40745827359612
Chr15_84530110,15,84530110,0.636277813318664,0.0246753246753247,1155,0.0539303358377973,0.0541137799096127,1,0.997910509295906
Chr03_456836216,3,456836216,0.636396296713399,0.411688311688312,1155,0.0539303358377973,0.0541136510889666,1,0.277748032071827
Chr13_349926863,13,349926863,0.63669647372427,0.175757575757576,1155,0.0539303358377973,0.0541133249703756,1,-0.448446473968175
Chr20_130955237,20,130955237,0.636850429535973,0.161471861471861,1155,0.0539303358377973,0.0541131578473493,1,-0.402117820494254
Chr17_191638740,17,191638740,0.637098691808127,0.296969696969697,1155,0.0539303358377973,0.0541128885488962,1,-0.424447791576426
Chr02_421061447,2,421061447,0.637109636550542,0.241991341991342,1155,0.0539303358377973,0.0541128766823507,1,-0.375825414724972
Chr08_280659630,8,280659630,0.637121297074185,0.0493506493506494,1155,0.0539303358377973,0.0541128640402576,1,-0.698818010500872
Chr19_175818884,19,175818884,0.637271870874194,0.351948051948052,1155,0.0539303358377973,0.0541127008394195,1,-0.3020452644503
Chr15_5517680,15,5517680,0.637389462142778,0.476623376623377,1155,0.0539303358377973,0.0541125734490606,1,0.752595076208308
Chr10_445117682,10,445117682,0.637403585494602,0.491341991341991,1155,0.0539303358377973,0.054112558152446,1,1.1076899466243
Chr12_411452155,12,411452155,0.63757721149975,0.0571428571428571,1155,0.0539303358377973,0.0541123701669946,1,-0.625321048395179
Chr14_328615258,14,328615258,0.637625415581789,0.319480519480519,1155,0.0539303358377973,0.0541123179973044,1,-0.325943058702819
Chr11_16633622,11,16633622,0.637719689527219,0.0277056277056277,1155,0.0539303358377973,0.0541122159941259,1,-0.698372102835563
Chr01_448909408,1,448909408,0.637737262790008,0.0874458874458875,1155,0.0539303358377973,0.0541121969839489,1,-0.494068199908824
Chr02_12707941,2,12707941,0.63800321970915,0.0645021645021645,1155,0.0539303358377973,0.0541119094287044,1,-0.574189200285304
Chr16_19559609,16,19559609,0.638026881199697,0.404329004329004,1155,0.0539303358377973,0.0541118838591325,1,-0.560968214371883
Chr15_360964093,15,360964093,0.638043938868849,0.1,1155,0.0539303358377973,0.0541118654272805,1,-0.438797112836596
Chr20_666752307,20,666752307,0.638044894908979,0.0497835497835498,1155,0.0539303358377973,0.0541118643942561,1,-0.551658913660603
Chr04_69080301,4,69080301,0.638141943241668,0.495670995670996,1155,0.0539303358377973,0.0541117595497423,1,-1.71322435539423
Chr06_234033536,6,234033536,0.638183325667935,0.492640692640693,1155,0.0539303358377973,0.0541117148541912,1,1.00595766469542
Chr19_94456072,19,94456072,0.638326367132498,0.0913419913419913,1155,0.0539303358377973,0.054111560412461,1,-0.503745767569384
Chr20_112258324,20,112258324,0.638433597021033,0.238961038961039,1155,0.0539303358377973,0.0541114446891341,1,0.415479741902942
Chr04_210444075,4,210444075,0.638437466479791,0.0523809523809524,1155,0.0539303358377973,0.0541114405140262,1,0.652996713404264
Chr01_41878426,1,41878426,0.638438211473457,0.410822510822511,1155,0.0539303358377973,0.0541114397101933,1,-0.2589662596084
Chr12_300104877,12,300104877,0.638518379266614,0.393939393939394,1155,0.0539303358377973,0.0541113532234213,1,-0.370517003555108
Chr04_7559946,4,7559946,0.638540469700689,0.0251082251082251,1155,0.0539303358377973,0.0541113293962106,1,0.928550395798709
Chr10_169871200,10,169871200,0.638617865783734,0.224675324675325,1155,0.0539303358377973,0.0541112459302535,1,-0.396179106272854
Chr02_53517790,2,53517790,0.638630164850987,0.0268398268398269,1155,0.0539303358377973,0.0541112326687841,1,-0.886002250244928
Chr05_409915286,5,409915286,0.638919611010454,0.107792207792208,1155,0.0539303358377973,0.0541109207446889,1,0.430107130143654
Chr01_454438812,1,454438812,0.638946120201988,0.297835497835498,1155,0.0539303358377973,0.0541108921932546,1,0.326583057843635
Chr06_424161336,6,424161336,0.639100659652341,0.0493506493506494,1155,0.0539303358377973,0.0541107258030723,1,0.687405330941999
Chr15_347654598,15,347654598,0.63923006361317,0.124242424242424,1155,0.0539303358377973,0.0541105865478605,1,0.470133420549445
Chr19_495738955,19,495738955,0.639531226943777,0.0281385281385281,1155,0.0539303358377973,0.054110262711548,1,0.911543402859465
Chr18_261013077,18,261013077,0.639532381381123,0.145021645021645,1155,0.0539303358377973,0.0541102614708833,1,-0.36064030042462
Chr14_63244407,14,63244407,0.639627736308612,0.373160173160173,1155,0.0539303358377973,0.0541101590116394,1,-0.293711329710106
Chr17_86175927,17,86175927,0.639935961671023,0.244588744588745,1155,0.0539303358377973,0.0541098280656395,1,0.394064696180322
Chr18_464305151,18,464305151,0.639936030619552,0.0294372294372295,1155,0.0539303358377973,0.0541098279916508,1,-0.894054737874285
Chr18_509392526,18,509392526,0.639954089332932,0.475757575757576,1155,0.0539303358377973,0.0541098086132801,1,-0.467152530652811
Chr21_203177931,21,203177931,0.639968789077507,0.145454545454545,1155,0.0539303358377973,0.0541097928402762,1,-0.466747673283976
Chr20_76599628,20,76599628,0.640157177835649,0.0142857142857143,1155,0.0539303358377973,0.0541095907716906,1,-0.957371653333865
Chr19_11740945,19,11740945,0.640182638645558,0.0774891774891775,1155,0.0539303358377973,0.0541095634726875,1,-0.584780340469223
Chr09_299437224,9,299437224,0.640334530133437,0.222943722943723,1155,0.0539303358377973,0.0541094006677427,1,-0.509020413627695
Chr18_410135430,18,410135430,0.640480843073044,0.0272727272727273,1155,0.0539303358377973,0.0541092439273946,1,0.908214955848891
Chr06_83749400,6,83749400,0.640582523983618,0.454978354978355,1155,0.0539303358377973,0.0541091350491515,1,0.283321508671065
Chr01_405762296,1,405762296,0.640748683045346,0.306926406926407,1155,0.0539303358377973,0.054108957215645,1,0.384166166292374
Chr11_30984040,11,30984040,0.641126237945143,0.0913419913419913,1155,0.0539303358377973,0.0541085535340431,1,-0.50402289528337
Chr19_163945333,19,163945333,0.641311325330393,0.0242424242424242,1155,0.0539303358377973,0.0541083558417399,1,-0.953691790026809
Chr03_458982070,3,458982070,0.641532789187701,0.0744588744588745,1155,0.0539303358377973,0.0541081194711012,1,-0.689535033858448
Chr08_2793986,8,2793986,0.64180858193212,0.0792207792207792,1155,0.0539303358377973,0.0541078253818132,1,-0.553199775603986
Chr19_652587789,19,652587789,0.641903018052876,0.0766233766233766,1155,0.0539303358377973,0.0541077247487161,1,0.556694342648186
Chr19_32481170,19,32481170,0.641934285327351,0.443290043290043,1155,0.0539303358377973,0.0541076914373074,1,-0.260546398662797
Chr18_470096753,18,470096753,0.642272573437656,0.487012987012987,1155,0.0539303358377973,0.0541073312764446,1,-0.994030223713708
Chr16_376895069,16,376895069,0.642291066134508,0.0528138528138529,1155,0.0539303358377973,0.0541073116008933,1,0.622870146273044
Chr15_512885597,15,512885597,0.64270214105234,0.334632034632035,1155,0.0539303358377973,0.0541068745755423,1,0.328368157016655
Chr16_278128614,16,278128614,0.642866754676706,0.221645021645022,1155,0.0539303358377973,0.0541066997542751,1,0.489045844661405
Chr13_248472044,13,248472044,0.642931781234781,0.388311688311688,1155,0.0539303358377973,0.0541066307244366,1,-0.266035028155613
Chr15_383925942,15,383925942,0.643092555574706,0.116883116883117,1155,0.0539303358377973,0.0541064601226986,1,-0.426977257357279
Chr09_186879709,9,186879709,0.64313011029226,0.287878787878788,1155,0.0539303358377973,0.0541064202868886,1,0.446201065497974
Chr20_344871496,20,344871496,0.643182523072915,0.0753246753246753,1155,0.0539303358377973,0.0541063646996788,1,0.436235652099953
Chr14_62510276,14,62510276,0.643222332994525,0.265367965367965,1155,0.0539303358377973,0.0541063224857592,1,-0.469353836858602
Chr16_358193545,16,358193545,0.643258232870326,0.483549783549784,1155,0.0539303358377973,0.0541062844232724,1,-0.890580020919288
Chr21_375786568,21,375786568,0.643376333282364,0.403463203463203,1155,0.0539303358377973,0.0541061592437649,1,-0.282720306114555
Chr16_48392942,16,48392942,0.643424634165985,0.0186147186147186,1155,0.0539303358377973,0.0541061080632512,1,0.979694398525567
Chr16_348758632,16,348758632,0.643557154674158,0.0108225108225108,1155,0.0539303358377973,0.0541059676885264,1,1.0614216001938
Chr06_169434000,6,169434000,0.643733292181039,0.394805194805195,1155,0.0539303358377973,0.0541057812171016,1,-0.301680692976959
Chr09_165133955,9,165133955,0.643785402926935,0.199134199134199,1155,0.0539303358377973,0.0541057260720903,1,0.391870542719289
Chr19_571222981,19,571222981,0.643945239493641,0.0203463203463203,1155,0.0539303358377973,0.0541055569943135,1,0.938661718477817
Chr07_493327298,7,493327298,0.644087394024117,0.0597402597402597,1155,0.0539303358377973,0.0541054067040353,1,0.614273476133917
Chr14_268467438,14,268467438,0.644205945049688,0.0748917748917749,1155,0.0539303358377973,0.0541052814279763,1,-0.573687491126805
Chr02_336318340,2,336318340,0.644633298724489,0.0645021645021645,1155,0.0539303358377973,0.0541048302833096,1,0.615076857391159
Chr09_191532122,9,191532122,0.644644202786676,0.281385281385281,1155,0.0539303358377973,0.0541048187814573,1,-0.439176790793908
Chr20_77164817,20,77164817,0.644716699992011,0.486147186147186,1155,0.0539303358377973,0.0541047423214495,1,-0.944918999207403
Chr08_257685112,8,257685112,0.644748860156268,0.203463203463203,1155,0.0539303358377973,0.0541047084098668,1,-0.392021185521571
Chr18_413433551,18,413433551,0.644852507832331,0.481818181818182,1155,0.0539303358377973,0.0541045991448411,1,0.805131782424041
Chr10_34094663,10,34094663,0.645119984380661,0.484848484848485,1155,0.0539303358377973,0.0541043173637968,1,-0.31379273964626
Chr08_30070107,8,30070107,0.645377964475536,0.39004329004329,1155,0.0539303358377973,0.0541040458489075,1,0.34817957179564
Chr09_183303317,9,183303317,0.64561113663055,0.304329004329004,1155,0.0539303358377973,0.0541038006645637,1,0.36059439675563
Chr12_67918347,12,67918347,0.645633337720533,0.253679653679654,1155,0.0539303358377973,0.0541037773306936,1,-0.30562872180144
Chr13_219290491,13,219290491,0.645659630266146,0.123809523809524,1155,0.0539303358377973,0.0541037496990657,1,-0.548251989471112
Chr12_92762955,12,92762955,0.645682294349123,0.275324675324675,1155,0.0539303358377973,0.0541037258828418,1,0.434266054303521
Chr07_196892617,7,196892617,0.645703103360022,0.48008658008658,1155,0.0539303358377973,0.0541037040177365,1,0.403186629603795
Chr21_454334,21,454334,0.645705419990344,0.0251082251082251,1155,0.0539303358377973,0.0541037015836363,1,0.926167034112822
Chr07_156597465,7,156597465,0.645839912359109,0.051948051948052,1155,0.0539303358377973,0.0541035603070279,1,0.707141526525248
Chr16_354370625,16,354370625,0.645973182294683,0.0216450216450216,1155,0.0539303358377973,0.0541034203833251,1,-0.856168623483455
Chr10_423932467,10,423932467,0.64634152094145,0.0515151515151515,1155,0.0539303358377973,0.0541030340107277,1,0.674317528972153
Chr05_391739320,5,391739320,0.646542791876093,0.0372294372294372,1155,0.0539303358377973,0.0541028231063565,1,-0.698372592072147
Chr03_7750954,3,7750954,0.646589761638965,0.326839826839827,1155,0.0539303358377973,0.0541027739109281,1,0.290977184444017
Chr11_181436205,11,181436205,0.646648403243083,0.0935064935064935,1155,0.0539303358377973,0.054102712502507,1,0.571883100770947
Chr17_260084585,17,260084585,0.646936834848564,0.0238095238095238,1155,0.0539303358377973,0.0541024106548088,1,0.896869707986298
Chr19_714263010,19,714263010,0.646939214172293,0.0238095238095238,1155,0.0539303358377973,0.0541024081661443,1,-0.851940058066702
Chr20_128827600,20,128827600,0.646991819544198,0.0225108225108225,1155,0.0539303358377973,0.0541023531488832,1,0.912729564576438
Chr18_537421330,18,537421330,0.647276361575243,0.0285714285714286,1155,0.0539303358377973,0.0541020557454077,1,0.851351044796644
Chr18_479141063,18,479141063,0.647347291922996,0.358874458874459,1155,0.0539303358377973,0.0541019816574342,1,0.375707190079595
Chr18_110982493,18,110982493,0.64737007350017,0.0225108225108225,1155,0.0539303358377973,0.0541019578657858,1,0.940673476115094
Chr07_473786640,7,473786640,0.64744305725865,0.0363636363636364,1155,0.0539303358377973,0.0541018816595636,1,-0.720894797821273
Chr08_386523835,8,386523835,0.647635539368694,0.0744588744588745,1155,0.0539303358377973,0.0541016807769076,1,0.507154917451899
Chr13_299097039,13,299097039,0.647935380598287,0.425108225108225,1155,0.0539303358377973,0.0541013681330627,1,-0.444552557098518
Chr21_358388700,21,358388700,0.64821545736895,0.44025974025974,1155,0.0539303358377973,0.0541010764092476,1,-0.275593396902792
Chr08_274203848,8,274203848,0.648367548909633,0.0510822510822511,1155,0.0539303358377973,0.0541009181190036,1,-0.680951063419826
Chr13_11881272,13,11881272,0.648443328129039,0.238528138528138,1155,0.0539303358377973,0.0541008392844045,1,0.400037023237587
Chr13_347308338,13,347308338,0.648532646975419,0.13030303030303,1155,0.0539303358377973,0.0541007463925233,1,0.509431999643766
Chr14_217512436,14,217512436,0.648640418456083,0.107792207792208,1155,0.0539303358377973,0.0541006343505497,1,0.471850258897092
Chr10_435372534,10,435372534,0.648772748462953,0.498268398268398,1155,0.0539303358377973,0.0541004968377706,1,0.566047018241761
Chr08_264863432,8,264863432,0.648782980828943,0.0233766233766234,1155,0.0539303358377973,0.0541004862074436,1,-0.904259394752344
Chr01_93719827,1,93719827,0.648848692653783,0.4004329004329,1155,0.0539303358377973,0.0541004179494811,1,-0.274222119743058
Chr10_57655158,10,57655158,0.649098067791583,0.0696969696969697,1155,0.0539303358377973,0.0541001590622314,1,-0.547999485868459
Chr13_347513568,13,347513568,0.649174601750341,0.465367965367965,1155,0.0539303358377973,0.0541000796567187,1,0.563771889502846
Chr16_330529362,16,330529362,0.649231145526369,0.0735930735930736,1155,0.0539303358377973,0.0541000210058163,1,-0.410915909795477
Chr20_250601484,20,250601484,0.649757477500307,0.0242424242424242,1155,0.0539303358377973,0.0540994756465812,1,-0.959376749531174
Chr07_501986299,7,501986299,0.649947024051627,0.335064935064935,1155,0.0539303358377973,0.0540992795071327,1,0.333583875598578
Chr19_370840451,19,370840451,0.650368082699553,0.322510822510823,1155,0.0539303358377973,0.0540988442939857,1,0.40876951399224
Chr03_84369763,3,84369763,0.65037509508574,0.45021645021645,1155,0.0539303358377973,0.0540988370515985,1,0.287048094378207
Chr21_203476064,21,203476064,0.6505386690696,0.144588744588745,1155,0.0539303358377973,0.0540986681657188,1,-0.454755957475015
Chr03_19754376,3,19754376,0.650546217438914,0.104329004329004,1155,0.0539303358377973,0.0540986603746887,1,-0.516395446665001
Chr02_358934050,2,358934050,0.650578032724237,0.0272727272727273,1155,0.0539303358377973,0.0540986275390101,1,-0.869196673815679
Chr12_344487006,12,344487006,0.650915458307404,0.203896103896104,1155,0.0539303358377973,0.0540982795289205,1,0.377578368326709
Chr14_523106775,14,523106775,0.651350950535578,0.264069264069264,1155,0.0539303358377973,0.0540978310173899,1,0.37055977420161
Chr08_377547458,8,377547458,0.651677225748147,0.019047619047619,1155,0.0539303358377973,0.0540974954611944,1,0.93376139553061
Chr20_210332645,20,210332645,0.652334050441812,0.0203463203463203,1155,0.0539303358377973,0.0540968211810259,1,-0.951539910922619
Chr20_417558100,20,417558100,0.652358483308406,0.0532467532467532,1155,0.0539303358377973,0.0540967961304774,1,0.676614434056148
Chr09_324707486,9,324707486,0.652636610778669,0.0493506493506494,1155,0.0539303358377973,0.0540965111314972,1,0.652697980063721
Chr19_644369223,19,644369223,0.652651412172076,0.012987012987013,1155,0.0539303358377973,0.0540964959726482,1,1.06085276369328
Chr14_288070184,14,288070184,0.652930768649395,0.44025974025974,1155,0.0539303358377973,0.0540962100256016,1,0.284541203575827
Chr01_389466385,1,389466385,0.653048262733607,0.0640692640692641,1155,0.0539303358377973,0.05409608984806,1,0.523378270477437
Chr18_18028017,18,18028017,0.653197553263559,0.0930735930735931,1155,0.0539303358377973,0.0540959372233967,1,-0.490665646579203
Chr04_31032956,4,31032956,0.653481709525103,0.0536796536796537,1155,0.0539303358377973,0.0540956469544867,1,0.650443769043974
Chr13_291293591,13,291293591,0.653711963265385,0.0255411255411255,1155,0.0539303358377973,0.0540954119720264,1,0.907112120150529
Chr10_408663053,10,408663053,0.653776280406798,0.0311688311688312,1155,0.0539303358377973,0.0540953463698843,1,0.829226502929032
Chr19_395585794,19,395585794,0.653902910161887,0.138095238095238,1155,0.0539303358377973,0.0540952172559495,1,-0.377609257926679
Chr19_139668763,19,139668763,0.654018001580743,0.37965367965368,1155,0.0539303358377973,0.0540950999593585,1,-0.427990226855684
Chr02_296932374,2,296932374,0.654245604980116,0.175757575757576,1155,0.0539303358377973,0.0540948681426178,1,0.366802605792031
Chr04_43338955,4,43338955,0.654550921766713,0.493506493506494,1155,0.0539303358377973,0.0540945574815732,1,-0.226148203824977
Chr12_294354758,12,294354758,0.65464018263791,0.0476190476190476,1155,0.0539303358377973,0.0540944667248544,1,0.672184369203094
Chr10_410294227,10,410294227,0.654715845377429,0.0458874458874459,1155,0.0539303358377973,0.0540943898177254,1,0.645191400329935
Chr06_396830818,6,396830818,0.654725448766058,0.038961038961039,1155,0.0539303358377973,0.054094380057939,1,-0.68285401338639
Chr04_3457755,4,3457755,0.654732662997279,0.387012987012987,1155,0.0539303358377973,0.054094372726452,1,0.422382947449364
Chr01_51078303,1,51078303,0.654949606248656,0.293939393939394,1155,0.0539303358377973,0.0540941523489288,1,-0.371432866599406
Chr17_111021775,17,111021775,0.654950585390386,0.0523809523809524,1155,0.0539303358377973,0.0540941513546914,1,0.65843094120379
Chr11_2113568,11,2113568,0.654957614198151,0.497402597402597,1155,0.0539303358377973,0.0540941442176132,1,-0.277870298883812
Chr09_454421420,9,454421420,0.655072993346237,0.283116883116883,1155,0.0539303358377973,0.054094027087873,1,-0.379332979864898
Chr19_555136345,19,555136345,0.655384798545832,0.0787878787878787,1155,0.0539303358377973,0.0540937108031999,1,0.512968613701787
Chr16_241337815,16,241337815,0.65556542156037,0.256709956709957,1155,0.0539303358377973,0.0540935277530992,1,-0.401663157251619
Chr09_267062549,9,267062549,0.655598968694074,0.404761904761905,1155,0.0539303358377973,0.0540934937687318,1,-0.241965171667061
Chr19_568206929,19,568206929,0.655844046619938,0.0242424242424242,1155,0.0539303358377973,0.0540932456253217,1,0.897722762836423
Chr18_254494709,18,254494709,0.65587005889484,0.0731601731601732,1155,0.0539303358377973,0.0540932193009709,1,0.433997586265718
Chr15_211370362,15,211370362,0.655898067763607,0.0774891774891775,1155,0.0539303358377973,0.0540931909589222,1,-0.55492857289812
Chr02_245821917,2,245821917,0.656101425813768,0.1,1155,0.0539303358377973,0.0540929852704631,1,-0.432067103953386
Chr05_376816975,5,376816975,0.656223558183196,0.491341991341991,1155,0.0539303358377973,0.054092861813369,1,-0.273644358707884
Chr09_190101176,9,190101176,0.656482119688649,0.244155844155844,1155,0.0539303358377973,0.0540926006326486,1,0.382511407442166
Chr01_137756115,1,137756115,0.656885284181089,0.483549783549784,1155,0.0539303358377973,0.0540921938860497,1,0.839224779646884
Chr08_282107345,8,282107345,0.657014170754212,0.0445887445887446,1155,0.0539303358377973,0.0540920639832625,1,-0.663946941851663
Chr19_160869101,19,160869101,0.65707644381897,0.0515151515151515,1155,0.0539303358377973,0.054092001241576,1,-0.560125196508352
Chr19_601393392,19,601393392,0.65713337720547,0.3995670995671,1155,0.0539303358377973,0.0540919438925036,1,0.370629884307675
Chr13_171267810,13,171267810,0.657160667491646,0.0978354978354978,1155,0.0539303358377973,0.0540919164072799,1,0.489471606792989
Chr08_310776279,8,310776279,0.65731283175225,0.40995670995671,1155,0.0539303358377973,0.0540917632074038,1,-0.288757121046331
Chr10_350290904,10,350290904,0.657422997295764,0.0272727272727272,1155,0.0539303358377973,0.0540916523463598,1,0.895972037764295
Chr08_49694248,8,49694248,0.657649955127285,0.403896103896104,1155,0.0539303358377973,0.0540914240993436,1,-0.340279708801404
Chr18_531677504,18,531677504,0.658441402383663,0.124675324675325,1155,0.0539303358377973,0.0540906296684258,1,-0.347275110220266
Chr05_222120218,5,222120218,0.658441487518422,0.351082251082251,1155,0.0539303358377973,0.054090629583096,1,0.334684831025413
Chr09_366687994,9,366687994,0.658486498861273,0.0523809523809524,1155,0.0539303358377973,0.0540905844726491,1,0.665630774946436
Chr07_72777062,7,72777062,0.658527754713229,0.321645021645022,1155,0.0539303358377973,0.0540905431326305,1,-0.369715147594349
Chr01_470547167,1,470547167,0.658813852871405,0.119047619047619,1155,0.0539303358377973,0.0540902566261744,1,-0.431906715789751
Chr19_702349467,19,702349467,0.659161073020157,0.330735930735931,1155,0.0539303358377973,0.0540899093220876,1,-0.263024533238337
Chr19_692280728,19,692280728,0.659317098217593,0.274458874458874,1155,0.0539303358377973,0.0540897534060456,1,-0.379353332045213
Chr16_211584885,16,211584885,0.659445394074767,0.177922077922078,1155,0.0539303358377973,0.0540896252681465,1,0.365859436228106
Chr19_620703747,19,620703747,0.659492312033177,0.266233766233766,1155,0.0539303358377973,0.0540895784233186,1,-0.342065545184539
Chr06_1263554,6,1263554,0.659624098894917,0.0251082251082251,1155,0.0539303358377973,0.054089446885887,1,-0.829513193464052
Chr09_122367262,9,122367262,0.660002612411814,0.227272727272727,1155,0.0539303358377973,0.0540890694495965,1,0.360301404801163
Chr05_95408552,5,95408552,0.660095209086171,0.226839826839827,1155,0.0539303358377973,0.0540889771979001,1,0.371292465051823
Chr18_318661298,18,318661298,0.660310373924494,0.341991341991342,1155,0.0539303358377973,0.0540887629582565,1,-0.391561461074616
Chr14_521837286,14,521837286,0.660527612930947,0.260606060606061,1155,0.0539303358377973,0.054088546828602,1,-0.314690367785033
Chr10_288287486,10,288287486,0.660722015256843,0.0255411255411255,1155,0.0539303358377973,0.0540883535682228,1,0.910477981537653
Chr16_266420177,16,266420177,0.660732009294791,0.437662337662338,1155,0.0539303358377973,0.0540883436366997,1,-0.462148250862811
Chr12_42121961,12,42121961,0.660851630553128,0.305627705627706,1155,0.0539303358377973,0.0540882247925858,1,0.332535786205426
Chr15_431602478,15,431602478,0.66100207604039,0.3,1155,0.0539303358377973,0.0540880754002042,1,0.363357537789511
Chr09_418178579,9,418178579,0.661072144958805,0.0956709956709957,1155,0.0539303358377973,0.0540880058505415,1,-0.452485425374562
Chr20_315800878,20,315800878,0.66120855567554,0.0480519480519481,1155,0.0539303358377973,0.0540878705031698,1,-0.661316581746519
Chr19_502104978,19,502104978,0.661322522678113,0.0216450216450216,1155,0.0539303358377973,0.0540877574776856,1,0.893280916025006
Chr21_87224891,21,87224891,0.661392941702942,0.074025974025974,1155,0.0539303358377973,0.0540876876645847,1,0.520788790365316
Chr16_51058102,16,51058102,0.661535621595362,0.483982683982684,1155,0.0539303358377973,0.0540875462689693,1,0.780880214552099
Chr12_201119193,12,201119193,0.662243582822731,0.0207792207792208,1155,0.0539303358377973,0.0540868458000859,1,-0.947166871922676
Chr01_155821291,1,155821291,0.662270407444642,0.44025974025974,1155,0.0539303358377973,0.0540868192959779,1,-0.300773278736045
Chr15_512879111,15,512879111,0.66237588223181,0.334632034632035,1155,0.0539303358377973,0.0540867151073765,1,0.305451107278373
Chr19_102429661,19,102429661,0.662535537359008,0.0974025974025974,1155,0.0539303358377973,0.0540865574777259,1,-0.465693365170068
Chr01_185809457,1,185809457,0.662700090558938,0.0277056277056277,1155,0.0539303358377973,0.0540863951111723,1,0.864593796057974
Chr02_275636583,2,275636583,0.66275316440839,0.0463203463203463,1155,0.0539303358377973,0.0540863427640248,1,0.633734086581171
Chr09_427722183,9,427722183,0.662864725423505,0.106493506493507,1155,0.0539303358377973,0.054086232764608,1,-0.52533624220996
Chr08_99247256,8,99247256,0.662887654912282,0.0203463203463203,1155,0.0539303358377973,0.0540862101618009,1,0.898430923541483
Chr11_115993916,11,115993916,0.662948330507074,0.322510822510823,1155,0.0539303358377973,0.0540861503600711,1,-0.353233838235269
Chr16_8933348,16,8933348,0.663120123791845,0.196969696969697,1155,0.0539303358377973,0.0540859811150605,1,-0.338879799736333
Chr07_160956292,7,160956292,0.663168693593978,0.0766233766233766,1155,0.0539303358377973,0.0540859332855547,1,0.658804275813054
Chr10_14056055,10,14056055,0.663223045549124,0.045021645021645,1155,0.0539303358377973,0.054085879772398,1,-0.643855656277523
Chr12_368905825,12,368905825,0.663303433065692,0.112987012987013,1155,0.0539303358377973,0.0540858006455557,1,0.414547967815381
Chr10_502840852,10,502840852,0.663610133502016,0.495670995670996,1155,0.0539303358377973,0.0540854989749018,1,1.45277184389761
Chr15_495099641,15,495099641,0.663664476271654,0.0242424242424242,1155,0.0539303358377973,0.054085445559676,1,0.892639366316075
Chr06_450056736,6,450056736,0.663669071325179,0.0108225108225108,1155,0.0539303358377973,0.0540854410435537,1,-1.00830553809647
Chr18_120939654,18,120939654,0.663803491478585,0.427705627705628,1155,0.0539303358377973,0.0540853089670036,1,0.522936223622423
Chr07_475218049,7,475218049,0.664081568832846,0.0956709956709957,1155,0.0539303358377973,0.0540850359502151,1,-0.463069381206125
Chr20_650283121,20,650283121,0.664152530449032,0.35021645021645,1155,0.0539303358377973,0.0540849663258154,1,0.390538579346696
Chr20_471265507,20,471265507,0.66417497399701,0.074025974025974,1155,0.0539303358377973,0.0540849443090757,1,0.558255008380883
Chr18_503931230,18,503931230,0.664333955861556,0.0329004329004329,1155,0.0539303358377973,0.054084788403911,1,-0.701821702218425
Chr16_230844830,16,230844830,0.664642710879333,0.370995670995671,1155,0.0539303358377973,0.0540844858910643,1,-0.292365868745037
Chr08_274795340,8,274795340,0.664700345741617,0.0216450216450217,1155,0.0539303358377973,0.054084429460445,1,0.846724316428663
Chr20_582490183,20,582490183,0.664902104330353,0.0476190476190476,1155,0.0539303358377973,0.0540842320141421,1,0.618259149542197
Chr16_138631241,16,138631241,0.664933655249377,0.0264069264069264,1155,0.0539303358377973,0.0540842011511726,1,-0.864080358841932
Chr17_43528109,17,43528109,0.665018924983234,0.22987012987013,1155,0.0539303358377973,0.0540841177590828,1,0.387996852566175
Chr21_347425288,21,347425288,0.665025176072143,0.276623376623377,1155,0.0539303358377973,0.054084111646698,1,-0.320158571138393
Chr19_697002677,19,697002677,0.665125581482029,0.0926406926406926,1155,0.0539303358377973,0.0540840134889575,1,0.479348523906992
Chr13_145790056,13,145790056,0.665212294727796,0.0255411255411255,1155,0.0539303358377973,0.0540839287468164,1,0.838132840716668
Chr10_400139553,10,400139553,0.665287135003051,0.0493506493506494,1155,0.0539303358377973,0.0540838556300721,1,0.648389532135695
Chr11_32803092,11,32803092,0.665433251725709,0.202164502164502,1155,0.0539303358377973,0.0540837129378996,1,-0.371829532073775
Chr10_392828634,10,392828634,0.665531983510798,0.0281385281385281,1155,0.0539303358377973,0.0540836165646903,1,-0.848146749965963
Chr15_561672605,15,561672605,0.665731018390018,0.0744588744588745,1155,0.0539303358377973,0.0540834223937838,1,-0.511859101910034
Chr10_1695854,10,1695854,0.666083104542533,0.384848484848485,1155,0.0539303358377973,0.0540830792694672,1,0.391714343109811
Chr20_629611345,20,629611345,0.666170529034744,0.0441558441558442,1155,0.0539303358377973,0.0540829941410221,1,-0.672474845759808
Chr01_32572735,1,32572735,0.666294138383175,0.451515151515152,1155,0.0539303358377973,0.0540828738260861,1,0.247659514836897
Chr01_116545974,1,116545974,0.666351425061847,0.0294372294372294,1155,0.0539303358377973,0.0540828180852785,1,-0.850845768773198
Chr01_148901390,1,148901390,0.666351425061847,0.0294372294372294,1155,0.0539303358377973,0.0540828180852785,1,-0.850845768773198
Chr01_227649106,1,227649106,0.666351425061847,0.0294372294372294,1155,0.0539303358377973,0.0540828180852785,1,-0.850845768773198
Chr01_278470809,1,278470809,0.666351425061847,0.0294372294372294,1155,0.0539303358377973,0.0540828180852785,1,-0.850845768773198
Chr04_246852001,4,246852001,0.666354624524759,0.0497835497835498,1155,0.0539303358377973,0.0540828149725088,1,0.562107900182838
Chr02_363832052,2,363832052,0.666415496295958,0.219480519480519,1155,0.0539303358377973,0.0540827557573115,1,0.400998707137319
Chr11_211672849,11,211672849,0.666482695363145,0.0532467532467532,1155,0.0539303358377973,0.0540826904028465,1,-0.606659885942946
Chr10_450687860,10,450687860,0.666645722007811,0.381818181818182,1155,0.0539303358377973,0.0540825319203223,1,-0.398103166521025
Chr08_44204772,8,44204772,0.6668441655129,0.471428571428571,1155,0.0539303358377973,0.0540823391400811,1,0.282183219010335
Chr11_229203409,11,229203409,0.666854914185205,0.167965367965368,1155,0.0539303358377973,0.0540823287022916,1,-0.362109299830422
Chr08_99248222,8,99248222,0.66696947038072,0.398701298701299,1155,0.0539303358377973,0.0540822174858114,1,-0.377353772649087
Chr02_178305818,2,178305818,0.666992813125985,0.157142857142857,1155,0.0539303358377973,0.0540821948295053,1,-0.376131178956484
Chr02_374981057,2,374981057,0.667015723872667,0.467532467532468,1155,0.0539303358377973,0.0540821725944438,1,0.268597867048015
Chr04_179750485,4,179750485,0.667083060295315,0.4995670995671,1155,0.0539303358377973,0.0540821072550814,1,4.89387616231397
Chr03_86570112,3,86570112,0.667353774443273,0.0225108225108225,1155,0.0539303358377973,0.0540818447379133,1,0.886587960274355
Chr16_92260010,16,92260010,0.667380136882206,0.122077922077922,1155,0.0539303358377973,0.0540818191880912,1,0.396720247935434
Chr13_240905257,13,240905257,0.667451014707282,0.0545454545454546,1155,0.0539303358377973,0.054081750507721,1,0.615163558884888
Chr14_357374988,14,357374988,0.667483417909626,0.122510822510822,1155,0.0539303358377973,0.0540817191152766,1,0.550287204544702
Chr02_364673451,2,364673451,0.667513458738697,0.298268398268398,1155,0.0539303358377973,0.054081690014959,1,-0.262576510008259
Chr07_361465575,7,361465575,0.667676078917829,0.465367965367965,1155,0.0539303358377973,0.0540815325435751,1,0.308019218380821
Chr20_265613763,20,265613763,0.667714870058449,0.495238095238095,1155,0.0539303358377973,0.05408149499496,1,1.50208928603297
Chr12_315122140,12,315122140,0.668075339648666,0.42987012987013,1155,0.0539303358377973,0.0540811463357135,1,-0.285032820592278
Chr01_267953651,1,267953651,0.668129284550233,0.298701298701299,1155,0.0539303358377973,0.0540810941992543,1,-0.292983790825929
Chr15_137212221,15,137212221,0.668251779712911,0.0238095238095238,1155,0.0539303358377973,0.054080975850238,1,0.932861678086482
Chr01_459540312,1,459540312,0.668373811852908,0.316883116883117,1155,0.0539303358377973,0.0540808580032709,1,0.370844085107365
Chr01_149840092,1,149840092,0.66853647108077,0.029004329004329,1155,0.0539303358377973,0.0540807010074149,1,-0.844232995023532
Chr07_454556968,7,454556968,0.668665570612058,0.0242424242424242,1155,0.0539303358377973,0.0540805764718003,1,0.854347979928534
Chr02_278677992,2,278677992,0.668774243344634,0.446753246753247,1155,0.0539303358377973,0.0540804716881816,1,-0.288226236892001
Chr01_368883951,1,368883951,0.66885859999299,0.0238095238095238,1155,0.0539303358377973,0.0540803903802565,1,-0.824626541850293
Chr05_60575425,5,60575425,0.66902774494112,0.252813852813853,1155,0.0539303358377973,0.0540802274268475,1,-0.39350861546643
Chr03_49658012,3,49658012,0.669097111857937,0.434199134199134,1155,0.0539303358377973,0.0540801606293809,1,0.234407521288119
Chr03_252265661,3,252265661,0.66928413150859,0.4995670995671,1155,0.0539303358377973,0.0540799806249356,1,-4.85078687535133
Chr14_37503653,14,37503653,0.669305974611329,0.0285714285714286,1155,0.0539303358377973,0.0540799596095245,1,0.826129039082247
Chr07_488781985,7,488781985,0.669448903167372,0.0294372294372295,1155,0.0539303358377973,0.0540798221399716,1,-0.741677566362796
Chr18_70726494,18,70726494,0.669539680105194,0.0424242424242424,1155,0.0539303358377973,0.0540797348689526,1,-0.615780865365295
Chr15_323111246,15,323111246,0.66979833125207,0.238528138528138,1155,0.0539303358377973,0.0540794863724342,1,-0.45144761348638
Chr14_211132537,14,211132537,0.670009486472241,0.324675324675325,1155,0.0539303358377973,0.054079283688403,1,-0.366146062269308
Chr16_153981437,16,153981437,0.670206722499816,0.0818181818181818,1155,0.0539303358377973,0.054079094512248,1,0.489356538677612
Chr10_42263523,10,42263523,0.670357436689047,0.197835497835498,1155,0.0539303358377973,0.0540789500525901,1,0.3329625696189
Chr08_4242021,8,4242021,0.670409219020009,0.392207792207792,1155,0.0539303358377973,0.0540789004383233,1,-0.319336121683818
Chr08_160633562,8,160633562,0.67045886162432,0.454545454545455,1155,0.0539303358377973,0.0540788528833819,1,-0.476589839638677
Chr05_366037211,5,366037211,0.670463013314987,0.0601731601731602,1155,0.0539303358377973,0.0540788489066941,1,-0.566696851684355
Chr02_127577303,2,127577303,0.670572579654851,0.0454545454545455,1155,0.0539303358377973,0.0540787439815236,1,0.63022825105466
Chr21_328070978,21,328070978,0.670757246453898,0.0238095238095238,1155,0.0539303358377973,0.0540785672362116,1,-0.853763346785399
Chr04_183646477,4,183646477,0.670790318868771,0.0220779220779221,1155,0.0539303358377973,0.054078535595606,1,-0.910641980578433
Chr21_243348552,21,243348552,0.670825810974131,0.361471861471861,1155,0.0539303358377973,0.0540785016445017,1,-0.277877196296998
Chr18_526145256,18,526145256,0.670826065279447,0.1004329004329,1155,0.0539303358377973,0.0540785014012536,1,0.53201344640371
Chr06_304326403,6,304326403,0.670836123153346,0.0121212121212121,1155,0.0539303358377973,0.0540784917809178,1,1.04323917487442
Chr14_388447619,14,388447619,0.67108223632866,0.0108225108225108,1155,0.0539303358377973,0.0540782564890931,1,0.97692231183737
Chr20_192457320,20,192457320,0.6710957921196,0.106060606060606,1155,0.0539303358377973,0.05407824353575,1,0.444931449753739
Chr20_450805098,20,450805098,0.67121401840815,0.0748917748917749,1155,0.0539303358377973,0.0540781305920792,1,-0.540710680547249
Chr03_423789496,3,423789496,0.671297330302382,0.129437229437229,1155,0.0539303358377973,0.0540780510333309,1,-0.422727961371265
Chr19_404535065,19,404535065,0.671408466911727,0.373593073593074,1155,0.0539303358377973,0.0540779449427055,1,-0.364064583735171
Chr08_109456847,8,109456847,0.671888618324849,0.475757575757576,1155,0.0539303358377973,0.0540774871085885,1,-0.261836473088238
Chr15_12505430,15,12505430,0.672167964863212,0.054978354978355,1155,0.0539303358377973,0.0540772211319293,1,-0.613788203004731
Chr19_340119818,19,340119818,0.672170892904099,0.472294372294372,1155,0.0539303358377973,0.0540772183455323,1,0.348380770209474
Chr01_507102522,1,507102522,0.672183688478908,0.135930735930736,1155,0.0539303358377973,0.0540772061693007,1,-0.513705321304883
Chr20_161376981,20,161376981,0.672259471291563,0.253246753246753,1155,0.0539303358377973,0.0540771340668084,1,-0.34412615923722
Chr11_239212957,11,239212957,0.672303370801476,0.0515151515151515,1155,0.0539303358377973,0.0540770923087817,1,-1.18500321864349
Chr04_64188857,4,64188857,0.672361773053972,0.167965367965368,1155,0.0539303358377973,0.0540770367663408,1,0.335921336823162
Chr20_8992841,20,8992841,0.67252753864135,0.484415584415584,1155,0.0539303358377973,0.0540768791853792,1,0.827079382964257
Chr03_60247576,3,60247576,0.672762475486555,0.335930735930736,1155,0.0539303358377973,0.0540766560194494,1,0.339931726872749
Chr04_156308456,4,156308456,0.673100337747096,0.0285714285714286,1155,0.0539303358377973,0.0540763354362241,1,0.65221065916613
Chr21_226241777,21,226241777,0.673132700756759,0.46969696969697,1155,0.0539303358377973,0.0540763047500693,1,-0.240646978346973
Chr07_97744260,7,97744260,0.673161737257269,0.0311688311688312,1155,0.0539303358377973,0.054076277221301,1,0.842160733695323
Chr20_210332638,20,210332638,0.673162593800731,0.0207792207792208,1155,0.0539303358377973,0.0540762764092821,1,-0.88784887277474
Chr12_364691844,12,364691844,0.673163527585294,0.0207792207792208,1155,0.0539303358377973,0.0540762755240376,1,-0.878398944527135
Chr09_199019820,9,199019820,0.673196665310316,0.0761904761904761,1155,0.0539303358377973,0.0540762441109531,1,0.517009449792113
Chr08_269164840,8,269164840,0.673452317547796,0.0207792207792208,1155,0.0539303358377973,0.0540760018979283,1,-0.860298103116293
Chr11_215678698,11,215678698,0.673453477645269,0.080952380952381,1155,0.0539303358377973,0.0540760007993556,1,0.472569853542382
Chr13_83505344,13,83505344,0.673496457381886,0.0701298701298701,1155,0.0539303358377973,0.0540759601024416,1,-0.541030781518117
Chr10_408931558,10,408931558,0.673508643002531,0.124242424242424,1155,0.0539303358377973,0.0540759485652671,1,-0.497529501175222
Chr10_212147530,10,212147530,0.673660833474581,0.0476190476190476,1155,0.0539303358377973,0.0540758045187896,1,0.615595925767295
Chr09_356614345,9,356614345,0.67381227760776,0.4,1155,0.0539303358377973,0.0540756612620279,1,-0.282363080649532
Chr20_670920934,20,670920934,0.673988623328774,0.0705627705627706,1155,0.0539303358377973,0.054075494554611,1,-0.508449787382816
Chr10_487639466,10,487639466,0.674083791466014,0.0506493506493507,1155,0.0539303358377973,0.0540754046347429,1,-0.59129180010973
Chr20_214688891,20,214688891,0.674257503890427,0.0242424242424242,1155,0.0539303358377973,0.0540752405866508,1,0.857219763815166
Chr20_647524344,20,647524344,0.674616342058321,0.396536796536797,1155,0.0539303358377973,0.0540749020578789,1,-0.431036146924555
Chr05_347245014,5,347245014,0.674682743821758,0.0112554112554113,1155,0.0539303358377973,0.0540748394653698,1,0.971050836991509
Chr19_722674178,19,722674178,0.674937452194383,0.287445887445887,1155,0.0539303358377973,0.054074599516636,1,0.310323696430601
Chr08_191702159,8,191702159,0.675017816970145,0.0277056277056277,1155,0.0539303358377973,0.0540745238574388,1,0.835317402514747
Chr06_484686780,6,484686780,0.675426030002575,0.438095238095238,1155,0.0539303358377973,0.0540741399066452,1,0.275841650277584
Chr05_288983136,5,288983136,0.675458642894186,0.393939393939394,1155,0.0539303358377973,0.0540741092580659,1,0.273345290751507
Chr21_134245517,21,134245517,0.675609529095809,0.0251082251082251,1155,0.0539303358377973,0.0540739675098905,1,0.868381293993039
Chr20_239739243,20,239739243,0.675909784233911,0.067965367965368,1155,0.0539303358377973,0.0540736856833093,1,0.498432606496991
Chr18_549803019,18,549803019,0.675989577332552,0.21991341991342,1155,0.0539303358377973,0.0540736108423067,1,-0.323285768189635
Chr13_338466259,13,338466259,0.676155837450035,0.0727272727272727,1155,0.0539303358377973,0.0540734549743359,1,-0.522778281251874
Chr03_474801195,3,474801195,0.67641659498655,0.0264069264069264,1155,0.0539303358377973,0.0540732107162103,1,-0.775508612893375
Chr08_358280207,8,358280207,0.676746223400547,0.0246753246753247,1155,0.0539303358377973,0.0540729022955342,1,-0.821073963776598
Chr15_526445837,15,526445837,0.676916596476563,0.104761904761905,1155,0.0539303358377973,0.0540727430373361,1,0.43351958014695
Chr17_15189818,17,15189818,0.677446818715519,0.0839826839826839,1155,0.0539303358377973,0.0540722480742395,1,0.470355454370974
Chr18_32044968,18,32044968,0.677485341873886,0.134632034632035,1155,0.0539303358377973,0.054072212152219,1,-0.454099364816074
Chr14_52543101,14,52543101,0.677831133800793,0.0670995670995671,1155,0.0539303358377973,0.0540718899474437,1,0.512647653019343
Chr14_288920208,14,288920208,0.678175366007262,0.0233766233766234,1155,0.0539303358377973,0.0540715696225827,1,0.691903769105309
Chr11_240506854,11,240506854,0.678233913139308,0.112121212121212,1155,0.0539303358377973,0.0540715151839491,1,-0.392927836310506
Chr06_347453643,6,347453643,0.678327450397322,0.0480519480519481,1155,0.0539303358377973,0.0540714282361197,1,-0.623178147682864
Chr03_495356661,3,495356661,0.678496703283436,0.0567099567099567,1155,0.0539303358377973,0.0540712709864015,1,0.575605323556516
Chr10_495768946,10,495768946,0.678643130760479,0.1995670995671,1155,0.0539303358377973,0.0540711350262494,1,0.302112671804437
Chr03_452012983,3,452012983,0.678655780319134,0.0385281385281385,1155,0.0539303358377973,0.0540711232845495,1,-0.561847915143431
Chr19_543224484,19,543224484,0.678794349122019,0.483982683982684,1155,0.0539303358377973,0.0540709946983855,1,-0.221249810394198
Chr07_465575464,7,465575464,0.678857458374215,0.0861471861471862,1155,0.0539303358377973,0.0540709361584,1,0.455402061494141
Chr09_83810977,9,83810977,0.67918533507197,0.125974025974026,1155,0.0539303358377973,0.0540706322504921,1,0.384453078567049
Chr20_56093232,20,56093232,0.679241704440133,0.0991341991341992,1155,0.0539303358377973,0.0540705800406936,1,-0.534877281044828
Chr05_198419115,5,198419115,0.679451079992187,0.0714285714285714,1155,0.0539303358377973,0.0540703862148598,1,0.499693346674462
Chr01_57647546,1,57647546,0.679764384289782,0.077056277056277,1155,0.0539303358377973,0.0540700964718474,1,0.500663212297468
Chr15_21152715,15,21152715,0.68017642725515,0.0536796536796537,1155,0.0539303358377973,0.0540697159501162,1,-0.593547317895784
Chr20_647546230,20,647546230,0.680189852923123,0.339393939393939,1155,0.0539303358377973,0.0540697035617222,1,-0.323218111038926
Chr06_504860030,6,504860030,0.680394270097582,0.377489177489177,1155,0.0539303358377973,0.0540695150174821,1,-0.276784265649212
Chr21_300039422,21,300039422,0.680699857840044,0.0246753246753247,1155,0.0539303358377973,0.0540692334369186,1,0.858196070466676
Chr04_183551728,4,183551728,0.680836748394875,0.0220779220779221,1155,0.0539303358377973,0.0540691074087218,1,-0.832469148214003
Chr13_27001752,13,27001752,0.680839924169569,0.0510822510822511,1155,0.0539303358377973,0.0540691044857403,1,-0.613207355450385
Chr21_388531551,21,388531551,0.680879353603956,0.0454545454545454,1155,0.0539303358377973,0.0540690681979134,1,-0.570641949990659
Chr20_647307765,20,647307765,0.680887559971527,0.121645021645022,1155,0.0539303358377973,0.0540690606461002,1,-0.427904285571231
Chr19_282004566,19,282004566,0.680919127505003,0.104329004329004,1155,0.0539303358377973,0.0540690315986867,1,-0.433091195697671
Chr16_204984266,16,204984266,0.680943331233713,0.0246753246753246,1155,0.0539303358377973,0.0540690093296151,1,-0.843172004324515
Chr19_660330308,19,660330308,0.681142383182655,0.0303030303030303,1155,0.0539303358377973,0.0540688262676073,1,-0.67173828745014
Chr08_11351682,8,11351682,0.681407217049473,0.0670995670995671,1155,0.0539303358377973,0.0540685829270811,1,0.507658832369799
Chr18_503931214,18,503931214,0.681595700784122,0.212554112554113,1155,0.0539303358377973,0.0540684098925891,1,0.341064395111403
Chr10_268095762,10,268095762,0.682143860076124,0.0653679653679654,1155,0.0539303358377973,0.0540679073830094,1,0.466924513310587
Chr16_306284252,16,306284252,0.682201594604847,0.029004329004329,1155,0.0539303358377973,0.0540678545187895,1,-0.808570916672451
Chr07_369328346,7,369328346,0.682213915594459,0.343290043290043,1155,0.0539303358377973,0.0540678432386975,1,0.305682335867743
Chr06_381137611,6,381137611,0.682366983748564,0.0359307359307359,1155,0.0539303358377973,0.0540677031470355,1,-0.649273227613676
Chr16_360479896,16,360479896,0.682446332281828,0.0268398268398268,1155,0.0539303358377973,0.0540676305581541,1,-0.822832279976737
Chr21_63274466,21,63274466,0.682800385869261,0.361038961038961,1155,0.0539303358377973,0.0540673069390657,1,-0.214349066021953
Chr07_166602183,7,166602183,0.682839343475181,0.0480519480519481,1155,0.0539303358377973,0.0540672713574821,1,-0.628596913932526
Chr20_277772881,20,277772881,0.682852379444115,0.110822510822511,1155,0.0539303358377973,0.0540672594524,1,-0.417092404364439
Chr07_302510054,7,302510054,0.6832313561616,0.0238095238095238,1155,0.0539303358377973,0.0540669136163459,1,-0.827282501579759
Chr16_194651616,16,194651616,0.68339473521908,0.178354978354978,1155,0.0539303358377973,0.0540667646818022,1,0.3191969432918
Chr10_447092888,10,447092888,0.683611674577222,0.223376623376623,1155,0.0539303358377973,0.0540665670687354,1,-0.290906295722593
Chr06_326966410,6,326966410,0.683612168613106,0.0627705627705628,1155,0.0539303358377973,0.0540665666189027,1,0.51779809778418
Chr20_568849698,20,568849698,0.684160162431184,0.36017316017316,1155,0.0539303358377973,0.0540660681883433,1,0.299298309722786
Chr06_416948344,6,416948344,0.684248631354285,0.0670995670995671,1155,0.0539303358377973,0.0540659878208162,1,-0.533270828192897
Chr01_494623925,1,494623925,0.684414941762625,0.0567099567099567,1155,0.0539303358377973,0.0540658368150952,1,0.590657309055786
Chr11_56526960,11,56526960,0.684768616866703,0.0597402597402597,1155,0.0539303358377973,0.0540655160126265,1,0.524170239648555
Chr09_11789820,9,11789820,0.684819943373735,0.0666666666666667,1155,0.0539303358377973,0.0540654694935109,1,-0.420562887528831
Chr15_439039517,15,439039517,0.68503081508824,0.116450216450216,1155,0.0539303358377973,0.0540652784705145,1,-0.385908571325359
Chr21_358373744,21,358373744,0.685069943068576,0.440692640692641,1155,0.0539303358377973,0.0540652430428425,1,-0.246288311344813
Chr21_407201700,21,407201700,0.685120791157264,0.00519480519480519,1155,0.0539303358377973,0.0540651970115187,1,1.34457537990258
Chr04_57884984,4,57884984,0.685173512147115,0.120779220779221,1155,0.0539303358377973,0.0540651492943696,1,0.354338809908469
Chr20_438403188,20,438403188,0.685289346808172,0.423376623376623,1155,0.0539303358377973,0.0540650444883108,1,-0.399922203072776
Chr15_183984218,15,183984218,0.685492243480903,0.12034632034632,1155,0.0539303358377973,0.0540648610237463,1,-0.472741866524444
Chr06_507991155,6,507991155,0.685497458444756,0.0281385281385281,1155,0.0539303358377973,0.054064856310158,1,0.806118742203253
Chr19_632334545,19,632334545,0.685822252424295,0.025974025974026,1155,0.0539303358377973,0.0540645629317204,1,-0.845881476824985
Chr12_319911496,12,319911496,0.685832589510442,0.135930735930736,1155,0.0539303358377973,0.054064553600605,1,-0.361329841159915
Chr02_308320369,2,308320369,0.685937921726315,0.175324675324675,1155,0.0539303358377973,0.054064458540481,1,0.405919412323755
Chr09_33044027,9,33044027,0.685948604116235,0.0588744588744589,1155,0.0539303358377973,0.0540644489020363,1,-0.509290332307785
Chr13_285090081,13,285090081,0.685961206619732,0.173160173160173,1155,0.0539303358377973,0.0540644375316405,1,-0.366757588308474
Chr16_175564982,16,175564982,0.686088603301225,0.325108225108225,1155,0.0539303358377973,0.054064322621633,1,0.486856682426151
Chr18_99977311,18,99977311,0.686166954112037,0.0545454545454545,1155,0.0539303358377973,0.0540642519787691,1,-0.524016203777322
Chr02_176040431,2,176040431,0.686205232296885,0.0649350649350649,1155,0.0539303358377973,0.0540642174741718,1,0.495233627657484
Chr12_207927414,12,207927414,0.686444945960484,0.44978354978355,1155,0.0539303358377973,0.0540640015098549,1,0.499236667785226
Chr20_78921712,20,78921712,0.68647306340976,0.0683982683982684,1155,0.0539303358377973,0.0540639761913972,1,-0.463914123580082
Chr21_190282273,21,190282273,0.686473503279015,0.0281385281385281,1155,0.0539303358377973,0.0540639757953384,1,0.814346858956853
Chr04_215621965,4,215621965,0.686807511694851,0.0796536796536796,1155,0.0539303358377973,0.0540636752500894,1,0.704098884551513
Chr17_212346022,17,212346022,0.68712655234871,0.0727272727272727,1155,0.0539303358377973,0.0540633885403201,1,-0.484736996055773
Chr05_95408565,5,95408565,0.687139916089447,0.475757575757576,1155,0.0539303358377973,0.05406337653866,1,-0.412001137086804
Chr08_293989921,8,293989921,0.687201292856868,0.0554112554112554,1155,0.0539303358377973,0.0540633214257101,1,0.592113949486532
Chr12_202519361,12,202519361,0.687232592217804,0.0246753246753247,1155,0.0539303358377973,0.0540632933257182,1,0.840693222003111
Chr02_91876472,2,91876472,0.687258119970595,0.0151515151515152,1155,0.0539303358377973,0.054063270409932,1,-0.808469027225584
Chr15_87541564,15,87541564,0.687350967298711,0.450649350649351,1155,0.0539303358377973,0.0540631870819596,1,0.259890001132703
Chr21_241858158,21,241858158,0.687416841328453,0.0112554112554113,1155,0.0539303358377973,0.0540631279802107,1,-0.952973815713264
Chr01_28808729,1,28808729,0.687427257411038,0.197402597402597,1155,0.0539303358377973,0.0540631186363647,1,-0.393067947846845
Chr14_518730859,14,518730859,0.687519065195167,0.347186147186147,1155,0.0539303358377973,0.0540630362958723,1,0.359088895383593
Chr07_300447373,7,300447373,0.687685029026002,0.153679653679654,1155,0.0539303358377973,0.0540628875216638,1,0.419089808315107
Chr13_373466581,13,373466581,0.687839288396782,0.313419913419913,1155,0.0539303358377973,0.0540627493265545,1,0.263117972694175
Chr16_74599663,16,74599663,0.687854566788741,0.383116883116883,1155,0.0539303358377973,0.0540627356437816,1,0.351611220381642
Chr05_384585208,5,384585208,0.687907551175907,0.445887445887446,1155,0.0539303358377973,0.0540626881992501,1,0.203589886995502
Chr13_379859490,13,379859490,0.687970479167822,0.372294372294372,1155,0.0539303358377973,0.0540626318636079,1,-0.231804670561615
Chr18_85445877,18,85445877,0.688022570074432,0.197402597402597,1155,0.0539303358377973,0.0540625852402919,1,-0.388558007440878
Chr07_341482150,7,341482150,0.688057794117806,0.448051948051948,1155,0.0539303358377973,0.054062553718857,1,-0.248048201291653
Chr20_263894881,20,263894881,0.688525975008379,0.0528138528138528,1155,0.0539303358377973,0.054062135165582,1,0.581068898289487
Chr21_388482449,21,388482449,0.688645382026861,0.0761904761904762,1155,0.0539303358377973,0.0540620285391008,1,0.483041763969197
Chr12_137591505,12,137591505,0.688681107883394,0.278787878787879,1155,0.0539303358377973,0.0540619966468358,1,0.343200501448649
Chr06_263209422,6,263209422,0.688704281248832,0.0441558441558442,1155,0.0539303358377973,0.0540619759625031,1,-0.609708793493496
Chr19_588382692,19,588382692,0.688819034455707,0.245021645021645,1155,0.0539303358377973,0.0540618735626479,1,-0.323494563538077
Chr20_423668434,20,423668434,0.688953025205572,0.369264069264069,1155,0.0539303358377973,0.054061754054712,1,-0.263818730164616
Chr19_38623897,19,38623897,0.68896289252117,0.0268398268398268,1155,0.0539303358377973,0.0540617452564287,1,0.781626248073621
Chr08_67484386,8,67484386,0.689021501078078,0.0497835497835498,1155,0.0539303358377973,0.0540616930046072,1,0.548457142386525
Chr01_195920202,1,195920202,0.689059641915227,0.0705627705627706,1155,0.0539303358377973,0.0540616590070335,1,0.501878455756184
Chr04_173993463,4,173993463,0.689144432007375,0.0272727272727273,1155,0.0539303358377973,0.0540615834460316,1,0.821068242181397
Chr04_236428525,4,236428525,0.689201873676602,0.5,1155,0.0539303358377973,0.0540615322710121,1,1.21383015812444
Chr20_170475175,20,170475175,0.689332727925159,0.457575757575758,1155,0.0539303358377973,0.0540614157356483,1,-0.245250388433107
Chr01_19558016,1,19558016,0.689706226464482,0.127272727272727,1155,0.0539303358377973,0.054061083437953,1,-0.45372166263013
Chr10_122381494,10,122381494,0.689729706009081,0.0601731601731602,1155,0.0539303358377973,0.0540610625647903,1,-0.420888863867049
Chr03_442149283,3,442149283,0.68977132933056,0.111688311688312,1155,0.0539303358377973,0.0540610255666747,1,-0.383687438397487
Chr02_47084411,2,47084411,0.689953676879464,0.490909090909091,1155,0.0539303358377973,0.0540608635532397,1,0.3725938687096
Chr16_312340635,16,312340635,0.689970304924489,0.425108225108225,1155,0.0539303358377973,0.0540608487852315,1,0.390405250631375
Chr19_608080481,19,608080481,0.68997414861973,0.424675324675325,1155,0.0539303358377973,0.0540608453716372,1,-0.237265381295799
Chr20_275964916,20,275964916,0.689976089565696,0.141558441558442,1155,0.0539303358377973,0.0540608436478957,1,-0.374009996378703
Chr18_64083236,18,64083236,0.690152062957939,0.0692640692640693,1155,0.0539303358377973,0.0540606874220779,1,-0.431652970433333
Chr15_556717182,15,556717182,0.690380977364391,0.0108225108225108,1155,0.0539303358377973,0.054060484358511,1,-1.00927723778555
Chr10_137150351,10,137150351,0.690632339379592,0.0251082251082251,1155,0.0539303358377973,0.0540602615935749,1,0.827292446454805
Chr14_330136422,14,330136422,0.690830153887896,0.443290043290043,1155,0.0539303358377973,0.0540600864395511,1,0.218128519426074
Chr15_486072864,15,486072864,0.690856973246293,0.475324675324675,1155,0.0539303358377973,0.0540600627030002,1,0.274594680540588
Chr10_439217101,10,439217101,0.691052460229869,0.223809523809524,1155,0.0539303358377973,0.0540598897626405,1,-0.429240908871179
Chr04_189130535,4,189130535,0.691072665969337,0.277489177489178,1155,0.0539303358377973,0.0540598718949622,1,0.295589849059979
Chr20_61867816,20,61867816,0.691172398151277,0.0303030303030303,1155,0.0539303358377973,0.0540597837239637,1,-0.793762894790859
Chr12_13692856,12,13692856,0.691319142416791,0.437229437229437,1155,0.0539303358377973,0.0540596540538243,1,0.254619502063463
Chr13_252462690,13,252462690,0.691423231221933,0.275757575757576,1155,0.0539303358377973,0.0540595621216683,1,-0.333432590880875
Chr02_380200915,2,380200915,0.691434108373901,0.419047619047619,1155,0.0539303358377973,0.054059552517055,1,0.27968351890874
Chr02_58237471,2,58237471,0.691457596609341,0.394805194805195,1155,0.0539303358377973,0.0540595317781635,1,-0.233882856045568
Chr10_416527276,10,416527276,0.69149045039605,0.470562770562771,1155,0.0539303358377973,0.0540595027732071,1,-0.631982218939584
Chr15_21583115,15,21583115,0.691742537226979,0.0536796536796537,1155,0.0539303358377973,0.0540592803438361,1,-0.572084499667795
Chr16_252739173,16,252739173,0.692172990656893,0.363636363636364,1155,0.0539303358377973,0.0540589010450188,1,-0.328510410077058
Chr13_227609541,13,227609541,0.692535082458841,0.051948051948052,1155,0.0539303358377973,0.0540585824842524,1,0.615414262107606
Chr19_36465250,19,36465250,0.692926737661861,0.0151515151515152,1155,0.0539303358377973,0.0540582384286333,1,0.905086955397991
Chr10_487248408,10,487248408,0.693100710729124,0.025974025974026,1155,0.0539303358377973,0.054058085770639,1,-0.786382954511907
Chr01_477464355,1,477464355,0.693220827171001,0.444588744588745,1155,0.0539303358377973,0.0540579804322809,1,0.265497891634567
Chr04_1178526,4,1178526,0.693535995987064,0.267532467532468,1155,0.0539303358377973,0.0540577042777899,1,-0.328218938094778
Chr20_666752327,20,666752327,0.69359712564336,0.107792207792208,1155,0.0539303358377973,0.0540576507553043,1,0.327626686701024
Chr14_308347052,14,308347052,0.693656752573384,0.0246753246753247,1155,0.0539303358377973,0.0540575985610574,1,0.795795910040539
Chr02_96124117,2,96124117,0.693666469744419,0.1,1155,0.0539303358377973,0.0540575900563335,1,-0.468224546776355
Chr14_302271584,14,302271584,0.693698741933528,0.256277056277056,1155,0.0539303358377973,0.0540575618132211,1,-0.366462634308846
Chr19_773638187,19,773638187,0.693801545628643,0.301731601731602,1155,0.0539303358377973,0.0540574718683724,1,0.309607011303626
Chr06_565295298,6,565295298,0.693888762001937,0.0541125541125541,1155,0.0539303358377973,0.0540573955899619,1,0.497818558981294
Chr13_364406383,13,364406383,0.693918439160003,0.124675324675325,1155,0.0539303358377973,0.0540573696407005,1,-0.380010493649024
Chr05_384585237,5,384585237,0.693979155357448,0.486580086580087,1155,0.0539303358377973,0.0540573165609046,1,-0.194901707245293
Chr16_357370264,16,357370264,0.6942382663123,0.0575757575757576,1155,0.0539303358377973,0.0540570901828374,1,-0.557419362080935
Chr03_119739634,3,119739634,0.694487451799039,0.496103896103896,1155,0.0539303358377973,0.054056872696336,1,-0.45034930785539
Chr06_70080654,6,70080654,0.694853639719195,0.122943722943723,1155,0.0539303358377973,0.0540565534824416,1,0.364720229051358
Chr04_260428325,4,260428325,0.694918798664528,0.0722943722943723,1155,0.0539303358377973,0.0540564967307462,1,-0.474551618919833
Chr12_58296936,12,58296936,0.695076186253092,0.0965367965367965,1155,0.0539303358377973,0.0540563597111159,1,0.392145586155806
Chr15_524767561,15,524767561,0.695223292612259,0.0705627705627706,1155,0.0539303358377973,0.0540562317198492,1,0.467792764991756
Chr01_440284981,1,440284981,0.695240828475848,0.0285714285714286,1155,0.0539303358377973,0.0540562164676118,1,0.779220044357245
Chr15_557601178,15,557601178,0.695338538196196,0.487445887445887,1155,0.0539303358377973,0.0540561315017555,1,0.346156578512819
Chr18_28675371,18,28675371,0.695501561520135,0.104329004329004,1155,0.0539303358377973,0.0540559898145238,1,0.381337885005919
Chr19_688574636,19,688574636,0.695507522859404,0.205194805194805,1155,0.0539303358377973,0.0540559846351371,1,-0.355524300809691
Chr19_784694979,19,784694979,0.695516011178827,0.458441558441558,1155,0.0539303358377973,0.0540559772604432,1,0.478805975267164
Chr08_258168879,8,258168879,0.695600941308072,0.495670995670996,1155,0.0539303358377973,0.0540559034864933,1,1.41668716666845
Chr02_423687957,2,423687957,0.695606564127748,0.0878787878787879,1155,0.0539303358377973,0.0540558986031524,1,-0.424505358433706
Chr01_418604818,1,418604818,0.695654493489099,0.376623376623377,1155,0.0539303358377973,0.0540558569816176,1,0.28659518500038
Chr18_273564961,18,273564961,0.695697843600956,0.345021645021645,1155,0.0539303358377973,0.0540558193435264,1,0.352924705577834
Chr14_390073561,14,390073561,0.695975051444811,0.0917748917748918,1155,0.0539303358377973,0.0540555788157698,1,0.427101838645598
Chr21_23956259,21,23956259,0.696017563550682,0.051948051948052,1155,0.0539303358377973,0.054055541952383,1,-0.562471662640291
Chr06_490369207,6,490369207,0.696123424463699,0.0623376623376623,1155,0.0539303358377973,0.0540554501847309,1,-0.552749771834755
Chr04_58706034,4,58706034,0.696125608819996,0.143290043290043,1155,0.0539303358377973,0.0540554482915844,1,0.400321899273763
Chr13_273891126,13,273891126,0.696128407743776,0.0523809523809524,1155,0.0539303358377973,0.0540554458658293,1,0.588119128477501
Chr20_50774097,20,50774097,0.696270800189438,0.42987012987013,1155,0.0539303358377973,0.054055322493696,1,0.40336946074558
Chr02_137774986,2,137774986,0.696460112607992,0.0229437229437229,1155,0.0539303358377973,0.0540551585776186,1,0.816347009195013
Chr20_349286793,20,349286793,0.696462693554794,0.396103896103896,1155,0.0539303358377973,0.0540551563437622,1,0.339046256410711
Chr20_325634572,20,325634572,0.696473903929927,0.0268398268398268,1155,0.0539303358377973,0.0540551466412512,1,0.811598738227985
Chr08_188849111,8,188849111,0.696926630761663,0.0489177489177489,1155,0.0539303358377973,0.0540547551719728,1,-0.560757035458934
Chr21_357173432,21,357173432,0.696968395726889,0.277056277056277,1155,0.0539303358377973,0.0540547190938263,1,0.304832080573078
Chr19_305507720,19,305507720,0.697081883473003,0.458008658008658,1155,0.0539303358377973,0.0540546210892766,1,0.303511762415269
Chr05_429136272,5,429136272,0.697091188673147,0.279220779220779,1155,0.0539303358377973,0.054054613055562,1,-0.270411509491566
Chr09_86941586,9,86941586,0.697097244840044,0.0251082251082251,1155,0.0539303358377973,0.0540546078270849,1,-0.783176051183744
Chr07_201172655,7,201172655,0.697228027736728,0.461904761904762,1155,0.0539303358377973,0.054054494949076,1,-0.304870557375182
Chr15_499145550,15,499145550,0.69724669581381,0.0238095238095238,1155,0.0539303358377973,0.0540544788415761,1,0.802107788539061
Chr07_379431717,7,379431717,0.697371699134289,0.389177489177489,1155,0.0539303358377973,0.0540543710151444,1,-0.271021603567931
Chr05_226684322,5,226684322,0.69746226511385,0.184415584415584,1155,0.0539303358377973,0.0540542929276625,1,0.384032961333816
Chr04_233798961,4,233798961,0.697476338226325,0.36017316017316,1155,0.0539303358377973,0.0540542807961339,1,0.355899476290006
Chr01_72446615,1,72446615,0.697502291747791,0.0766233766233766,1155,0.0539303358377973,0.0540542584250602,1,-0.485893833163146
Chr11_216835766,11,216835766,0.69753118577913,0.0207792207792208,1155,0.0539303358377973,0.0540542335220948,1,0.785950566956387
Chr01_67812838,1,67812838,0.697554454962491,0.0878787878787879,1155,0.0539303358377973,0.0540542134691272,1,0.424496781370351
Chr02_127679434,2,127679434,0.697612663368854,0.263203463203463,1155,0.0539303358377973,0.0540541633143405,1,0.308793172782259
Chr04_236911139,4,236911139,0.697674271779024,0.424242424242424,1155,0.0539303358377973,0.0540541102427029,1,-0.200195585375042
Chr15_215098912,15,215098912,0.697713581612733,0.0510822510822511,1155,0.0539303358377973,0.0540540763866784,1,1.08415071323884
Chr15_257066852,15,257066852,0.697713581612733,0.0510822510822511,1155,0.0539303358377973,0.0540540763866784,1,1.08415071323884
Chr15_437416782,15,437416782,0.697713581612733,0.0510822510822511,1155,0.0539303358377973,0.0540540763866784,1,1.08415071323884
Chr20_344691610,20,344691610,0.697820759245394,0.0199134199134199,1155,0.0539303358377973,0.0540539841058516,1,0.669188998420736
Chr19_99838813,19,99838813,0.697987519741497,0.0311688311688312,1155,0.0539303358377973,0.0540538406024638,1,0.727263747900423
Chr21_104814753,21,104814753,0.698184624529942,0.0510822510822511,1155,0.0539303358377973,0.0540536711103468,1,-0.585617104966587
Chr12_295308432,12,295308432,0.69821197104289,0.0480519480519481,1155,0.0539303358377973,0.054053647605423,1,0.582467221891378
Chr19_788217701,19,788217701,0.698436217188628,0.355411255411255,1155,0.0539303358377973,0.0540534549581581,1,0.234929468868387
Chr12_125176265,12,125176265,0.69859241042619,0.483982683982684,1155,0.0539303358377973,0.0540533208767018,1,0.268804701027193
Chr01_339101017,1,339101017,0.698623295896506,0.0748917748917749,1155,0.0539303358377973,0.054053294373542,1,-0.469926237947433
Chr17_14065157,17,14065157,0.698740020294117,0.0636363636363636,1155,0.0539303358377973,0.0540531942407101,1,0.484347039217283
Chr02_13818876,2,13818876,0.698763801326791,0.0268398268398268,1155,0.0539303358377973,0.0540531738457412,1,-0.582807897049193
Chr07_310254932,7,310254932,0.69886113149995,0.0277056277056277,1155,0.0539303358377973,0.0540530903942085,1,0.779493032706441
Chr20_537190086,20,537190086,0.698883497362784,0.282683982683983,1155,0.0539303358377973,0.054053071222176,1,-0.286492583325611
Chr12_310192334,12,310192334,0.698917846905901,0.499134199134199,1155,0.0539303358377973,0.0540530417810789,1,-0.527917785320142
Chr19_343257553,19,343257553,0.698969963219009,0.11038961038961,1155,0.0539303358377973,0.054052997119784,1,-0.332373201131077
Chr02_91915211,2,91915211,0.699103804223705,0.0337662337662338,1155,0.0539303358377973,0.0540528824669859,1,-0.563535852631219
Chr07_383341634,7,383341634,0.69910872169381,0.12987012987013,1155,0.0539303358377973,0.0540528782556881,1,0.433998019462535
Chr17_313728233,17,313728233,0.699398240853289,0.490909090909091,1155,0.0539303358377973,0.0540526304593433,1,-0.561043048553302
Chr07_516523574,7,516523574,0.6994323937089,0.0714285714285714,1155,0.0539303358377973,0.0540526012472869,1,-0.421865412503138
Chr06_489990450,6,489990450,0.699462349457274,0.401298701298701,1155,0.0539303358377973,0.054052575628453,1,0.268532789322535
Chr01_114434002,1,114434002,0.69947237241932,0.351082251082251,1155,0.0539303358377973,0.054052567057278,1,0.301287366124711
Chr20_309862351,20,309862351,0.69959402620383,0.0281385281385281,1155,0.0539303358377973,0.0540524630521066,1,0.802323583762728
Chr06_542915928,6,542915928,0.699612908484869,0.417748917748918,1155,0.0539303358377973,0.054052446913685,1,0.227768162447461
Chr06_393901146,6,393901146,0.700112817287444,0.0930735930735931,1155,0.0539303358377973,0.0540520200941197,1,0.421054363189896
Chr20_126934663,20,126934663,0.700128587806054,0.368398268398268,1155,0.0539303358377973,0.0540520066432971,1,-0.345300380767299
Chr07_495751562,7,495751562,0.70017045470033,0.025974025974026,1155,0.0539303358377973,0.0540519709387768,1,-0.754986264085375
Chr02_43447317,2,43447317,0.700417286874447,0.271428571428571,1155,0.0539303358377973,0.0540517605600315,1,0.333594378144682
Chr08_400447054,8,400447054,0.700451527048913,0.293506493506493,1155,0.0539303358377973,0.0540517313931341,1,-0.324589730106254
Chr15_479178408,15,479178408,0.700522666615488,0.495670995670996,1155,0.0539303358377973,0.0540516708069901,1,-0.254543958728163
Chr12_19710841,12,19710841,0.70065797681161,0.374025974025974,1155,0.0539303358377973,0.0540515556177246,1,0.204210873009401
Chr19_244230817,19,244230817,0.700810753887961,0.00562770562770563,1155,0.0539303358377973,0.0540514256344186,1,-1.29148073738639
Chr16_51763636,16,51763636,0.700981108012697,0.041991341991342,1155,0.0539303358377973,0.0540512807908597,1,-0.587597734143358
Chr01_436968103,1,436968103,0.701019669015886,0.0333333333333333,1155,0.0539303358377973,0.0540512480181831,1,-0.766073407072724
Chr17_201338327,17,201338327,0.701051742612239,0.0233766233766234,1155,0.0539303358377973,0.0540512207629827,1,0.783614086844835
Chr05_374160877,5,374160877,0.701276727700439,0.367532467532468,1155,0.0539303358377973,0.0540510296763401,1,0.364053013153637
Chr09_262142406,9,262142406,0.701447018873158,0.0753246753246753,1155,0.0539303358377973,0.0540508851581899,1,-0.473113620456985
Chr12_49271810,12,49271810,0.701501253443988,0.0441558441558442,1155,0.0539303358377973,0.0540508391526969,1,-0.559879319880551
Chr19_87789568,19,87789568,0.701506964823181,0.367099567099567,1155,0.0539303358377973,0.0540508343084987,1,-0.210733773318893
Chr11_13464398,11,13464398,0.701607227939132,0.401731601731602,1155,0.0539303358377973,0.0540507492869156,1,0.370676456249669
Chr20_35154601,20,35154601,0.70165422955788,0.0497835497835498,1155,0.0539303358377973,0.0540507094421061,1,-0.563759590632444
Chr04_14238444,4,14238444,0.701845832364826,0.0783549783549784,1155,0.0539303358377973,0.0540505470923981,1,-0.452444329120979
Chr21_103808041,21,103808041,0.701878446422695,0.0277056277056277,1155,0.0539303358377973,0.0540505194702291,1,0.795345721068884
Chr13_257893654,13,257893654,0.701892162030845,0.125108225108225,1155,0.0539303358377973,0.0540505078550086,1,0.357223858438601
Chr18_37824539,18,37824539,0.701919231338178,0.483549783549784,1155,0.0539303358377973,0.0540504849329491,1,-0.727511272754327
Chr16_19202363,16,19202363,0.70211265134983,0.150649350649351,1155,0.0539303358377973,0.0540503212194571,1,0.376626132227784
Chr06_25320868,6,25320868,0.702128960948819,0.0246753246753247,1155,0.0539303358377973,0.0540503074206264,1,-0.762970733276674
Chr19_36465210,19,36465210,0.70214649675594,0.070995670995671,1155,0.0539303358377973,0.0540502925853682,1,0.388667075492677
Chr02_380386295,2,380386295,0.702190264058243,0.0913419913419913,1155,0.0539303358377973,0.0540502555629118,1,0.49712575345859
Chr20_269893580,20,269893580,0.702247796377235,0.051948051948052,1155,0.0539303358377973,0.0540502069066867,1,-0.578660165190513
Chr19_116409239,19,116409239,0.702265673493168,0.495670995670996,1155,0.0539303358377973,0.0540501917899576,1,-1.39880090177121
Chr09_298598913,9,298598913,0.702304137468033,0.0761904761904761,1155,0.0539303358377973,0.0540501592688726,1,0.478244330113739
Chr07_281321436,7,281321436,0.702470382212591,0.0277056277056277,1155,0.0539303358377973,0.0540500187680032,1,0.796375779433248
Chr21_431992610,21,431992610,0.702526124594796,0.0536796536796537,1155,0.0539303358377973,0.0540499716787658,1,-0.550496320318274
Chr17_300229324,17,300229324,0.702664617221182,0.0238095238095238,1155,0.0539303358377973,0.0540498547309499,1,0.77484463196491
Chr11_234190857,11,234190857,0.702742429996046,0.325541125541126,1155,0.0539303358377973,0.0540497890519871,1,0.268615295751829
Chr09_357542580,9,357542580,0.70275468559935,0.408225108225108,1155,0.0539303358377973,0.0540497787093573,1,0.216729061433995
Chr13_205077121,13,205077121,0.702822660640615,0.0264069264069264,1155,0.0539303358377973,0.0540497213538428,1,0.762367372647361
Chr18_184419786,18,184419786,0.703064795861159,0.116450216450216,1155,0.0539303358377973,0.0540495171748557,1,0.451009422781425
Chr06_540740703,6,540740703,0.703179205486631,0.475757575757576,1155,0.0539303358377973,0.0540494207692968,1,0.199061260834242
Chr13_328341537,13,328341537,0.703907229934861,0.107359307359307,1155,0.0539303358377973,0.0540488083566021,1,-0.394804972740246
Chr01_507102493,1,507102493,0.704084511272944,0.0285714285714286,1155,0.0539303358377973,0.0540486595014933,1,-0.581704273330459
Chr09_380748104,9,380748104,0.704118985154614,0.498701298701299,1155,0.0539303358377973,0.0540486305677718,1,0.240475837731111
Chr07_195023724,7,195023724,0.704408924063242,0.0238095238095238,1155,0.0539303358377973,0.0540483873840037,1,-0.750282176929801
Chr16_14628459,16,14628459,0.704569890947196,0.0523809523809524,1155,0.0539303358377973,0.0540482524979858,1,0.512845833331085
Chr14_514488737,14,514488737,0.704646332244588,0.0303030303030303,1155,0.0539303358377973,0.0540481884730761,1,0.72702590003928
Chr18_530760704,18,530760704,0.70466701434805,0.054978354978355,1155,0.0539303358377973,0.0540481711537955,1,0.527628519310724
Chr20_645978010,20,645978010,0.704669894888496,0.0774891774891775,1155,0.0539303358377973,0.0540481687417335,1,-0.448158612942976
Chr03_329980194,3,329980194,0.704747482369291,0.13982683982684,1155,0.0539303358377973,0.0540481037833741,1,0.40601849306924
Chr06_564748155,6,564748155,0.704764665294054,0.422943722943723,1155,0.0539303358377973,0.0540480894001306,1,0.378929477428528
Chr15_422161873,15,422161873,0.704777593582093,0.499134199134199,1155,0.0539303358377973,0.0540480785789614,1,-0.255911926440888
Chr11_13107360,11,13107360,0.704832372956057,0.041991341991342,1155,0.0539303358377973,0.0540480327341221,1,0.494337855216017
Chr17_192587495,17,192587495,0.704895741829899,0.0813852813852814,1155,0.0539303358377973,0.0540479797134688,1,0.459727914275902
Chr07_45300436,7,45300436,0.70493204154748,0.464502164502165,1155,0.0539303358377973,0.0540479493476959,1,-0.316843011648473
Chr20_570822351,20,570822351,0.704939838324426,0.114285714285714,1155,0.0539303358377973,0.0540479428260494,1,-0.363252260829512
Chr19_93889812,19,93889812,0.704955784529711,0.0805194805194805,1155,0.0539303358377973,0.0540479294884222,1,-0.412461398880637
Chr01_52076376,1,52076376,0.705167714413033,0.0774891774891775,1155,0.0539303358377973,0.0540477523094701,1,0.595249092055383
Chr19_786711880,19,786711880,0.705533526190924,0.144155844155844,1155,0.0539303358377973,0.054047446840458,1,0.328953481389476
Chr12_87777829,12,87777829,0.70566447522311,0.306060606060606,1155,0.0539303358377973,0.0540473376027456,1,-0.307667389173787
Chr01_414872236,1,414872236,0.706152524530069,0.383549783549784,1155,0.0539303358377973,0.0540469309848866,1,-0.261177624670978
Chr02_297091240,2,297091240,0.706240033485658,0.0796536796536797,1155,0.0539303358377973,0.054046858162358,1,0.415570149029605
Chr06_483279140,6,483279140,0.706275589349471,0.0670995670995671,1155,0.0539303358377973,0.0540468285811772,1,-0.443434431277637
Chr07_315344031,7,315344031,0.706470358619725,0.0528138528138528,1155,0.0539303358377973,0.0540466666163484,1,-0.541523070269378
Chr21_327550610,21,327550610,0.706536115942818,0.0251082251082251,1155,0.0539303358377973,0.0540466119633985,1,-0.753295743294913
Chr07_428398560,7,428398560,0.706564196449201,0.275324675324675,1155,0.0539303358377973,0.0540465886292872,1,-0.417468805214412
Chr02_280450209,2,280450209,0.706574505077863,0.0497835497835498,1155,0.0539303358377973,0.0540465800637787,1,-0.543409577139528
Chr08_67689550,8,67689550,0.707226744120669,0.0787878787878788,1155,0.0539303358377973,0.0540460388463072,1,0.434656818738972
Chr07_72776990,7,72776990,0.707243355841766,0.31991341991342,1155,0.0539303358377973,0.0540460250809874,1,-0.307359920551932
Chr13_63368427,13,63368427,0.70728205920854,0.0471861471861472,1155,0.0539303358377973,0.0540459930130325,1,-0.551790079141028
Chr21_320571180,21,320571180,0.707302175112905,0.0264069264069264,1155,0.0539303358377973,0.0540459763478591,1,-0.750744425818084
Chr21_116188077,21,116188077,0.707413773782932,0.111688311688312,1155,0.0539303358377973,0.0540458839179746,1,0.373708071777088
Chr20_127147058,20,127147058,0.70755289131322,0.265367965367965,1155,0.0539303358377973,0.0540457687550585,1,0.271057194897764
Chr15_347817609,15,347817609,0.707566955485539,0.0220779220779221,1155,0.0539303358377973,0.0540457571162399,1,0.78714795794204
Chr07_242805081,7,242805081,0.707589053699619,0.0272727272727273,1155,0.0539303358377973,0.054045738830193,1,0.756178562443949
Chr20_660279314,20,660279314,0.707760400009816,0.138528138528139,1155,0.0539303358377973,0.0540455970989507,1,0.33612181203884
Chr19_785358642,19,785358642,0.707875467392776,0.448484848484848,1155,0.0539303358377973,0.0540455019752797,1,0.314782200720288
Chr20_650984899,20,650984899,0.708062156776903,0.0125541125541125,1155,0.0539303358377973,0.0540453477385552,1,0.913651163597933
Chr06_30933881,6,30933881,0.708087527849668,0.325108225108225,1155,0.0539303358377973,0.0540453267868937,1,0.266317463503242
Chr09_169654763,9,169654763,0.708141380135625,0.0783549783549784,1155,0.0539303358377973,0.0540452823223992,1,0.459825731277846
Chr06_76619770,6,76619770,0.708378753780727,0.335064935064935,1155,0.0539303358377973,0.0540450864457218,1,0.319485091427964
Chr14_409417450,14,409417450,0.708450746668316,0.0264069264069264,1155,0.0539303358377973,0.0540450270760588,1,0.711404456554192
Chr13_28531837,13,28531837,0.708459923116755,0.328571428571429,1155,0.0539303358377973,0.0540450195098636,1,0.282280918945219
Chr09_15830287,9,15830287,0.708653255825566,0.029004329004329,1155,0.0539303358377973,0.054044860168733,1,0.717670849122754
Chr19_57174065,19,57174065,0.708679503798022,0.101298701298701,1155,0.0539303358377973,0.0540448385453881,1,-0.39718007023869
Chr19_39921444,19,39921444,0.70887622973825,0.102164502164502,1155,0.0539303358377973,0.0540446765546453,1,0.384572259483875
Chr03_104628699,3,104628699,0.708898427722872,0.0363636363636364,1155,0.0539303358377973,0.0540446582842842,1,-0.591492665173817
Chr07_363608597,7,363608597,0.708935173782048,0.376190476190476,1155,0.0539303358377973,0.0540446280435823,1,0.345606198600194
Chr17_318580041,17,318580041,0.708968303439165,0.045021645021645,1155,0.0539303358377973,0.0540446007829594,1,0.569672453352624
Chr01_201983876,1,201983876,0.709316505997355,0.0298701298701299,1155,0.0539303358377973,0.0540443144897478,1,-0.733856277318637
Chr14_62727681,14,62727681,0.709694813448227,0.0658008658008658,1155,0.0539303358377973,0.0540440039077656,1,-0.445195985609118
Chr10_503408998,10,503408998,0.709742563884646,0.493506493506494,1155,0.0539303358377973,0.0540439647400182,1,0.864213245635256
Chr10_410294229,10,410294229,0.70984202522896,0.258874458874459,1155,0.0539303358377973,0.0540438831805865,1,0.389414772183841
Chr14_37501277,14,37501277,0.710021884834247,0.273160173160173,1155,0.0539303358377973,0.0540437357783131,1,0.295619100384926
Chr19_695010331,19,695010331,0.710088190798213,0.241558441558442,1155,0.0539303358377973,0.0540436814653711,1,0.311882926544143
Chr21_310579072,21,310579072,0.710405601361562,0.468831168831169,1155,0.0539303358377973,0.0540434216712052,1,0.211012500466666
Chr13_286310682,13,286310682,0.710514058597073,0.161038961038961,1155,0.0539303358377973,0.054043332978894,1,-0.391067180876064
Chr21_410543533,21,410543533,0.710851721433976,0.377489177489178,1155,0.0539303358377973,0.0540430571041949,1,0.183637883679069
Chr04_85003107,4,85003107,0.71091657597465,0.494805194805195,1155,0.0539303358377973,0.0540430041611479,1,-0.640176491555621
Chr15_611153689,15,611153689,0.711090846944931,0.354545454545455,1155,0.0539303358377973,0.0540428619676832,1,-0.286190673582638
Chr15_107653166,15,107653166,0.711165069153872,0.0203463203463203,1155,0.0539303358377973,0.0540428014383288,1,0.79585599864599
Chr07_341263320,7,341263320,0.711187424537894,0.165800865800866,1155,0.0539303358377973,0.0540427832107981,1,-0.232370189836729
Chr01_470345737,1,470345737,0.711200639890604,0.0614718614718615,1155,0.0539303358377973,0.0540427724364081,1,-0.500994766426174
Chr12_393286206,12,393286206,0.711384248213246,0.363636363636364,1155,0.0539303358377973,0.0540426228025114,1,0.182981914364802
Chr16_250472353,16,250472353,0.711396925932018,0.0991341991341991,1155,0.0539303358377973,0.0540426124748231,1,0.380979997157823
Chr18_10799444,18,10799444,0.711508851609442,0.493073593073593,1155,0.0539303358377973,0.0540425213199383,1,-0.805086473845677
Chr09_132003418,9,132003418,0.711605179879092,0.0770562770562771,1155,0.0539303358377973,0.0540424429016426,1,0.415730346742066
Chr19_26371296,19,26371296,0.711678378916741,0.0251082251082251,1155,0.0539303358377973,0.0540423833330825,1,-0.755106774431539
Chr19_522394713,19,522394713,0.711815823335442,0.0761904761904761,1155,0.0539303358377973,0.0540422715309646,1,0.457016580190384
Chr14_116010808,14,116010808,0.711819932779909,0.236363636363636,1155,0.0539303358377973,0.0540422681891743,1,-0.298774012926572
Chr15_362082684,15,362082684,0.712002802794951,0.219047619047619,1155,0.0539303358377973,0.0540421195371367,1,-0.37741093074726
Chr20_667784605,20,667784605,0.712369152895708,0.0225108225108225,1155,0.0539303358377973,0.0540418220747686,1,0.741049378334822
Chr21_441876223,21,441876223,0.712543103720984,0.162770562770563,1155,0.0539303358377973,0.0540416809909432,1,0.320681660265905
Chr14_3340547,14,3340547,0.712573801126355,0.0251082251082251,1155,0.0539303358377973,0.0540416561041667,1,-0.727339885203293
Chr12_358191374,12,358191374,0.712660451081447,0.0233766233766234,1155,0.0539303358377973,0.0540415858729939,1,-0.748043584256493
Chr08_13261935,8,13261935,0.712670626145894,0.302164502164502,1155,0.0539303358377973,0.0540415776275954,1,0.322815541738294
Chr18_210332991,18,210332991,0.712743207746145,0.387878787878788,1155,0.0539303358377973,0.0540415188208972,1,-0.351819511959661
Chr19_800051314,19,800051314,0.712812757836798,0.245887445887446,1155,0.0539303358377973,0.0540414624869395,1,0.287812035002844
Chr21_90762057,21,90762057,0.712882260048604,0.196103896103896,1155,0.0539303358377973,0.0540414062079572,1,0.329072903808139
Chr21_335496489,21,335496489,0.713038219043582,0.0238095238095238,1155,0.0539303358377973,0.0540412799800434,1,0.757749426660496
Chr16_263644755,16,263644755,0.713397209496938,0.25021645021645,1155,0.0539303358377973,0.054040989734966,1,0.358146721953403
Chr16_397588052,16,397588052,0.713500926370347,0.00649350649350649,1155,0.0539303358377973,0.0540409059598386,1,-1.13495171147605
Chr13_72179421,13,72179421,0.713877255887035,0.0242424242424242,1155,0.0539303358377973,0.0540406022898594,1,-0.721834856644037
Chr08_320130566,8,320130566,0.713934495944866,0.483116883116883,1155,0.0539303358377973,0.0540405561428949,1,-0.243412789500582
Chr04_56210194,4,56210194,0.714014825724433,0.352380952380952,1155,0.0539303358377973,0.0540404913994627,1,-0.328950099487884
Chr19_500185421,19,500185421,0.714266970306031,0.5,1155,0.0539303358377973,0.0540402883185157,1,0.242520810268132
Chr12_248947888,12,248947888,0.714451892524761,0.206060606060606,1155,0.0539303358377973,0.0540401395145227,1,0.326545898147202
Chr11_223223131,11,223223131,0.714553669183268,0.248484848484848,1155,0.0539303358377973,0.0540400576651979,1,0.301956967325282
Chr19_118244176,19,118244176,0.714864636153668,0.356277056277056,1155,0.0539303358377973,0.0540398077982753,1,-0.242230731598056
Chr04_213141335,4,213141335,0.714883265343899,0.0458874458874459,1155,0.0539303358377973,0.0540397928396762,1,0.525619119278872
Chr21_310897163,21,310897163,0.714902998212646,0.127272727272727,1155,0.0539303358377973,0.0540397769961229,1,0.3622316859568
Chr21_342653782,21,342653782,0.715149466435029,0.23030303030303,1155,0.0539303358377973,0.0540395792158876,1,-0.301036280829521
Chr01_306099372,1,306099372,0.715179208409511,0.192640692640693,1155,0.0539303358377973,0.0540395553629296,1,-0.296546547747539
Chr02_414066343,2,414066343,0.715340388674333,0.0246753246753247,1155,0.0539303358377973,0.0540394261482667,1,0.724668201580442
Chr05_324183854,5,324183854,0.715401200787408,0.019047619047619,1155,0.0539303358377973,0.0540393774190532,1,-0.78079645073737
Chr10_116857862,10,116857862,0.715434096694844,0.0264069264069264,1155,0.0539303358377973,0.0540393510644507,1,0.717308660816343
Chr18_165163184,18,165163184,0.715632229641884,0.330735930735931,1155,0.0539303358377973,0.0540391924062876,1,0.379768511335214
Chr15_504822716,15,504822716,0.715656847037837,0.0242424242424242,1155,0.0539303358377973,0.0540391727026489,1,-0.752359545039582
Chr08_249679243,8,249679243,0.715684326683295,0.40952380952381,1155,0.0539303358377973,0.0540391507104705,1,-0.263072586057973
Chr16_221552004,16,221552004,0.715715536427539,0.0952380952380952,1155,0.0539303358377973,0.0540391257361179,1,-0.390569291772096
Chr07_156597488,7,156597488,0.715751692069332,0.378787878787879,1155,0.0539303358377973,0.0540390968080654,1,-0.274588888922949
Chr08_97907241,8,97907241,0.715946979709276,0.390909090909091,1155,0.0539303358377973,0.0540389406341518,1,-0.239574383750153
Chr20_263894870,20,263894870,0.715961383779786,0.162337662337662,1155,0.0539303358377973,0.0540389291200747,1,-0.362380027135146
Chr15_482652849,15,482652849,0.716319530149986,0.0238095238095238,1155,0.0539303358377973,0.0540386430534163,1,0.69260647179874
Chr02_321911837,2,321911837,0.716664376778583,0.0857142857142857,1155,0.0539303358377973,0.0540383680134267,1,-0.407624419067417
Chr20_257204702,20,257204702,0.716747703950408,0.425108225108225,1155,0.0539303358377973,0.0540383016133851,1,0.22461544840823
Chr18_508558813,18,508558813,0.71679921173873,0.325974025974026,1155,0.0539303358377973,0.0540382605804728,1,0.242796029151236
Chr04_115013104,4,115013104,0.71682152509194,0.378354978354978,1155,0.0539303358377973,0.0540382428076126,1,-0.324477618765911
Chr10_6909104,10,6909104,0.716825225235762,0.429437229437229,1155,0.0539303358377973,0.0540382398605621,1,-0.205025555744498
Chr01_448909425,1,448909425,0.716941704653989,0.0341991341991342,1155,0.0539303358377973,0.0540381471115932,1,0.728662525465921
Chr09_120754532,9,120754532,0.716994162307733,0.479220779220779,1155,0.0539303358377973,0.0540381053559168,1,0.599616575485015
Chr21_187723404,21,187723404,0.717069551341453,0.144155844155844,1155,0.0539303358377973,0.054038045363164,1,-0.355329051665649
Chr10_480472668,10,480472668,0.717269150676084,0.0168831168831168,1155,0.0539303358377973,0.0540378866181201,1,-0.687131063317338
Chr02_13599779,2,13599779,0.717279831246443,0.0536796536796537,1155,0.0539303358377973,0.0540378781274002,1,0.503903521676961
Chr18_75576741,18,75576741,0.717280661940645,0.0298701298701298,1155,0.0539303358377973,0.0540378774670406,1,0.637997501763948
Chr13_255488951,13,255488951,0.717397713709729,0.442857142857143,1155,0.0539303358377973,0.0540377844396843,1,-0.411775748463469
Chr10_212000986,10,212000986,0.717446705365307,0.165800865800866,1155,0.0539303358377973,0.0540377455168896,1,-0.269809612429299
Chr02_394137849,2,394137849,0.717509941448478,0.0515151515151515,1155,0.0539303358377973,0.0540376952889994,1,0.529421490440512
Chr03_460492313,3,460492313,0.717901092365073,0.0935064935064935,1155,0.0539303358377973,0.0540373848963165,1,-0.477988765827803
Chr20_235407770,20,235407770,0.71795086171232,0.0887445887445888,1155,0.0539303358377973,0.054037345438938,1,-0.404350645968535
Chr07_491999644,7,491999644,0.718232323757937,0.322077922077922,1155,0.0539303358377973,0.0540371224492036,1,0.338064926990739
Chr02_417381497,2,417381497,0.718374267817608,0.487012987012987,1155,0.0539303358377973,0.0540370100930193,1,-0.71552840624372
Chr08_247174705,8,247174705,0.718417604443688,0.0753246753246753,1155,0.0539303358377973,0.0540369758031203,1,-0.445165912449966
Chr08_19669723,8,19669723,0.718745659250875,0.32987012987013,1155,0.0539303358377973,0.0540367164333451,1,-0.258153909187598
Chr20_105483998,20,105483998,0.718836660066621,0.292640692640693,1155,0.0539303358377973,0.05403664454864,1,-0.319481900700112
Chr21_203474586,21,203474586,0.719076610252972,0.39004329004329,1155,0.0539303358377973,0.0540364551352478,1,-0.346605847059209
Chr13_307803908,13,307803908,0.719079388643559,0.419480519480519,1155,0.0539303358377973,0.0540364529431401,1,-0.184773895751121
Chr10_476001995,10,476001995,0.719285027487348,0.238528138528139,1155,0.0539303358377973,0.0540362907683318,1,0.295675014380038
Chr04_150835828,4,150835828,0.719306827140365,0.0727272727272728,1155,0.0539303358377973,0.0540362735844868,1,0.353990049016375
Chr02_126271879,2,126271879,0.71945344154012,0.0264069264069264,1155,0.0539303358377973,0.0540361580547606,1,0.710492834426518
Chr19_601567840,19,601567840,0.719889029377602,0.108658008658009,1155,0.0539303358377973,0.0540358152384577,1,0.35928076738287
Chr07_252861743,7,252861743,0.719914541710685,0.106493506493507,1155,0.0539303358377973,0.054035795179206,1,0.349960136358845
Chr19_774978192,19,774978192,0.719985259843785,0.0489177489177489,1155,0.0539303358377973,0.0540357395878324,1,-0.896949804415158
Chr20_105464248,20,105464248,0.720037860700899,0.242424242424242,1155,0.0539303358377973,0.0540356982491352,1,-0.28975393965095
Chr02_199525917,2,199525917,0.720193312514483,0.0445887445887446,1155,0.0539303358377973,0.0540355761339798,1,0.555768430348721
Chr01_380737524,1,380737524,0.720203479940954,0.0341991341991342,1155,0.0539303358377973,0.0540355681497415,1,0.577174781738449
Chr19_644375465,19,644375465,0.720262138615424,0.0796536796536796,1155,0.0539303358377973,0.0540355220931594,1,0.408707117472431
Chr10_371175177,10,371175177,0.72036919897036,0.0298701298701299,1155,0.0539303358377973,0.0540354380627278,1,0.590681536367512
Chr13_116166054,13,116166054,0.720436682724078,0.0692640692640693,1155,0.0539303358377973,0.0540353851149773,1,0.361326375124463
Chr13_332921959,13,332921959,0.720553015941436,0.283982683982684,1155,0.0539303358377973,0.0540352938752753,1,0.306405812384128
Chr15_141900969,15,141900969,0.720601861760359,0.284415584415584,1155,0.0539303358377973,0.0540352555790138,1,-0.261557062938778
Chr14_211253923,14,211253923,0.720802692113384,0.0670995670995671,1155,0.0539303358377973,0.054035098206157,1,-0.456132848356447
Chr09_55917743,9,55917743,0.720881776895259,0.409090909090909,1155,0.0539303358377973,0.0540350362710168,1,0.212480684953334
Chr20_364167625,20,364167625,0.720939401716224,0.29047619047619,1155,0.0539303358377973,0.0540349911552206,1,0.295587446356762
Chr09_383044409,9,383044409,0.721367819672563,0.0493506493506494,1155,0.0539303358377973,0.0540346560806748,1,0.541715307007522
Chr14_190727148,14,190727148,0.721542930960311,0.0523809523809524,1155,0.0539303358377973,0.0540345192968841,1,0.889487990259454
Chr21_117910257,21,117910257,0.721579197797754,0.103030303030303,1155,0.0539303358377973,0.0540344909805973,1,0.398245859189075
Chr13_222529189,13,222529189,0.721671329896689,0.341991341991342,1155,0.0539303358377973,0.0540344190655415,1,0.329546656399032
Chr04_2127304,4,2127304,0.721703119217026,0.306060606060606,1155,0.0539303358377973,0.0540343942584205,1,-0.238461102693634
Chr12_266403824,12,266403824,0.721728150116776,0.172294372294372,1155,0.0539303358377973,0.0540343747276458,1,-0.394426562658737
Chr02_31026569,2,31026569,0.721850744354633,0.376623376623377,1155,0.0539303358377973,0.0540342791012923,1,0.258049032072108
Chr17_32868836,17,32868836,0.721999957650041,0.464069264069264,1155,0.0539303358377973,0.0540341627783009,1,0.453233885789473
Chr08_151817643,8,151817643,0.72200319633834,0.0484848484848485,1155,0.0539303358377973,0.0540341602543128,1,-0.515951195351519
Chr11_23279880,11,23279880,0.722139517745049,0.232900432900433,1155,0.0539303358377973,0.0540340540471129,1,-0.303489629142859
Chr07_345708245,7,345708245,0.722272533702394,0.1,1155,0.0539303358377973,0.0540339504741875,1,0.402239443107078
Chr06_413055652,6,413055652,0.722280255868446,0.46017316017316,1155,0.0539303358377973,0.0540339444631102,1,0.198267209695672
Chr20_119122510,20,119122510,0.722397127705466,0.272727272727273,1155,0.0539303358377973,0.0540338535118824,1,0.255183565319328
Chr20_465233676,20,465233676,0.722399311091355,0.43982683982684,1155,0.0539303358377973,0.0540338518131692,1,-0.350399265079773
Chr20_612848532,20,612848532,0.722700995983621,0.0363636363636364,1155,0.0539303358377973,0.054033617248017,1,-0.5422754065102
Chr01_407548914,1,407548914,0.722823312297982,0.483549783549784,1155,0.0539303358377973,0.0540335222303523,1,-0.56316356243201
Chr21_337638628,21,337638628,0.722831861461846,0.487012987012987,1155,0.0539303358377973,0.0540335155910369,1,-0.666291902898365
Chr01_299491458,1,299491458,0.723098918056435,0.358008658008658,1155,0.0539303358377973,0.0540333083149268,1,0.300405834878916
Chr18_214282679,18,214282679,0.723166768771811,0.0735930735930736,1155,0.0539303358377973,0.054033255689937,1,-0.446147853299948
Chr02_84186445,2,84186445,0.723305479160066,0.0826839826839827,1155,0.0539303358377973,0.0540331481533137,1,-0.412136632514319
Chr18_1047263,18,1047263,0.723396741278717,0.351948051948052,1155,0.0539303358377973,0.0540330774359474,1,0.21055948121267
Chr07_435230396,7,435230396,0.723397271588884,0.477056277056277,1155,0.0539303358377973,0.0540330770250985,1,0.307768061008858
Chr09_392113518,9,392113518,0.723448252154106,0.478354978354978,1155,0.0539303358377973,0.0540330375331859,1,-0.233105833913783
Chr19_340766034,19,340766034,0.723606897204911,0.477922077922078,1155,0.0539303358377973,0.0540329146940184,1,0.283100067346993
Chr01_43857715,1,43857715,0.723652640377869,0.0233766233766234,1155,0.0539303358377973,0.0540328792903549,1,-0.717331300722094
Chr20_429001286,20,429001286,0.724072113523087,0.341991341991342,1155,0.0539303358377973,0.0540325549529024,1,0.351784714218809
Chr20_201314569,20,201314569,0.724374713608346,0.0506493506493506,1155,0.0539303358377973,0.0540323213406605,1,0.490145679068291
Chr16_379009061,16,379009061,0.724654355716891,0.201298701298701,1155,0.0539303358377973,0.0540321057195103,1,-0.303359298050395
Chr02_373661291,2,373661291,0.724865820194535,0.0982683982683983,1155,0.0539303358377973,0.0540319428377956,1,0.37752815788879
Chr13_95064038,13,95064038,0.725054462125048,0.0173160173160173,1155,0.0539303358377973,0.0540317976590143,1,-0.784321126539169
Chr15_533785272,15,533785272,0.725487894673415,0.318181818181818,1155,0.0539303358377973,0.0540314645312444,1,0.183200682524074
Chr18_363933908,18,363933908,0.725502058237313,0.18961038961039,1155,0.0539303358377973,0.0540314536557892,1,-0.309379954145356
Chr14_86429595,14,86429595,0.725893282955401,0.0744588744588745,1155,0.0539303358377973,0.0540311535146012,1,-0.431728067871518
Chr03_343678056,3,343678056,0.725898210760399,0.025974025974026,1155,0.0539303358377973,0.0540311497372657,1,-0.693202543234221
Chr03_344084270,3,344084270,0.725987418065503,0.147619047619048,1155,0.0539303358377973,0.0540310813704674,1,0.334573874798025
Chr19_688574651,19,688574651,0.726187701398898,0.4,1155,0.0539303358377973,0.0540309279719478,1,0.274153208187613
Chr15_5768355,15,5768355,0.726366390690221,0.279220779220779,1155,0.0539303358377973,0.0540307912232254,1,-0.304674399564988
Chr10_472016816,10,472016816,0.726476436537342,0.016017316017316,1155,0.0539303358377973,0.0540307070584414,1,-0.770382889895686
Chr10_32435015,10,32435015,0.726596749811446,0.427705627705628,1155,0.0539303358377973,0.054030615086272,1,0.183103771882344
Chr10_331859337,10,331859337,0.727070953632737,0.0298701298701299,1155,0.0539303358377973,0.0540302530470086,1,0.704217577123671
Chr09_465080303,9,465080303,0.727150833989224,0.137662337662338,1155,0.0539303358377973,0.0540301921332366,1,0.31235363015729
Chr15_221830378,15,221830378,0.727236102833487,0.0722943722943723,1155,0.0539303358377973,0.0540301271333961,1,0.586171729111925
Chr03_347078225,3,347078225,0.727247323732869,0.025974025974026,1155,0.0539303358377973,0.0540301185815504,1,0.740549472513692
Chr03_478087356,3,478087356,0.727345903798225,0.336363636363636,1155,0.0539303358377973,0.0540300434678597,1,0.289068127941391
Chr18_540693875,18,540693875,0.727465334760037,0.498701298701299,1155,0.0539303358377973,0.0540299525091952,1,-1.772671815188
Chr08_24083402,8,24083402,0.727745526271036,0.47012987012987,1155,0.0539303358377973,0.0540297392979425,1,0.202872463686731
Chr02_125972550,2,125972550,0.727828723100653,0.107792207792208,1155,0.0539303358377973,0.0540296760387725,1,0.345952070645168
Chr06_148000589,6,148000589,0.727875876971405,0.410822510822511,1155,0.0539303358377973,0.0540296401950895,1,0.258986331308051
Chr21_66077263,21,66077263,0.727888680170591,0.0779220779220779,1155,0.0539303358377973,0.0540296304640793,1,0.544905657593091
Chr08_100726490,8,100726490,0.72813491545228,0.103463203463203,1155,0.0539303358377973,0.0540294434181348,1,-0.374616430876614
Chr15_315531571,15,315531571,0.728148738142907,0.294372294372294,1155,0.0539303358377973,0.0540294329239628,1,-0.265960282618323
Chr18_385500491,18,385500491,0.728274123913678,0.0471861471861472,1155,0.0539303358377973,0.054029337759671,1,-0.534263636000233
Chr17_98132719,17,98132719,0.728536501855787,0.287445887445887,1155,0.0539303358377973,0.0540291387879275,1,-0.277756447071283
Chr11_216694632,11,216694632,0.728569874567757,0.298268398268398,1155,0.0539303358377973,0.054029113496138,1,-0.211103268810447
Chr20_426568586,20,426568586,0.728745621176199,0.029004329004329,1155,0.0539303358377973,0.0540289803649436,1,-0.671104238401355
Chr02_415795440,2,415795440,0.72883371698211,0.451082251082251,1155,0.0539303358377973,0.0540289136686428,1,-0.202065987750728
Chr12_312685513,12,312685513,0.729122549414917,0.0424242424242424,1155,0.0539303358377973,0.0540286951742074,1,-0.374759846109257
Chr12_320782691,12,320782691,0.729122549414917,0.0212121212121212,1155,0.0539303358377973,0.0540286951742074,1,-0.749519692218513
Chr16_343538508,16,343538508,0.729421526300048,0.324242424242424,1155,0.0539303358377973,0.0540284692917029,1,0.268760115530085
Chr07_50056470,7,50056470,0.729526632680033,0.284848484848485,1155,0.0539303358377973,0.0540283899509894,1,-0.302033785585365
Chr04_244398655,4,244398655,0.729560321087526,0.161904761904762,1155,0.0539303358377973,0.0540283645285264,1,-0.339389418953999
Chr13_328510347,13,328510347,0.729632122506606,0.0528138528138528,1155,0.0539303358377973,0.0540283103569476,1,0.504446847866731
Chr16_204016225,16,204016225,0.729736941745858,0.0246753246753247,1155,0.0539303358377973,0.0540282313047163,1,-0.698750510534126
Chr20_398396822,20,398396822,0.729846823361256,0.497402597402597,1155,0.0539303358377973,0.0540281484728995,1,-1.40196981533154
Chr06_79483105,6,79483105,0.729917992946155,0.0649350649350649,1155,0.0539303358377973,0.0540280948442311,1,-0.417584233194461
Chr20_239910341,20,239910341,0.730147534409346,0.101298701298701,1155,0.0539303358377973,0.0540279219891828,1,0.457894478313534
Chr20_275830370,20,275830370,0.730250200290819,0.425974025974026,1155,0.0539303358377973,0.054027844732553,1,-0.231544761369634
Chr20_414554320,20,414554320,0.731195940563299,0.0554112554112554,1155,0.0539303358377973,0.0540271346672764,1,-0.5179788111665
Chr14_136180807,14,136180807,0.73121088501066,0.26969696969697,1155,0.0539303358377973,0.0540271234702183,1,0.247377553205979
Chr13_282565146,13,282565146,0.731295702548365,0.496969696969697,1155,0.0539303358377973,0.0540270599347933,1,1.48094778843006
Chr13_361809846,13,361809846,0.73131382254298,0.369264069264069,1155,0.0539303358377973,0.0540270463644261,1,-0.178935113423179
Chr11_248363024,11,248363024,0.731415061309627,0.281818181818182,1155,0.0539303358377973,0.0540269705646056,1,-0.264878126356223
Chr21_112605445,21,112605445,0.731431317830144,0.301298701298701,1155,0.0539303358377973,0.0540269583960642,1,0.340913947447063
Chr18_364421391,18,364421391,0.731478107271496,0.166233766233766,1155,0.0539303358377973,0.0540269233774094,1,-0.298839101220779
Chr04_117490858,4,117490858,0.731494101025852,0.0502164502164502,1155,0.0539303358377973,0.054026911408825,1,0.504628037914074
Chr16_218144930,16,218144930,0.731541407389984,0.228571428571429,1155,0.0539303358377973,0.0540268760129535,1,0.294772509951372
Chr13_107000390,13,107000390,0.731585552886742,0.304329004329004,1155,0.0539303358377973,0.0540268429886716,1,0.298718719397243
Chr17_321627049,17,321627049,0.731663635386363,0.0532467532467532,1155,0.0539303358377973,0.0540267845923188,1,-0.478777417024304
Chr04_260403891,4,260403891,0.731782581990102,0.408658008658009,1155,0.0539303358377973,0.0540266956724782,1,-0.220753181153611
Chr16_377640726,16,377640726,0.731839327439904,0.225108225108225,1155,0.0539303358377973,0.0540266532679412,1,-0.309672930994452
Chr08_205112899,8,205112899,0.731841750263843,0.361471861471861,1155,0.0539303358377973,0.0540266514576532,1,0.337964645605155
Chr09_129303417,9,129303417,0.731850485427008,0.0818181818181818,1155,0.0539303358377973,0.0540266449310671,1,0.418948222001944
Chr21_121306193,21,121306193,0.731914400432203,0.0177489177489178,1155,0.0539303358377973,0.0540265971836881,1,-0.636100909944716
Chr19_30379640,19,30379640,0.731941838511132,0.162337662337662,1155,0.0539303358377973,0.054026576690272,1,-0.290981158235326
Chr02_360291909,2,360291909,0.73195469601361,0.298701298701299,1155,0.0539303358377973,0.0540265670878817,1,-0.302598745007572
Chr13_318787754,13,318787754,0.731977329887318,0.35974025974026,1155,0.0539303358377973,0.0540265501854869,1,0.313041081276197
Chr04_248039501,4,248039501,0.732146928538449,0.408658008658009,1155,0.0539303358377973,0.0540264235863622,1,-0.181309550204702
Chr20_573270018,20,573270018,0.732451122370228,0.266233766233766,1155,0.0539303358377973,0.0540261967501712,1,-0.250268285458759
Chr20_94931258,20,94931258,0.732451443201288,0.454978354978355,1155,0.0539303358377973,0.0540261965110854,1,-0.266585791982095
Chr16_168979691,16,168979691,0.732535692690562,0.123809523809524,1155,0.0539303358377973,0.0540261337395976,1,0.372650823895583
Chr18_461277175,18,461277175,0.732539664027125,0.443722943722944,1155,0.0539303358377973,0.0540261307812525,1,0.3681057439901
Chr16_349087566,16,349087566,0.732685188557127,0.4995670995671,1155,0.0539303358377973,0.0540260224117255,1,-2.24530148879421
Chr02_167484370,2,167484370,0.732815711970711,0.0216450216450216,1155,0.0539303358377973,0.0540259252715274,1,0.696143828138915
Chr19_557176655,19,557176655,0.732984885128769,0.245454545454545,1155,0.0539303358377973,0.0540257994487693,1,0.268306501449047
Chr06_387892217,6,387892217,0.733057213163219,0.495238095238095,1155,0.0539303358377973,0.0540257456829329,1,1.09351008386602
Chr17_47733171,17,47733171,0.733137534394257,0.0454545454545455,1155,0.0539303358377973,0.0540256859950836,1,-0.482984011133652
Chr20_182059910,20,182059910,0.733187642372359,0.145887445887446,1155,0.0539303358377973,0.0540256487696922,1,0.323309126388494
Chr18_390656627,18,390656627,0.733315572982268,0.0277056277056277,1155,0.0539303358377973,0.0540255537663902,1,-0.687024890598877
Chr02_79961344,2,79961344,0.733404744828528,0.0277056277056277,1155,0.0539303358377973,0.054025487577236,1,-0.675338344216101
Chr06_84635140,6,84635140,0.733447060792626,0.398268398268398,1155,0.0539303358377973,0.054025456176557,1,0.202087795473403
Chr13_66339922,13,66339922,0.733669731666718,0.286147186147186,1155,0.0539303358377973,0.0540252910382978,1,-0.290578568339612
Chr04_199926687,4,199926687,0.733847537585589,0.080952380952381,1155,0.0539303358377973,0.0540251592879595,1,-0.366080560353922
Chr02_417977822,2,417977822,0.734008003163619,0.499134199134199,1155,0.0539303358377973,0.0540250404740416,1,-0.827197691600304
Chr19_583015227,19,583015227,0.73407000079595,0.0242424242424242,1155,0.0539303358377973,0.05402499459124,1,0.681680631559132
Chr15_335858972,15,335858972,0.734263524765196,0.232034632034632,1155,0.0539303358377973,0.0540248514490481,1,0.335523511951124
Chr16_98867645,16,98867645,0.734503303276894,0.375757575757576,1155,0.0539303358377973,0.0540246742617168,1,0.295980912464756
Chr15_380535370,15,380535370,0.734648383013948,0.103030303030303,1155,0.0539303358377973,0.0540245671432434,1,0.434204591136108
Chr03_118703693,3,118703693,0.734984709587676,0.332900432900433,1155,0.0539303358377973,0.0540243190800977,1,-0.232215193344814
Chr11_199040546,11,199040546,0.735122797592184,0.0242424242424242,1155,0.0539303358377973,0.054024217336571,1,0.686391511653014
Chr16_391384823,16,391384823,0.735188466679813,0.0714285714285714,1155,0.0539303358377973,0.0540241689730024,1,-0.415126879176327
Chr07_505632539,7,505632539,0.735657057032457,0.267532467532468,1155,0.0539303358377973,0.0540238242714388,1,0.29088270896591
Chr19_705267997,19,705267997,0.735753143104899,0.0246753246753247,1155,0.0539303358377973,0.0540237536765016,1,0.691370917827939
Chr16_266495035,16,266495035,0.735873361774996,0.241991341991342,1155,0.0539303358377973,0.0540236653930518,1,0.298361979022559
Chr21_23843576,21,23843576,0.735979181532347,0.0458874458874459,1155,0.0539303358377973,0.054023587722018,1,-0.503728090619006
Chr21_161517058,21,161517058,0.736080472383062,0.282683982683983,1155,0.0539303358377973,0.054023513408905,1,0.330680294986678
Chr02_279874042,2,279874042,0.736138530678125,0.497835497835498,1155,0.0539303358377973,0.054023470828691,1,0.423415487608509
Chr18_427807854,18,427807854,0.736170024859338,0.143290043290043,1155,0.0539303358377973,0.0540234477352524,1,0.247077136504885
Chr16_376089066,16,376089066,0.736268496772217,0.164935064935065,1155,0.0539303358377973,0.054023375550257,1,0.380290596504892
Chr18_19575980,18,19575980,0.736296890587223,0.231601731601732,1155,0.0539303358377973,0.0540233547419179,1,-0.264468097432001
Chr21_118230742,21,118230742,0.736357095525742,0.0696969696969697,1155,0.0539303358377973,0.0540233106294395,1,0.440772992863401
Chr20_658471979,20,658471979,0.736393408342879,0.397835497835498,1155,0.0539303358377973,0.0540232840284796,1,0.397520132346813
Chr03_78858449,3,78858449,0.736572544544351,0.428138528138528,1155,0.0539303358377973,0.0540231528642331,1,-0.20151134205625
Chr20_49503680,20,49503680,0.736792093156516,0.496103896103896,1155,0.0539303358377973,0.0540229922504574,1,1.27957577468533
Chr19_281394430,19,281394430,0.736814777179915,0.112121212121212,1155,0.0539303358377973,0.054022975664476,1,-0.338272166498783
Chr15_379553271,15,379553271,0.736858765243335,0.416450216450216,1155,0.0539303358377973,0.0540229435062323,1,-0.257586199096068
Chr14_432973639,14,432973639,0.73689047086612,0.376623376623377,1155,0.0539303358377973,0.0540229203311351,1,-0.179396262999887
Chr07_408056135,7,408056135,0.737057429625545,0.0545454545454546,1155,0.0539303358377973,0.0540227983465472,1,0.816710182936731
Chr06_30082580,6,30082580,0.737237170493338,0.0532467532467532,1155,0.0539303358377973,0.0540226671230271,1,-0.475704482007757
Chr04_260598289,4,260598289,0.737264150501995,0.0541125541125541,1155,0.0539303358377973,0.0540226474346662,1,-0.484625603728261
Chr13_302309018,13,302309018,0.737529383355816,0.093939393939394,1155,0.0539303358377973,0.0540224540082866,1,-0.338828642208227
Chr02_394368713,2,394368713,0.737570817768677,0.407359307359307,1155,0.0539303358377973,0.0540224238117926,1,-0.170226464362827
Chr02_153460670,2,153460670,0.737799338189574,0.0264069264069264,1155,0.0539303358377973,0.0540222573700141,1,-0.650048260993202
Chr03_161965862,3,161965862,0.737810736763598,0.332467532467532,1155,0.0539303358377973,0.054022249072301,1,0.294131826260866
Chr20_586646437,20,586646437,0.737859730649437,0.484848484848485,1155,0.0539303358377973,0.0540222134114231,1,0.15821661338309
Chr21_21361682,21,21361682,0.73800711405262,0.0523809523809524,1155,0.0539303358377973,0.0540221061827624,1,-0.480269336930178
Chr20_36560916,20,36560916,0.738184749990611,0.0722943722943723,1155,0.0539303358377973,0.0540219770364162,1,-0.396793024805817
Chr06_1263528,6,1263528,0.738315174706261,0.0515151515151515,1155,0.0539303358377973,0.0540218822783278,1,0.392817272720848
Chr21_70369560,21,70369560,0.738315357990451,0.0246753246753247,1155,0.0539303358377973,0.0540218821452063,1,-0.672328711584186
Chr02_339430391,2,339430391,0.738326838358932,0.274025974025974,1155,0.0539303358377973,0.0540218738069345,1,-0.269407210840654
Chr07_271265676,7,271265676,0.738339735886331,0.0515151515151515,1155,0.0539303358377973,0.0540218644398767,1,0.513253896807811
Chr02_316074836,2,316074836,0.738384517179662,0.00865800865800866,1155,0.0539303358377973,0.0540218319208032,1,0.856222437765091
Chr13_337044446,13,337044446,0.738563211837502,0.0722943722943723,1155,0.0539303358377973,0.0540217022210793,1,-0.419564846981501
Chr06_149356206,6,149356206,0.73865847129905,0.486580086580087,1155,0.0539303358377973,0.0540216331218715,1,-0.550723312243917
Chr16_60657718,16,60657718,0.738671773310952,0.192640692640693,1155,0.0539303358377973,0.0540216234751868,1,0.278121697946517
Chr08_274203851,8,274203851,0.738726597009852,0.0281385281385281,1155,0.0539303358377973,0.0540215837227341,1,0.64818361495027
Chr19_493422617,19,493422617,0.738793451077685,0.102164502164502,1155,0.0539303358377973,0.0540215352601288,1,-0.369903672095148
Chr20_573800148,20,573800148,0.738804558765668,0.0852813852813853,1155,0.0539303358377973,0.0540215272095382,1,0.351308658065477
Chr09_450543924,9,450543924,0.739039844190049,0.385281385281385,1155,0.0539303358377973,0.0540213567729334,1,0.266656235909693
Chr12_130288048,12,130288048,0.739103549394501,0.0454545454545455,1155,0.0539303358377973,0.0540213106564827,1,0.501766023074609
Chr19_608080509,19,608080509,0.739280111527001,0.0212121212121212,1155,0.0539303358377973,0.0540211829103022,1,-0.683873651054057
Chr20_336937330,20,336937330,0.739286219820785,0.134632034632035,1155,0.0539303358377973,0.054021178492616,1,0.321215241035247
Chr08_14835682,8,14835682,0.739402736969072,0.346320346320346,1155,0.0539303358377973,0.0540210942470517,1,0.208098777060457
Chr07_34212779,7,34212779,0.739403621242428,0.36969696969697,1155,0.0539303358377973,0.0540210936078565,1,-0.198286567665008
Chr02_194106197,2,194106197,0.739476226559457,0.0233766233766234,1155,0.0539303358377973,0.0540210411340848,1,0.694760135638333
Chr03_443499283,3,443499283,0.739601275036136,0.0502164502164502,1155,0.0539303358377973,0.0540209507977689,1,0.473843848908402
Chr10_1731599,10,1731599,0.739682670432761,0.074025974025974,1155,0.0539303358377973,0.0540208920237486,1,-0.387530135189323
Chr14_391748881,14,391748881,0.739970441352857,0.0510822510822511,1155,0.0539303358377973,0.0540206843997499,1,-0.489722449794797
Chr19_612731367,19,612731367,0.739994268737808,0.200865800865801,1155,0.0539303358377973,0.0540206672203755,1,-0.27860224784115
Chr21_117107263,21,117107263,0.740510298202769,0.273593073593074,1155,0.0539303358377973,0.0540202956116698,1,0.314525473592596
Chr19_73384416,19,73384416,0.740675006589276,0.0203463203463203,1155,0.0539303358377973,0.0540201771790485,1,0.69429545078556
Chr18_19575918,18,19575918,0.740886619150419,0.0281385281385281,1155,0.0539303358377973,0.0540200251472843,1,-0.541978045777341
Chr19_30486008,19,30486008,0.740988007388069,0.0216450216450216,1155,0.0539303358377973,0.0540199523561335,1,0.6980120292517
Chr12_325385183,12,325385183,0.741054198284616,0.0792207792207792,1155,0.0539303358377973,0.0540199048524159,1,0.397071088510401
Chr21_418238202,21,418238202,0.741215559201045,0.391774891774892,1155,0.0539303358377973,0.0540197891058498,1,-0.248092631706214
Chr01_449309793,1,449309793,0.741292484823322,0.2004329004329,1155,0.0539303358377973,0.0540197339551831,1,0.293476982519906
Chr07_36512140,7,36512140,0.741609667696398,0.143722943722944,1155,0.0539303358377973,0.0540195067548936,1,0.33495756877511
Chr20_586646452,20,586646452,0.741639267494926,0.0142857142857143,1155,0.0539303358377973,0.0540194855687062,1,-0.764340433927245
Chr21_205665220,21,205665220,0.741684376033455,0.297402597402597,1155,0.0539303358377973,0.0540194532874361,1,-0.346563196681757
Chr14_513460594,14,513460594,0.741918010727588,0.102164502164502,1155,0.0539303358377973,0.0540192861938696,1,-0.322749809174027
Chr21_223866700,21,223866700,0.741952916438553,0.151082251082251,1155,0.0539303358377973,0.0540192612445264,1,-0.308582671429974
Chr20_313780811,20,313780811,0.741992995929458,0.0242424242424242,1155,0.0539303358377973,0.0540192326019321,1,-0.665081564919049
Chr18_59157037,18,59157037,0.742031688649736,0.456709956709957,1155,0.0539303358377973,0.0540192049552412,1,-0.209335116336746
Chr01_459540275,1,459540275,0.742052354978633,0.0753246753246753,1155,0.0539303358377973,0.0540191901907036,1,0.36618125470676
Chr15_7203813,15,7203813,0.742091655201695,0.170995670995671,1155,0.0539303358377973,0.0540191621174002,1,-0.317619180344195
Chr07_463123870,7,463123870,0.742105333018845,0.477922077922078,1155,0.0539303358377973,0.0540191523480894,1,-0.558008529327481
Chr01_302428423,1,302428423,0.742127161680448,0.142857142857143,1155,0.0539303358377973,0.05401913675831,1,0.294681448129339
Chr19_564317795,19,564317795,0.742333014824225,0.278354978354978,1155,0.0539303358377973,0.0540189898149526,1,0.221197313400125
Chr09_454421369,9,454421369,0.742988428104619,0.0515151515151515,1155,0.0539303358377973,0.0540185228616485,1,0.454664351141929
Chr21_203177933,21,203177933,0.743079863642022,0.0822510822510823,1155,0.0539303358377973,0.054018457826386,1,-0.393486370615761
Chr06_501546471,6,501546471,0.743148797370549,0.213852813852814,1155,0.0539303358377973,0.054018408813529,1,0.264817317598983
Chr15_581195781,15,581195781,0.743457782240644,0.211688311688312,1155,0.0539303358377973,0.0540181893064104,1,-0.210913114910483
Chr11_245171413,11,245171413,0.743732067950101,0.0471861471861472,1155,0.0539303358377973,0.0540179947041072,1,-0.46450862258132
Chr04_256014069,4,256014069,0.744093897860362,0.157575757575758,1155,0.0539303358377973,0.0540177383556043,1,-0.318480546921137
Chr08_363977067,8,363977067,0.744312259304688,0.0142857142857143,1155,0.0539303358377973,0.0540175838523279,1,0.663396261853194
Chr18_469987164,18,469987164,0.744402001645584,0.051948051948052,1155,0.0539303358377973,0.054017520398315,1,-0.401757041283247
Chr11_193464071,11,193464071,0.744439346675123,0.0203463203463203,1155,0.0539303358377973,0.0540174940003324,1,0.692741631912625
Chr01_488234436,1,488234436,0.744461051550459,0.289177489177489,1155,0.0539303358377973,0.0540174786598964,1,-0.246173068181321
Chr08_294498770,8,294498770,0.744694433706701,0.0463203463203463,1155,0.0539303358377973,0.0540173138058847,1,-0.387765292891117
Chr16_64820022,16,64820022,0.744714807491002,0.0424242424242424,1155,0.0539303358377973,0.0540172994226616,1,-0.497258183694484
Chr04_194418372,4,194418372,0.745017993918654,0.0515151515151515,1155,0.0539303358377973,0.0540170855384233,1,0.448990486357388
Chr08_46581636,8,46581636,0.745231401713979,0.025974025974026,1155,0.0539303358377973,0.054016935163559,1,0.633704078594491
Chr13_29628134,13,29628134,0.745291499879933,0.475757575757576,1155,0.0539303358377973,0.0540168928422389,1,0.527272499600258
Chr11_204395749,11,204395749,0.745443851559909,0.0173160173160173,1155,0.0539303358377973,0.0540167856069502,1,-0.717364775783906
Chr18_378434058,18,378434058,0.745519826058641,0.228571428571429,1155,0.0539303358377973,0.05401673215848,1,0.291909832703823
Chr11_216274790,11,216274790,0.745594558420351,0.171861471861472,1155,0.0539303358377973,0.054016679601685,1,-0.292682196843771
Chr06_163232949,6,163232949,0.745626291089827,0.307792207792208,1155,0.0539303358377973,0.0540166572904945,1,-0.278065675996118
Chr17_248664488,17,248664488,0.745852690912168,0.301731601731602,1155,0.0539303358377973,0.0540164982016045,1,-0.223596122164167
Chr20_190019552,20,190019552,0.745866218029162,0.481818181818182,1155,0.0539303358377973,0.0540164887013695,1,0.59196923943432
Chr12_16541323,12,16541323,0.745935025565209,0.394805194805195,1155,0.0539303358377973,0.0540164403860797,1,0.178233308253226
Chr17_17801785,17,17801785,0.746101239073549,0.206060606060606,1155,0.0539303358377973,0.0540163237360199,1,0.248219516687897
Chr06_304326392,6,304326392,0.74613948158488,0.0216450216450216,1155,0.0539303358377973,0.0540162969094622,1,-0.654661203461416
Chr08_183034473,8,183034473,0.746226549624505,0.312121212121212,1155,0.0539303358377973,0.0540162358497641,1,-0.205959429968004
Chr04_266676626,4,266676626,0.746560097132198,0.154978354978355,1155,0.0539303358377973,0.0540160021589389,1,0.299147742904751
Chr06_4942725,6,4942725,0.746960492166284,0.482251082251082,1155,0.0539303358377973,0.0540157220975163,1,0.598129860772588
Chr19_148283551,19,148283551,0.747226552838556,0.243722943722944,1155,0.0539303358377973,0.0540155362779677,1,0.279678195681356
Chr05_196581222,5,196581222,0.747287032017574,0.0930735930735931,1155,0.0539303358377973,0.0540154940698497,1,0.34453480198988
Chr15_531165583,15,531165583,0.747302672835481,0.357142857142857,1155,0.0539303358377973,0.0540154831560792,1,0.227537822735911
Chr07_501915323,7,501915323,0.747417664348365,0.0268398268398268,1155,0.0539303358377973,0.0540154029415937,1,-0.630028217411876
Chr07_376904876,7,376904876,0.747452360200444,0.0558441558441558,1155,0.0539303358377973,0.0540153787470447,1,0.456606472978166
Chr08_276629167,8,276629167,0.747601805821869,0.435497835497835,1155,0.0539303358377973,0.054015274577157,1,-0.205057227284954
Chr14_314966220,14,314966220,0.747969306173887,0.283982683982684,1155,0.0539303358377973,0.0540150187135536,1,0.289992753513673
Chr19_714976320,19,714976320,0.747997162475086,0.0272727272727273,1155,0.0539303358377973,0.0540149993366106,1,-0.653532093424189
Chr17_11328337,17,11328337,0.748053158639548,0.267099567099567,1155,0.0539303358377973,0.054014960392885,1,-0.250725146872583
Chr10_502972660,10,502972660,0.748055885802516,0.0454545454545455,1155,0.0539303358377973,0.0540149584964752,1,-0.452037445943589
Chr08_283296918,8,283296918,0.748243890970403,0.300865800865801,1155,0.0539303358377973,0.0540148278181815,1,-0.223882342542311
Chr09_366688023,9,366688023,0.748422300173625,0.290909090909091,1155,0.0539303358377973,0.0540147039128405,1,0.269690929182246
Chr13_264805003,13,264805003,0.748488156834924,0.0489177489177489,1155,0.0539303358377973,0.0540146582006696,1,-0.471592731882097
Chr03_465828643,3,465828643,0.748583233762406,0.0536796536796537,1155,0.0539303358377973,0.054014592230346,1,0.467023571498331
Chr13_328372421,13,328372421,0.748676175431496,0.0835497835497836,1155,0.0539303358377973,0.0540145277691165,1,-0.354386332339757
Chr03_348181670,3,348181670,0.74880666461681,0.0264069264069264,1155,0.0539303358377973,0.054014437312092,1,-0.629958671696272
Chr13_250592692,13,250592692,0.748837101557251,0.119047619047619,1155,0.0539303358377973,0.0540144162204673,1,0.323754985454798
Chr13_331501756,13,331501756,0.748868716739514,0.0298701298701299,1155,0.0539303358377973,0.0540143943154516,1,-0.631428777612001
Chr13_304278723,13,304278723,0.748953190274884,0.21038961038961,1155,0.0539303358377973,0.0540143358022424,1,0.268355800272133
Chr18_122333015,18,122333015,0.749036688092948,0.187445887445887,1155,0.0539303358377973,0.0540142779869668,1,0.293079578744937
Chr19_745312421,19,745312421,0.749192551850915,0.486147186147186,1155,0.0539303358377973,0.0540141701230114,1,-0.472950262556651
Chr08_22429423,8,22429423,0.749344539044828,0.405627705627706,1155,0.0539303358377973,0.0540140650154058,1,-0.201158678582772
Chr14_423372349,14,423372349,0.749365738772335,0.319480519480519,1155,0.0539303358377973,0.0540140503603909,1,-0.246343253865774
Chr11_28232967,11,28232967,0.749369273055213,0.425541125541126,1155,0.0539303358377973,0.0540140479173385,1,-0.20448932113527
Chr13_132445333,13,132445333,0.749449906778987,0.1,1155,0.0539303358377973,0.0540139921904051,1,0.355639932497752
Chr02_259128984,2,259128984,0.749472902243842,0.0311688311688312,1155,0.0539303358377973,0.0540139763017103,1,-0.516448388088165
Chr11_196666517,11,196666517,0.749572834953566,0.485714285714286,1155,0.0539303358377973,0.0540139072726227,1,-0.454770408197646
Chr11_143612734,11,143612734,0.749904543507542,0.498701298701299,1155,0.0539303358377973,0.0540136783681276,1,0.197296773954236
Chr15_611692208,15,611692208,0.750102248366846,0.425974025974026,1155,0.0539303358377973,0.0540135421010115,1,0.14697455303363
Chr05_368340668,5,368340668,0.750150176455019,0.0909090909090909,1155,0.0539303358377973,0.0540135090853014,1,-0.281105265147744
Chr19_513879595,19,513879595,0.750356045347965,0.490909090909091,1155,0.0539303358377973,0.0540133673526761,1,0.19773146132863
Chr20_185735732,20,185735732,0.750378067016582,0.334199134199134,1155,0.0539303358377973,0.0540133521995043,1,-0.262242935200902
Chr20_158929692,20,158929692,0.75039929221216,0.0242424242424242,1155,0.0539303358377973,0.0540133375958308,1,-0.633677726998997
Chr01_317226311,1,317226311,0.750401147737735,0.145021645021645,1155,0.0539303358377973,0.0540133363192327,1,0.259770034394236
Chr11_23623593,11,23623593,0.750596711789568,0.357142857142857,1155,0.0539303358377973,0.0540132018320528,1,0.256168785130399
Chr20_50818925,20,50818925,0.750643473257272,0.263636363636364,1155,0.0539303358377973,0.0540131696925108,1,-0.239083856121425
Chr06_501544980,6,501544980,0.750709535953813,0.0385281385281385,1155,0.0539303358377973,0.0540131242987727,1,-0.637379294829259
Chr01_370402408,1,370402408,0.750907734755456,0.318181818181818,1155,0.0539303358377973,0.0540129881923938,1,0.220244383375615
Chr17_311084115,17,311084115,0.75091320993454,0.191774891774892,1155,0.0539303358377973,0.0540129844342476,1,-0.271929753048198
Chr20_198719241,20,198719241,0.750935745140579,0.096969696969697,1155,0.0539303358377973,0.0540129689671411,1,-0.339901250127397
Chr15_47612664,15,47612664,0.750939016391943,0.389177489177489,1155,0.0539303358377973,0.0540129667220427,1,-0.29329916491281
Chr04_99870516,4,99870516,0.750987769819136,0.470562770562771,1155,0.0539303358377973,0.0540129332659356,1,-0.186827902594672
Chr14_264328951,14,264328951,0.750999783374195,0.00649350649350649,1155,0.0539303358377973,0.0540129250230077,1,0.991083452664412
Chr06_289740771,6,289740771,0.75108914767827,0.313852813852814,1155,0.0539303358377973,0.0540128637211976,1,-0.265868204181174
Chr01_93671280,1,93671280,0.751139709801771,0.351515151515152,1155,0.0539303358377973,0.0540128290478676,1,-0.220387287694251
Chr18_512039944,18,512039944,0.751194517854697,0.0978354978354978,1155,0.0539303358377973,0.0540127914719165,1,-0.274703527963993
Chr20_430894351,20,430894351,0.75126680183355,0.141558441558442,1155,0.0539303358377973,0.0540127419290221,1,-0.238681906635634
Chr20_196116479,20,196116479,0.751580657136114,0.315584415584416,1155,0.0539303358377973,0.054012527004962,1,-0.258389154097642
Chr04_216563167,4,216563167,0.751590922512358,0.0800865800865801,1155,0.0539303358377973,0.0540125199805791,1,-0.393661273962067
Chr07_494098613,7,494098613,0.751632481299393,0.332467532467532,1155,0.0539303358377973,0.0540124915461482,1,0.216042463168435
Chr04_76641503,4,76641503,0.751636525060082,0.362337662337662,1155,0.0539303358377973,0.0540124887797043,1,0.258684716120797
Chr16_93076856,16,93076856,0.75173887986378,0.236796536796537,1155,0.0539303358377973,0.0540124187731492,1,0.314202216200101
Chr20_332167991,20,332167991,0.751786817131512,0.0476190476190476,1155,0.0539303358377973,0.0540123859972816,1,-0.486284043105172
Chr07_250322847,7,250322847,0.751963983910086,0.0242424242424242,1155,0.0539303358377973,0.0540122649265539,1,-0.64267982732575
Chr03_468384523,3,468384523,0.752027294913972,0.0575757575757576,1155,0.0539303358377973,0.0540122216854665,1,0.450615701017767
Chr13_72616570,13,72616570,0.752039879210039,0.458441558441558,1155,0.0539303358377973,0.0540122130919525,1,-0.21098985749353
Chr15_350058125,15,350058125,0.752135720037082,0.457575757575758,1155,0.0539303358377973,0.0540121476608267,1,-0.379094093379649
Chr13_366967785,13,366967785,0.752221876587382,0.109090909090909,1155,0.0539303358377973,0.0540120888657715,1,0.306223418592594
Chr07_201172621,7,201172621,0.752396352843278,0.462770562770563,1155,0.0539303358377973,0.0540119698706677,1,-0.246567684935314
Chr20_388407502,20,388407502,0.752741487800134,0.0727272727272727,1155,0.0539303358377973,0.0540117347647449,1,-0.503207834446499
Chr06_503053001,6,503053001,0.752761946753931,0.393506493506494,1155,0.0539303358377973,0.0540117208398101,1,-0.196150037422996
Chr07_389659671,7,389659671,0.752770606557028,0.1,1155,0.0539303358377973,0.0540117149460981,1,0.34978412155715
Chr02_292817545,2,292817545,0.752904048179199,0.0701298701298701,1155,0.0539303358377973,0.0540116241577382,1,-0.37506705255278
Chr20_78921701,20,78921701,0.753010027865532,0.0489177489177489,1155,0.0539303358377973,0.0540115520930659,1,-0.407695902150252
Chr18_47824070,18,47824070,0.753405874442146,0.0536796536796537,1155,0.0539303358377973,0.0540112832336157,1,-0.442044075183659
Chr15_126179037,15,126179037,0.753414768597669,0.0303030303030303,1155,0.0539303358377973,0.0540112771983232,1,0.455718178514871
Chr02_13818875,2,13818875,0.753620940009592,0.358441558441558,1155,0.0539303358377973,0.0540111373661686,1,-0.248095511640656
Chr20_212579550,20,212579550,0.75364521279601,0.0779220779220779,1155,0.0539303358377973,0.0540111209123143,1,0.527501547719368
Chr19_32916693,19,32916693,0.753764596540622,0.350649350649351,1155,0.0539303358377973,0.054011040012147,1,0.220897204618808
Chr13_257221361,13,257221361,0.753826990773909,0.184848484848485,1155,0.0539303358377973,0.0540109977485306,1,0.294279704951009
Chr08_67484418,8,67484418,0.7539679065359,0.0233766233766234,1155,0.0539303358377973,0.0540109023419761,1,-0.607597938727196
Chr12_404673774,12,404673774,0.753983966561851,0.130735930735931,1155,0.0539303358377973,0.0540108914725255,1,0.301488542997902
Chr02_380052402,2,380052402,0.754098079061082,0.428138528138528,1155,0.0539303358377973,0.0540108142641916,1,-0.174735217568468
Chr19_727213976,19,727213976,0.754146002472539,0.0298701298701299,1155,0.0539303358377973,0.0540107818514112,1,-0.594989887103679
Chr12_329386863,12,329386863,0.754151657165915,0.0294372294372294,1155,0.0539303358377973,0.054010778027357,1,0.62313965515915
Chr05_349896441,5,349896441,0.754185063141558,0.312121212121212,1155,0.0539303358377973,0.0540107554382082,1,0.259066810785384
Chr20_457073626,20,457073626,0.754236118888719,0.487878787878788,1155,0.0539303358377973,0.0540107209209985,1,0.234789389812363
Chr01_447174010,1,447174010,0.754345945283594,0.440692640692641,1155,0.0539303358377973,0.0540106466983482,1,-0.372076444252684
Chr19_113060851,19,113060851,0.754446230236777,0.342424242424242,1155,0.0539303358377973,0.0540105789568541,1,-0.199594472239539
Chr15_463503155,15,463503155,0.754727182154025,0.267965367965368,1155,0.0539303358377973,0.0540103893437003,1,0.262228966352268
Chr08_259321040,8,259321040,0.754731166807177,0.225974025974026,1155,0.0539303358377973,0.054010386656245,1,0.312816440903134
Chr14_209881571,14,209881571,0.754918711549718,0.0428571428571429,1155,0.0539303358377973,0.0540102602225162,1,-0.451320953010608
Chr17_228138417,17,228138417,0.754971835790001,0.279220779220779,1155,0.0539303358377973,0.0540102244286158,1,0.266500706664488
Chr04_199926699,4,199926699,0.755018543147204,0.187445887445887,1155,0.0539303358377973,0.0540101929655354,1,0.228333030785492
Chr17_256572248,17,256572248,0.755045501591733,0.465367965367965,1155,0.0539303358377973,0.0540101748088417,1,-0.194364958316129
Chr12_95822302,12,95822302,0.755094889408956,0.19047619047619,1155,0.0539303358377973,0.0540101415516956,1,-0.325651645410176
Chr01_71616660,1,71616660,0.755184943640212,0.148051948051948,1155,0.0539303358377973,0.054010080929854,1,-0.319987018478741
Chr02_380386308,2,380386308,0.75535131583189,0.0956709956709957,1155,0.0539303358377973,0.0540099689994987,1,-0.316502447816717
Chr07_462262924,7,462262924,0.755401152462483,0.0272727272727272,1155,0.0539303358377973,0.0540099354876525,1,-0.603759821925451
Chr10_2733529,10,2733529,0.755412840752015,0.0203463203463203,1155,0.0539303358377973,0.0540099276291728,1,0.635473609595493
Chr07_473272287,7,473272287,0.755440168154428,0.0303030303030303,1155,0.0539303358377973,0.054009909257576,1,0.60429957386458
Chr14_453457463,14,453457463,0.755684322557054,0.20952380952381,1155,0.0539303358377973,0.0540097452213412,1,0.241200160712083
Chr21_400099598,21,400099598,0.75582949642052,0.448917748917749,1155,0.0539303358377973,0.0540096477736377,1,-0.220409099292368
Chr19_780166285,19,780166285,0.755957247513114,0.0683982683982684,1155,0.0539303358377973,0.0540095620752176,1,0.393907127863969
Chr08_16073574,8,16073574,0.756139826680944,0.471428571428571,1155,0.0539303358377973,0.0540094396850217,1,-0.180900467765156
Chr12_60489784,12,60489784,0.756214303549058,0.235930735930736,1155,0.0539303358377973,0.0540093897899571,1,0.273567405831557
Chr08_31210142,8,31210142,0.756305088351214,0.394372294372294,1155,0.0539303358377973,0.0540093289928908,1,0.230187050502025
Chr13_5974193,13,5974193,0.756511981394485,0.262337662337662,1155,0.0539303358377973,0.0540091905358719,1,0.245833643323465
Chr07_350607477,7,350607477,0.756687648136639,0.324242424242424,1155,0.0539303358377973,0.0540090730806305,1,-0.216665887591518
Chr13_259190226,13,259190226,0.756767574919258,0.254545454545455,1155,0.0539303358377973,0.0540090196713165,1,-0.219550721449139
Chr02_328401092,2,328401092,0.75683370466374,0.267532467532468,1155,0.0539303358377973,0.0540089754965849,1,0.262324599385352
Chr20_408846923,20,408846923,0.756907739356566,0.0515151515151515,1155,0.0539303358377973,0.0540089260574671,1,-0.480438304789118
Chr18_52715028,18,52715028,0.756933855558213,0.205627705627706,1155,0.0539303358377973,0.054008908621574,1,0.298953132258134
Chr06_49340520,6,49340520,0.756944881666619,0.468398268398268,1155,0.0539303358377973,0.054008901260878,1,0.458264073893815
Chr20_88241595,20,88241595,0.756970499416955,0.0428571428571429,1155,0.0539303358377973,0.0540088841607017,1,-0.482241423124393
Chr17_82322062,17,82322062,0.757011124355925,0.18008658008658,1155,0.0539303358377973,0.0540088570472176,1,0.283363608154673
Chr12_13616417,12,13616417,0.757072917979894,0.2995670995671,1155,0.0539303358377973,0.0540088158153774,1,0.245494063259116
Chr01_35489985,1,35489985,0.757074033229249,0.494805194805195,1155,0.0539303358377973,0.0540088150713365,1,-0.205464262232852
Chr02_266434172,2,266434172,0.757205940553179,0.0251082251082251,1155,0.0539303358377973,0.0540087270962361,1,0.625735509541713
Chr08_35214794,8,35214794,0.757317730592324,0.0220779220779221,1155,0.0539303358377973,0.0540086525805983,1,-0.636503415257323
Chr15_588235641,15,588235641,0.757392677948027,0.080952380952381,1155,0.0539303358377973,0.0540086026448452,1,0.361567823755948
Chr10_502840795,10,502840795,0.757432717120305,0.344588744588745,1155,0.0539303358377973,0.0540085759747877,1,-0.243796695142947
Chr19_633016934,19,633016934,0.757432954623835,0.0233766233766234,1155,0.0539303358377973,0.054008575816601,1,0.624367274892293
Chr02_226673895,2,226673895,0.757524176590115,0.0238095238095238,1155,0.0539303358377973,0.0540085150723891,1,0.64739185592714
Chr02_80138210,2,80138210,0.757624679706241,0.147186147186147,1155,0.0539303358377973,0.054008448177823,1,0.321043479998139
Chr06_556417910,6,556417910,0.757843133584886,0.0818181818181818,1155,0.0539303358377973,0.0540083028837541,1,-0.354703146131214
Chr21_116894517,21,116894517,0.757887894146781,0.301731601731602,1155,0.0539303358377973,0.0540082731317092,1,0.254751338853566
Chr13_339707239,13,339707239,0.757909101156253,0.102164502164502,1155,0.0539303358377973,0.0540082590377221,1,-0.335606045541766
Chr04_241702232,4,241702232,0.757949363979428,0.0991341991341992,1155,0.0539303358377973,0.0540082322832548,1,0.314488922893588
Chr13_41036435,13,41036435,0.758208817886203,0.0515151515151515,1155,0.0539303358377973,0.0540080599979279,1,0.462325932298029
Chr12_99010716,12,99010716,0.758271674288207,0.353246753246753,1155,0.0539303358377973,0.0540080182907805,1,-0.20818907656971
Chr05_56355178,5,56355178,0.758403556944691,0.297402597402597,1155,0.0539303358377973,0.0540079308224241,1,0.244323973415504
Chr04_132524202,4,132524202,0.758538301366479,0.0246753246753247,1155,0.0539303358377973,0.0540078415117669,1,0.63220231620457
Chr13_382480692,13,382480692,0.758645542022066,0.382683982683983,1155,0.0539303358377973,0.0540077704712545,1,0.184402853608418
Chr21_161991994,21,161991994,0.75875479795409,0.32034632034632,1155,0.0539303358377973,0.0540076981324032,1,-0.257964562784281
Chr06_158853972,6,158853972,0.75888675888215,0.0303030303030303,1155,0.0539303358377973,0.0540076108097953,1,0.609290603589187
Chr06_529546703,6,529546703,0.758971885038535,0.0138528138528139,1155,0.0539303358377973,0.0540075545078312,1,0.717342241974123
Chr09_439712357,9,439712357,0.759229162276299,0.322943722943723,1155,0.0539303358377973,0.0540073844825562,1,-0.237567566943881
Chr13_113459424,13,113459424,0.759356064009216,0.051948051948052,1155,0.0539303358377973,0.0540073006932641,1,0.462098076890925
Chr06_480682284,6,480682284,0.759384377083435,0.402597402597403,1155,0.0539303358377973,0.0540072820058189,1,-0.297941091026473
Chr20_658688816,20,658688816,0.759459759674869,0.18961038961039,1155,0.0539303358377973,0.0540072322632404,1,-0.291282857512982
Chr12_305087607,12,305087607,0.759513533169378,0.241125541125541,1155,0.0539303358377973,0.054007196790571,1,0.29481812481049
Chr13_285151591,13,285151591,0.759654612893405,0.193939393939394,1155,0.0539303358377973,0.054007103767295,1,0.274912648394093
Chr08_221968119,8,221968119,0.759659066067737,0.0874458874458875,1155,0.0539303358377973,0.0540071008320215,1,0.337837416667838
Chr04_99870547,4,99870547,0.759718127271614,0.33030303030303,1155,0.0539303358377973,0.0540070619081371,1,0.191361235416679
Chr03_457623452,3,457623452,0.759900211563816,0.0761904761904762,1155,0.0539303358377973,0.0540069419746556,1,-0.357588371822658
Chr19_116409238,19,116409238,0.759958685054978,0.498701298701299,1155,0.0539303358377973,0.0540069034816766,1,-1.06407950174253
Chr19_28329983,19,28329983,0.760301343508138,0.487012987012987,1155,0.0539303358377973,0.0540066781228919,1,-0.254799493742212
Chr15_502534012,15,502534012,0.760444103216134,0.14978354978355,1155,0.0539303358377973,0.0540065843401755,1,0.311460784975282
Chr06_25308461,6,25308461,0.760649872220524,0.029004329004329,1155,0.0539303358377973,0.0540064492757879,1,-0.613026041793091
Chr07_445702001,7,445702001,0.760852695797822,0.2995670995671,1155,0.0539303358377973,0.0540063162727948,1,0.228946446761228
Chr10_197178548,10,197178548,0.760919213296359,0.0285714285714286,1155,0.0539303358377973,0.0540062726811483,1,0.611821360094865
Chr14_501586377,14,501586377,0.761046214937169,0.0831168831168831,1155,0.0539303358377973,0.0540061894897261,1,0.305241678793124
Chr09_95651880,9,95651880,0.761131501387952,0.306926406926407,1155,0.0539303358377973,0.0540061336514671,1,0.273521090402937
Chr19_770642997,19,770642997,0.761143467927194,0.0515151515151515,1155,0.0539303358377973,0.0540061258185988,1,0.462748690226817
Chr20_243868564,20,243868564,0.761422805335622,0.486147186147186,1155,0.0539303358377973,0.0540059430999693,1,0.504626961733948
Chr11_208003768,11,208003768,0.761424395739232,0.274891774891775,1155,0.0539303358377973,0.0540059420603528,1,-0.231779375543567
Chr07_8031932,7,8031932,0.761440438574585,0.0116883116883116,1155,0.0539303358377973,0.0540059315738967,1,0.672136129766841
Chr10_364395372,10,364395372,0.761517650618847,0.0298701298701299,1155,0.0539303358377973,0.0540058811150786,1,0.612177339901052
Chr02_346047381,2,346047381,0.761955401024852,0.486147186147186,1155,0.0539303358377973,0.0540055953887301,1,-0.575734491753565
Chr09_112632847,9,112632847,0.761974573488008,0.246753246753247,1155,0.0539303358377973,0.0540055828880853,1,-0.260900104919074
Chr14_407853053,14,407853053,0.762000423378789,0.074025974025974,1155,0.0539303358377973,0.0540055660354811,1,0.292061704116122
Chr11_2113560,11,2113560,0.762041822197585,0.493073593073593,1155,0.0539303358377973,0.0540055390501853,1,0.185557399384606
Chr13_331360317,13,331360317,0.762343818483079,0.00995670995670994,1155,0.0539303358377973,0.054005342357604,1,-0.729945489525562
Chr07_480966995,7,480966995,0.762683758363915,0.0134199134199134,1155,0.0539303358377973,0.0540051212883589,1,-0.702976953063811
Chr08_123100511,8,123100511,0.762802226208684,0.259307359307359,1155,0.0539303358377973,0.0540050443301721,1,0.256575686930319
Chr02_122388736,2,122388736,0.762819803832384,0.16017316017316,1155,0.0539303358377973,0.0540050329152105,1,0.252748499664847
Chr17_16005967,17,16005967,0.762964543645797,0.0874458874458875,1155,0.0539303358377973,0.0540049389569287,1,0.332644817915536
Chr16_101596727,16,101596727,0.762969187348054,0.0177489177489177,1155,0.0539303358377973,0.0540049359435217,1,0.573957978035651
Chr04_262597627,4,262597627,0.763059468242745,0.0761904761904762,1155,0.0539303358377973,0.0540048773713737,1,-0.362948831820162
Chr16_200460173,16,200460173,0.763163834342378,0.0467532467532468,1155,0.0539303358377973,0.0540048096923404,1,0.427995826345978
Chr05_74269536,5,74269536,0.763258206011225,0.199134199134199,1155,0.0539303358377973,0.0540047485233384,1,0.281181585896888
Chr17_10742965,17,10742965,0.763568630781457,0.495670995670996,1155,0.0539303358377973,0.0540045475082912,1,1.08103771831429
Chr14_485886485,14,485886485,0.763591033325663,0.0255411255411255,1155,0.0539303358377973,0.0540045330130309,1,-0.602628628008461
Chr15_320609810,15,320609810,0.763624805893906,0.0818181818181818,1155,0.0539303358377973,0.0540045111638726,1,-0.285501309664795
Chr06_490834190,6,490834190,0.763768331694346,0.0233766233766234,1155,0.0539303358377973,0.0540044183490133,1,0.610093525153204
Chr06_509994020,6,509994020,0.763940133995905,0.0233766233766234,1155,0.0539303358377973,0.0540043073316886,1,-0.602810647463784
Chr17_321627073,17,321627073,0.764025488764712,0.0463203463203463,1155,0.0539303358377973,0.0540042522098445,1,-0.45923118136038
Chr13_304073913,13,304073913,0.764135944780876,0.0800865800865801,1155,0.0539303358377973,0.0540041809109386,1,-0.352768991461062
Chr17_255864869,17,255864869,0.764761310727983,0.408225108225108,1155,0.0539303358377973,0.0540037779468359,1,-0.175090191813524
Chr21_24838691,21,24838691,0.765040223760083,0.0965367965367965,1155,0.0539303358377973,0.0540035986123114,1,0.317417259534395
Chr07_103055328,7,103055328,0.765043590852956,0.0272727272727273,1155,0.0539303358377973,0.0540035964488084,1,0.500465810806247
Chr07_387186138,7,387186138,0.765078061211258,0.0424242424242424,1155,0.0539303358377973,0.0540035743021177,1,0.415486210322371
Chr06_551447063,6,551447063,0.765422192642306,0.261038961038961,1155,0.0539303358377973,0.054003353402731,1,0.256551262878276
Chr17_211488928,17,211488928,0.76548523149347,0.271861471861472,1155,0.0539303358377973,0.0540033129772096,1,-0.262136932824347
Chr04_183646452,4,183646452,0.765560979563202,0.0151515151515152,1155,0.0539303358377973,0.0540032644176545,1,0.668111158179485
Chr14_249970020,14,249970020,0.765565558367696,0.309090909090909,1155,0.0539303358377973,0.0540032614829009,1,-0.293781012130353
Chr14_414202850,14,414202850,0.765693327228648,0.0714285714285714,1155,0.0539303358377973,0.0540031796162274,1,0.447255910042571
Chr11_208650186,11,208650186,0.7657788593801,0.0761904761904762,1155,0.0539303358377973,0.0540031248402971,1,-0.364490382799104
Chr20_37962771,20,37962771,0.765953154012713,0.306926406926407,1155,0.0539303358377973,0.0540030132891189,1,-0.230014479998943
Chr09_42570630,9,42570630,0.76619769932351,0.393506493506494,1155,0.0539303358377973,0.0540028569334402,1,0.174601847110068
Chr12_415298606,12,415298606,0.766218441096345,0.361904761904762,1155,0.0539303358377973,0.0540028436801395,1,0.15778516154613
Chr02_57603736,2,57603736,0.766327275457891,0.279220779220779,1155,0.0539303358377973,0.0540027741602314,1,-0.258943469477913
Chr08_69814386,8,69814386,0.766514204388151,0.28008658008658,1155,0.0539303358377973,0.0540026548407035,1,-0.204127692766946
Chr04_195716693,4,195716693,0.766581818733338,0.0515151515151515,1155,0.0539303358377973,0.0540026117078185,1,-0.413752243266117
Chr07_474147539,7,474147539,0.766664398861505,0.462770562770563,1155,0.0539303358377973,0.0540025590468742,1,-0.368869877860334
Chr10_506037146,10,506037146,0.767305172229953,0.0272727272727273,1155,0.0539303358377973,0.0540021511383296,1,0.562076310596083
Chr21_314153688,21,314153688,0.767310906185615,0.0255411255411255,1155,0.0539303358377973,0.0540021474938357,1,-0.613113156901377
Chr07_406202061,7,406202061,0.767506499808833,0.318181818181818,1155,0.0539303358377973,0.0540020232350329,1,-0.242650332487329
Chr09_384713596,9,384713596,0.767524933551391,0.461038961038961,1155,0.0539303358377973,0.0540020115302813,1,-0.208062241948767
Chr12_139197490,12,139197490,0.76778744968352,0.170562770562771,1155,0.0539303358377973,0.0540018449549321,1,-0.324176102776391
Chr15_384414438,15,384414438,0.76786401738557,0.396536796536797,1155,0.0539303358377973,0.0540017964098275,1,-0.199600525441156
Chr18_13503844,18,13503844,0.768117793240462,0.4004329004329,1155,0.0539303358377973,0.054001635640142,1,-0.223747526466013
Chr08_368985386,8,368985386,0.76839212745525,0.0251082251082251,1155,0.0539303358377973,0.0540014620678668,1,-0.577906438709391
Chr20_43026146,20,43026146,0.768453623838011,0.262770562770563,1155,0.0539303358377973,0.054001423190418,1,0.232128381216029
Chr08_75388939,8,75388939,0.768505335606939,0.365800865800866,1155,0.0539303358377973,0.0540013905076567,1,-0.27801659258273
Chr08_65898045,8,65898045,0.768604901476503,0.0766233766233766,1155,0.0539303358377973,0.0540013276032415,1,0.317816223340401
Chr19_745154068,19,745154068,0.768813662313462,0.396969696969697,1155,0.0539303358377973,0.0540011958091404,1,0.265866203779012
Chr01_317969006,1,317969006,0.768938263576898,0.266666666666667,1155,0.0539303358377973,0.054001117209744,1,-0.234202193629159
Chr06_90488039,6,90488039,0.769047730674549,0.041991341991342,1155,0.0539303358377973,0.0540010481961866,1,-0.432249137420158
Chr18_531342333,18,531342333,0.769348654885574,0.025974025974026,1155,0.0539303358377973,0.0540008586668566,1,-0.573026335233394
Chr20_562168976,20,562168976,0.769642448399213,0.432034632034632,1155,0.0539303358377973,0.0540006738950772,1,0.13783189716068
Chr18_408897717,18,408897717,0.769696249182824,0.186147186147186,1155,0.0539303358377973,0.0540006400873492,1,-0.445546870213263
Chr06_430006382,6,430006382,0.769947677826624,0.450649350649351,1155,0.0539303358377973,0.0540004822097675,1,0.389811710911999
Chr16_220319838,16,220319838,0.769962655939876,0.292640692640693,1155,0.0539303358377973,0.0540004728107598,1,-0.247635124969264
Chr03_443514022,3,443514022,0.769971819511683,0.0909090909090909,1155,0.0539303358377973,0.0540004670608097,1,-0.365178074844351
Chr21_40775239,21,40775239,0.770272978519255,0.448484848484848,1155,0.0539303358377973,0.0540002782321475,1,0.173254591082156
Chr01_476052296,1,476052296,0.77031507739532,0.306926406926407,1155,0.0539303358377973,0.0540002518578877,1,-0.233978320601295
Chr20_413888682,20,413888682,0.770351807529851,0.029004329004329,1155,0.0539303358377973,0.0540002288514699,1,0.563479226517941
Chr07_61376851,7,61376851,0.770453757471296,0.0515151515151515,1155,0.0539303358377973,0.0540001650152636,1,0.41981982249473
Chr02_350274813,2,350274813,0.770540015788344,0.482251082251082,1155,0.0539303358377973,0.0540001110291249,1,0.174610221815755
Chr21_90665174,21,90665174,0.770588472838088,0.362770562770563,1155,0.0539303358377973,0.0540000807114449,1,-0.233858707957211
Chr17_316632524,17,316632524,0.770593570143135,0.0761904761904761,1155,0.0539303358377973,0.0540000775226789,1,-0.336849133363103
Chr15_16624481,15,16624481,0.77075395361816,0.303463203463203,1155,0.0539303358377973,0.0539999772304967,1,0.228522173550033
Chr19_614762084,19,614762084,0.770989615804945,0.09004329004329,1155,0.0539303358377973,0.053999830006512,1,-0.320885593617277
Chr08_307169636,8,307169636,0.771033650366251,0.0476190476190476,1155,0.0539303358377973,0.0539998025157721,1,0.433229366727787
Chr08_202829480,8,202829480,0.771121254285056,0.0225108225108225,1155,0.0539303358377973,0.0539997478422695,1,-0.613881574521471
Chr15_385935853,15,385935853,0.771180645885058,0.0238095238095238,1155,0.0539303358377973,0.0539997107893163,1,0.579675658407652
Chr05_73626244,5,73626244,0.771257688679269,0.0199134199134199,1155,0.0539303358377973,0.0539996627402083,1,-0.608423514935751
Chr15_515688916,15,515688916,0.771270253968188,0.121212121212121,1155,0.0539303358377973,0.0539996549053555,1,-0.322612935381272
Chr07_172148769,7,172148769,0.771273481273264,0.485714285714286,1155,0.0539303358377973,0.0539996528931053,1,0.214203076321553
Chr03_45088452,3,45088452,0.771275865813373,0.281818181818182,1155,0.0539303358377973,0.0539996514063483,1,0.196956092598299
Chr06_472707859,6,472707859,0.771579153602875,0.461904761904762,1155,0.0539303358377973,0.0539994624476956,1,0.294549058678285
Chr02_394842626,2,394842626,0.771654804651243,0.0515151515151515,1155,0.0539303358377973,0.0539994153580885,1,0.417897536469511
Chr20_237286235,20,237286235,0.771694341409142,0.465800865800866,1155,0.0539303358377973,0.0539993907550336,1,0.171180845762592
Chr01_369557832,1,369557832,0.772037499326204,0.070995670995671,1155,0.0539303358377973,0.0539991774132493,1,-0.353857721625928
Chr02_271676519,2,271676519,0.772040493845486,0.0220779220779221,1155,0.0539303358377973,0.0539991755531272,1,-0.613767729493645
Chr14_413380318,14,413380318,0.772242343744876,0.025974025974026,1155,0.0539303358377973,0.0539990502317031,1,-0.565506844912306
Chr01_441827546,1,441827546,0.772338247477454,0.322943722943723,1155,0.0539303358377973,0.0539989907318514,1,-0.235998056273274
Chr19_714976316,19,714976316,0.772537206220349,0.367965367965368,1155,0.0539303358377973,0.0539988673844806,1,0.185654333095925
Chr18_64050275,18,64050275,0.772823391848726,0.495238095238095,1155,0.0539303358377973,0.0539986901702787,1,-0.530061599639566
Chr13_363941288,13,363941288,0.772892785627919,0.0233766233766234,1155,0.0539303358377973,0.0539986472371362,1,0.576922615742959
Chr15_452507974,15,452507974,0.772932965055306,0.0575757575757576,1155,0.0539303358377973,0.0539986223852623,1,-0.414625320893265
Chr03_122754244,3,122754244,0.773160446090501,0.171861471861472,1155,0.0539303358377973,0.0539984817755185,1,0.243854234090463
Chr02_267563581,2,267563581,0.773409664365141,0.258441558441558,1155,0.0539303358377973,0.053998327909802,1,-0.203616554571624
Chr06_540561810,6,540561810,0.773420716732631,0.456277056277056,1155,0.0539303358377973,0.0539983210905035,1,0.148828557043203
Chr20_193202832,20,193202832,0.773469089961687,0.111688311688312,1155,0.0539303358377973,0.0539982912486394,1,0.364073867873998
Chr03_353706552,3,353706552,0.773634385942362,0.106926406926407,1155,0.0539303358377973,0.0539981893296466,1,-0.227383744932737
Chr06_24826148,6,24826148,0.773823729849206,0.136796536796537,1155,0.0539303358377973,0.0539980726848333,1,0.310566417173021
Chr07_195025634,7,195025634,0.773881789411085,0.0281385281385281,1155,0.0539303358377973,0.0539980369391584,1,0.579792475011942
Chr21_120935821,21,120935821,0.774212148978886,0.0281385281385281,1155,0.0539303358377973,0.0539978337402344,1,0.572540861845582
Chr04_43234420,4,43234420,0.774582071482978,0.0268398268398268,1155,0.0539303358377973,0.0539976065990359,1,-0.567526283413585
Chr21_321982895,21,321982895,0.774613350837801,0.0277056277056277,1155,0.0539303358377973,0.0539975874117656,1,0.572800568128699
Chr01_442301995,1,442301995,0.774625344842014,0.322943722943723,1155,0.0539303358377973,0.053997580055232,1,0.255787481475807
Chr17_3287325,17,3287325,0.774640260497182,0.0264069264069264,1155,0.0539303358377973,0.0539975709073055,1,0.562514131152156
Chr14_364878527,14,364878527,0.775132107475781,0.412987012987013,1155,0.0539303358377973,0.0539972696296355,1,0.204195600963402
Chr20_405576254,20,405576254,0.775184901805247,0.325108225108225,1155,0.0539303358377973,0.0539972373343029,1,0.259906227131466
Chr15_375398822,15,375398822,0.775382738301531,0.255411255411255,1155,0.0539303358377973,0.0539971163887931,1,-0.230795580586175
Chr19_603315737,19,603315737,0.775453829777863,0.333766233766234,1155,0.0539303358377973,0.05399707295658,1,0.248560315327779
Chr14_471864724,14,471864724,0.775633873668792,0.025974025974026,1155,0.0539303358377973,0.0539969630299585,1,0.539143622485881
Chr20_77217628,20,77217628,0.775636212059718,0.474025974025974,1155,0.0539303358377973,0.0539969616028864,1,-0.363130571384318
Chr06_383565715,6,383565715,0.775660338245173,0.0272727272727273,1155,0.0539303358377973,0.0539969468801493,1,0.572256146403916
Chr13_116162916,13,116162916,0.775731184783704,0.019047619047619,1155,0.0539303358377973,0.0539969036569966,1,0.59997206193664
Chr02_94775308,2,94775308,0.775936884354117,0.304329004329004,1155,0.0539303358377973,0.0539967782465708,1,0.20729033519612
Chr06_547387979,6,547387979,0.776086777560435,0.0666666666666667,1155,0.0539303358377973,0.0539966869405493,1,0.404811934040623
Chr01_21527088,1,21527088,0.776120155354518,0.0134199134199134,1155,0.0539303358377973,0.0539966666180199,1,-0.594239901619218
Chr15_259306231,15,259306231,0.776157918555211,0.0787878787878787,1155,0.0539303358377973,0.0539966436294348,1,0.340003851949859
Chr05_148736989,5,148736989,0.7761757562531,0.115151515151515,1155,0.0539303358377973,0.0539966327721204,1,0.335440559937382
Chr13_5976917,13,5976917,0.776211022569869,0.27965367965368,1155,0.0539303358377973,0.0539966113093168,1,0.225586570705758
Chr15_376397507,15,376397507,0.776672786060156,0.0718614718614719,1155,0.0539303358377973,0.053996330630161,1,0.484029231590483
Chr06_158514894,6,158514894,0.776673334258666,0.467532467532468,1155,0.0539303358377973,0.0539963302973266,1,-0.209071557716925
Chr15_374483874,15,374483874,0.776875580252411,0.0216450216450216,1155,0.0539303358377973,0.0539962075667533,1,0.603518328384496
Chr19_648383504,19,648383504,0.776895271651789,0.00995670995670996,1155,0.0539303358377973,0.0539961956238525,1,0.703724548782219
Chr13_9452259,13,9452259,0.777044682436826,0.300865800865801,1155,0.0539303358377973,0.0539961050438313,1,0.209511123966507
Chr11_65102436,11,65102436,0.77704521104003,0.135930735930736,1155,0.0539303358377973,0.0539961047234864,1,0.267074615748584
Chr04_261389282,4,261389282,0.777109761999183,0.293939393939394,1155,0.0539303358377973,0.0539960656105143,1,-0.18226885184157
Chr06_427236070,6,427236070,0.777134503290666,0.0874458874458875,1155,0.0539303358377973,0.0539960506225038,1,-0.320237480802305
Chr13_285686792,13,285686792,0.77724362839788,0.0939393939393939,1155,0.0539303358377973,0.0539959845377138,1,0.310077731097252
Chr15_571748440,15,571748440,0.777279672624256,0.467532467532468,1155,0.0539303358377973,0.0539959627176737,1,0.386512678927829
Chr12_402978194,12,402978194,0.777295454389103,0.0636363636363636,1155,0.0539303358377973,0.0539959531651224,1,-0.346505836677423
Chr02_87380240,2,87380240,0.777395167062296,0.0251082251082251,1155,0.0539303358377973,0.0539958928273566,1,0.563108274574759
Chr10_16532522,10,16532522,0.777575423950482,0.122943722943723,1155,0.0539303358377973,0.0539957838270422,1,0.267730318496916
Chr15_482756101,15,482756101,0.777601984032813,0.0281385281385281,1155,0.0539303358377973,0.0539957677745906,1,0.544252782652691
Chr17_264534161,17,264534161,0.777637435160853,0.0233766233766234,1155,0.0539303358377973,0.0539957463518591,1,0.57464734996411
Chr03_122754268,3,122754268,0.777992701526118,0.0242424242424242,1155,0.0539303358377973,0.0539955318773752,1,-0.582581047896852
Chr02_110841103,2,110841103,0.778297553837992,0.0233766233766234,1155,0.0539303358377973,0.0539953481409715,1,0.576027051320935
Chr10_169871210,10,169871210,0.778362144252359,0.431601731601732,1155,0.0539303358377973,0.05399530924785,1,-0.279038606231495
Chr14_291935397,14,291935397,0.778477728577236,0.396103896103896,1155,0.0539303358377973,0.05399523968009,1,0.188915817575577
Chr13_29881979,13,29881979,0.778749253479085,0.0961038961038961,1155,0.0539303358377973,0.0539950764131818,1,-0.30270259885036
Chr21_392496427,21,392496427,0.778869262659527,0.105627705627706,1155,0.0539303358377973,0.0539950043228079,1,0.271281027261836
Chr08_224270114,8,224270114,0.77887137875354,0.0766233766233766,1155,0.0539303358377973,0.0539950030520446,1,-0.335435241815873
Chr01_212159783,1,212159783,0.778885100574698,0.0714285714285714,1155,0.0539303358377973,0.0539949948120922,1,-0.353058389297075
Chr20_587687512,20,587687512,0.778921997822916,0.0268398268398268,1155,0.0539303358377973,0.0539949726581174,1,-0.557386276743514
Chr14_45106608,14,45106608,0.779083494384844,0.228138528138528,1155,0.0539303358377973,0.0539948757399779,1,0.212738803335753
Chr06_49340480,6,49340480,0.779126580378862,0.274025974025974,1155,0.0539303358377973,0.0539948498962465,1,-0.258365265006091
Chr16_220319840,16,220319840,0.779220096194045,0.26969696969697,1155,0.0539303358377973,0.0539947938230397,1,0.228183469708455
Chr10_477745479,10,477745479,0.779299599506849,0.0134199134199134,1155,0.0539303358377973,0.0539947461725766,1,0.604059217067515
Chr03_98340722,3,98340722,0.779356488393511,0.0380952380952381,1155,0.0539303358377973,0.0539947120877784,1,-0.43967961622117
Chr12_247139302,12,247139302,0.779537140826327,0.0212121212121212,1155,0.0539303358377973,0.0539946039149397,1,-0.603286120914532
Chr16_231417437,16,231417437,0.77968244281934,0.324242424242424,1155,0.0539303358377973,0.053994516980763,1,0.239706949998492
Chr20_667784695,20,667784695,0.779845816263461,0.280519480519481,1155,0.0539303358377973,0.0539944193102035,1,-0.233892868052408
Chr18_380711172,18,380711172,0.779878375093477,0.107792207792208,1155,0.0539303358377973,0.0539943998549404,1,0.295185961399596
Chr09_108249732,9,108249732,0.780035962778122,0.436363636363636,1155,0.0539303358377973,0.0539943057347093,1,-0.151260728006349
Chr20_608855724,20,608855724,0.780093454469808,0.353679653679654,1155,0.0539303358377973,0.05399427141601,1,-0.151664600455021
Chr02_106306900,2,106306900,0.780202919358001,0.283549783549784,1155,0.0539303358377973,0.0539942061002224,1,0.234892059568523
Chr02_68647152,2,68647152,0.780407407375406,0.0748917748917749,1155,0.0539303358377973,0.0539940841821767,1,0.335532284796443
Chr04_195105237,4,195105237,0.78043997529465,0.0229437229437229,1155,0.0539303358377973,0.0539940647764068,1,-0.590611670923565
Chr02_299467471,2,299467471,0.780442566743781,0.463203463203463,1155,0.0539303358377973,0.0539940632324144,1,0.37104411704172
Chr02_320608386,2,320608386,0.780524080104996,0.0696969696969697,1155,0.0539303358377973,0.0539940146768331,1,0.352906123807017
Chr20_647524386,20,647524386,0.781076077622682,0.175324675324675,1155,0.0539303358377973,0.0539936863896451,1,-0.282970399026681
Chr05_331961431,5,331961431,0.781108405890298,0.269264069264069,1155,0.0539303358377973,0.0539936671915238,1,0.204783398457892
Chr20_227954303,20,227954303,0.781366647377199,0.318614718614719,1155,0.0539303358377973,0.0539935139474786,1,0.268750977448917
Chr18_419874376,18,419874376,0.781409118392527,0.0411255411255411,1155,0.0539303358377973,0.0539934887637415,1,0.544014093577061
Chr18_256567343,18,256567343,0.781489649712107,0.0203463203463203,1155,0.0539303358377973,0.0539934410264991,1,0.57620830349768
Chr18_105464584,18,105464584,0.781742126464801,0.0216450216450216,1155,0.0539303358377973,0.0539932914896873,1,0.573219765490492
Chr14_40579208,14,40579208,0.782199062569798,0.0701298701298701,1155,0.0539303358377973,0.0539930213413746,1,0.328484134544567
Chr01_436968150,1,436968150,0.782357470482685,0.209090909090909,1155,0.0539303358377973,0.0539929278339144,1,-0.217224469433063
Chr20_555428214,20,555428214,0.782408404157848,0.462337662337662,1155,0.0539303358377973,0.0539928977839627,1,-0.123628226380447
Chr07_389656270,7,389656270,0.78247280228209,0.0445887445887446,1155,0.0539303358377973,0.0539928598013458,1,0.410604309300567
Chr02_150402455,2,150402455,0.782487563457626,0.435497835497835,1155,0.0539303358377973,0.0539928510968126,1,-0.29242870747396
Chr18_255069089,18,255069089,0.782523410470118,0.0268398268398269,1155,0.0539303358377973,0.0539928299608723,1,-0.551993986804518
Chr08_317351181,8,317351181,0.78256675852909,0.483982683982684,1155,0.0539303358377973,0.0539928044073347,1,-0.184716114009291
Chr10_8037060,10,8037060,0.782664514425662,0.0476190476190476,1155,0.0539303358377973,0.053992746801201,1,-0.400448577786321
Chr11_231746336,11,231746336,0.782718116681958,0.274458874458875,1155,0.0539303358377973,0.0539927152263086,1,0.21439337508366
Chr16_194651656,16,194651656,0.782801103877374,0.0177489177489178,1155,0.0539303358377973,0.0539926663589113,1,0.585526188648046
Chr06_69217950,6,69217950,0.782809733546349,0.0718614718614719,1155,0.0539303358377973,0.0539926612784735,1,-0.334665691072928
Chr01_402681475,1,402681475,0.783003033608059,0.156277056277056,1155,0.0539303358377973,0.0539925475377077,1,0.244544010955906
Chr07_2926605,7,2926605,0.783034163421094,0.494805194805195,1155,0.0539303358377973,0.0539925292308916,1,0.847076576113068
Chr14_85700501,14,85700501,0.783161094014964,0.0238095238095238,1155,0.0539303358377973,0.0539924546155643,1,0.566804434026622
Chr16_352698390,16,352698390,0.783351502007019,0.0272727272727273,1155,0.0539303358377973,0.0539923427757997,1,0.510475835783069
Chr13_233198536,13,233198536,0.783619145815181,0.025974025974026,1155,0.0539303358377973,0.0539921857533622,1,0.55069068810279
Chr21_363342008,21,363342008,0.783832702234769,0.0246753246753247,1155,0.0539303358377973,0.0539920606167088,1,-0.542567070503509
Chr04_178854508,4,178854508,0.78386051195774,0.0311688311688312,1155,0.0539303358377973,0.0539920443312051,1,0.549836146899196
Chr19_163982191,19,163982191,0.783971205551484,0.25021645021645,1155,0.0539303358377973,0.0539919795314123,1,0.176201810715682
Chr10_502840888,10,502840888,0.784170095547028,0.292207792207792,1155,0.0539303358377973,0.0539918631936009,1,0.220765008191449
Chr09_367979869,9,367979869,0.78420817677467,0.203896103896104,1155,0.0539303358377973,0.0539918409320153,1,0.244289586258105
Chr07_493327303,7,493327303,0.784457963879661,0.324675324675325,1155,0.0539303358377973,0.0539916950184153,1,-0.174418520955072
Chr18_20004911,18,20004911,0.784764853414983,0.105627705627706,1155,0.0539303358377973,0.053991516003301,1,-0.286733211148203
Chr01_458301938,1,458301938,0.784946782328228,0.37965367965368,1155,0.0539303358377973,0.0539914100130287,1,0.240312836691828
Chr01_404789801,1,404789801,0.785061230873832,0.159307359307359,1155,0.0539303358377973,0.0539913433868507,1,-0.180217933393124
Chr15_123341485,15,123341485,0.78521052241222,0.0212121212121212,1155,0.0539303358377973,0.0539912565355573,1,0.58079628797617
Chr21_393077036,21,393077036,0.785345887800565,0.338095238095238,1155,0.0539303358377973,0.0539911778433411,1,0.203030366533767
Chr06_513707729,6,513707729,0.785527567319122,0.478354978354978,1155,0.0539303358377973,0.0539910723131094,1,-0.460952364067907
Chr17_313728222,17,313728222,0.785642415994832,0.496536796536797,1155,0.0539303358377973,0.0539910056529495,1,0.391985250282005
Chr14_96075564,14,96075564,0.78567923242974,0.0987012987012987,1155,0.0539303358377973,0.0539909842923755,1,0.357011938017479
Chr13_358898236,13,358898236,0.785730649894858,0.0800865800865801,1155,0.0539303358377973,0.0539909544671674,1,-0.326944954266537
Chr10_408913677,10,408913677,0.785779518096801,0.154112554112554,1155,0.0539303358377973,0.0539909261279887,1,-0.280831339080265
Chr08_383448613,8,383448613,0.785915068833479,0.0939393939393939,1155,0.0539303358377973,0.0539908475579473,1,0.288022085142941
Chr02_425918121,2,425918121,0.785993123028513,0.1004329004329,1155,0.0539303358377973,0.0539908023397854,1,0.275031170746416
Chr13_56019019,13,56019019,0.785995057165735,0.485714285714286,1155,0.0539303358377973,0.0539908012195378,1,-0.188636577307591
Chr08_8502997,8,8502997,0.786030852155033,0.309090909090909,1155,0.0539303358377973,0.0539907804891478,1,-0.184151608989112
Chr02_384180530,2,384180530,0.786077479443337,0.340692640692641,1155,0.0539303358377973,0.0539907534910437,1,0.235708433446632
Chr08_261242720,8,261242720,0.786149690747943,0.146753246753247,1155,0.0539303358377973,0.0539907116920779,1,0.18842623975533
Chr02_57535379,2,57535379,0.786321950770514,0.452813852813853,1155,0.0539303358377973,0.0539906120433776,1,0.303733188101205
Chr06_63098094,6,63098094,0.786426127821041,0.0238095238095238,1155,0.0539303358377973,0.0539905518220758,1,0.542801151685083
Chr19_443350919,19,443350919,0.78649332355816,0.475757575757576,1155,0.0539303358377973,0.0539905129955905,1,-0.195682667629967
Chr16_312579973,16,312579973,0.786493498238218,0.13030303030303,1155,0.0539303358377973,0.0539905128946753,1,0.247725052901473
Chr07_57418290,7,57418290,0.786622103169675,0.051948051948052,1155,0.0539303358377973,0.0539904386227791,1,0.411095600599822
Chr07_395177983,7,395177983,0.78664122798038,0.491341991341991,1155,0.0539303358377973,0.0539904275820268,1,0.17128354989984
Chr21_435734846,21,435734846,0.786761791548201,0.324675324675325,1155,0.0539303358377973,0.0539903580057448,1,-0.2086094397674
Chr17_266953041,17,266953041,0.786921338442308,0.225108225108225,1155,0.0539303358377973,0.0539902659989869,1,0.225474690338473
Chr13_365849493,13,365849493,0.786994632467166,0.316883116883117,1155,0.0539303358377973,0.0539902237575158,1,-0.175228682556281
Chr21_333343344,21,333343344,0.787148066226418,0.0445887445887446,1155,0.0539303358377973,0.0539901353809377,1,0.603224462489123
Chr09_377851640,9,377851640,0.78718039516599,0.466666666666667,1155,0.0539303358377973,0.0539901167686653,1,-0.185439989188581
Chr20_607390071,20,607390071,0.787302720956692,0.0242424242424242,1155,0.0539303358377973,0.0539900463719437,1,-0.548076494451507
Chr06_33513543,6,33513543,0.787339940978048,0.438095238095238,1155,0.0539303358377973,0.0539900249611892,1,-0.159848409107212
Chr19_641594493,19,641594493,0.787443888449368,0.268398268398268,1155,0.0539303358377973,0.0539899651873934,1,0.221255182520167
Chr18_502599064,18,502599064,0.787495565365381,0.0203463203463203,1155,0.0539303358377973,0.0539899354831368,1,-0.544997355485776
Chr07_516141830,7,516141830,0.787655740239711,0.224675324675325,1155,0.0539303358377973,0.0539898434639109,1,0.182474812031614
Chr16_391791729,16,391791729,0.787817049505142,0.0627705627705628,1155,0.0539303358377973,0.0539897508700539,1,-0.328649805498117
Chr17_12475334,17,12475334,0.788284394541308,0.0268398268398268,1155,0.0539303358377973,0.0539894830436667,1,0.527924093799641
Chr08_367293674,8,367293674,0.788299447094355,0.292207792207792,1155,0.0539303358377973,0.0539894744281242,1,0.262130976554602
Chr15_384784036,15,384784036,0.788305583152648,0.237229437229437,1155,0.0539303358377973,0.0539894709162577,1,-0.206627764083237
Chr17_307555119,17,307555119,0.788518834245818,0.17965367965368,1155,0.0539303358377973,0.0539893489351245,1,0.218963146248655
Chr09_108389924,9,108389924,0.788893527618332,0.368831168831169,1155,0.0539303358377973,0.0539891349348357,1,0.173162774789148
Chr15_350931215,15,350931215,0.788893889149017,0.105627705627706,1155,0.0539303358377973,0.0539891347285563,1,0.34321008916217
Chr16_312257637,16,312257637,0.78913810547002,0.258441558441558,1155,0.0539303358377973,0.053988995472717,1,-0.156300442108474
Chr08_425978043,8,425978043,0.789218865273914,0.248051948051948,1155,0.0539303358377973,0.0539889494611806,1,0.200226032138687
Chr20_170475165,20,170475165,0.7894239445314,0.394805194805195,1155,0.0539303358377973,0.0539888327076604,1,0.165002883677488
Chr12_80822392,12,80822392,0.789644955288488,0.134199134199134,1155,0.0539303358377973,0.0539887070237934,1,-0.205783459962277
Chr06_540774537,6,540774537,0.789972632081716,0.424675324675325,1155,0.0539303358377973,0.0539885209477932,1,0.170123322967072
Chr09_376675250,9,376675250,0.790114436843221,0.388744588744589,1155,0.0539303358377973,0.0539884405205449,1,-0.13506951456668
Chr01_309027708,1,309027708,0.790122723995059,0.0718614718614719,1155,0.0539303358377973,0.0539884358221731,1,0.332216202466356
Chr03_425578365,3,425578365,0.790143444385306,0.163203463203463,1155,0.0539303358377973,0.0539884240757071,1,-0.245569928694493
Chr02_13483979,2,13483979,0.790144870700168,0.245887445887446,1155,0.0539303358377973,0.0539884232671736,1,0.219437345677363
Chr19_723497750,19,723497750,0.790224592946324,0.206060606060606,1155,0.0539303358377973,0.0539883780845392,1,0.173254141485913
Chr14_345355575,14,345355575,0.790268538583235,0.374025974025974,1155,0.0539303358377973,0.0539883531863724,1,0.16681150559117
Chr20_163079734,20,163079734,0.790364720777946,0.197402597402597,1155,0.0539303358377973,0.0539882987126267,1,-0.205452934015113
Chr04_207340832,4,207340832,0.790364839828145,0.491774891774892,1155,0.0539303358377973,0.053988298645218,1,0.672489626827428
Chr02_118278212,2,118278212,0.790407337600118,0.207359307359307,1155,0.0539303358377973,0.0539882745849196,1,0.231093224517508
Chr15_558781257,15,558781257,0.790551622630424,0.00562770562770563,1155,0.0539303358377973,0.053988192937232,1,-0.883501931263069
Chr08_405456472,8,405456472,0.790981336917823,0.0051948051948052,1155,0.0539303358377973,0.0539879501365457,1,0.873847022217888
Chr05_214724882,5,214724882,0.791031629400562,0.0497835497835498,1155,0.0539303358377973,0.0539879217555952,1,-0.360774428013116
Chr20_20323837,20,20323837,0.791215835885203,0.370995670995671,1155,0.0539303358377973,0.0539878178684687,1,0.240327124818464
Chr01_450871897,1,450871897,0.791442445471661,0.297835497835498,1155,0.0539303358377973,0.0539876902048997,1,0.184894968112616
Chr02_6695707,2,6695707,0.791770650859749,0.15021645021645,1155,0.0539303358377973,0.0539875055751807,1,-0.209067947264444
Chr06_444164938,6,444164938,0.791779723449773,0.0848484848484849,1155,0.0539303358377973,0.0539875004759788,1,-0.319104072476819
Chr13_343918997,13,343918997,0.791976028395498,0.0471861471861472,1155,0.0539303358377973,0.0539873902034008,1,0.405445019777744
Chr17_251548212,17,251548212,0.792055018468769,0.0532467532467532,1155,0.0539303358377973,0.0539873458635497,1,0.391632911738014
Chr21_221653791,21,221653791,0.792243248157154,0.0264069264069264,1155,0.0539303358377973,0.0539872402780444,1,0.516902769001746
Chr20_517874969,20,517874969,0.792442920198378,0.0731601731601732,1155,0.0539303358377973,0.0539871283884591,1,-0.334351487604437
Chr13_72291628,13,72291628,0.792445504416682,0.436796536796537,1155,0.0539303358377973,0.0539871269411204,1,-0.180319568974966
Chr12_411776715,12,411776715,0.792468632090504,0.39004329004329,1155,0.0539303358377973,0.0539871139889265,1,-0.150674453669183
Chr14_56256535,14,56256535,0.792477983590336,0.409090909090909,1155,0.0539303358377973,0.053987108752253,1,0.164236676622579
Chr01_326060293,1,326060293,0.792573769797414,0.0757575757575758,1155,0.0539303358377973,0.0539870551285464,1,0.24775871167509
Chr07_192427724,7,192427724,0.792673857305803,0.0251082251082251,1155,0.0539303358377973,0.0539869991258023,1,0.498614142787119
Chr21_308566745,21,308566745,0.792678598809472,0.0246753246753247,1155,0.0539303358377973,0.053986996473486,1,-0.543614822829525
Chr02_129145384,2,129145384,0.79287666476159,0.433766233766234,1155,0.0539303358377973,0.0539868857380305,1,-0.164130383452886
Chr05_324684287,5,324684287,0.793056440702789,0.245021645021645,1155,0.0539303358377973,0.0539867853284686,1,-0.208006359263891
Chr13_342917324,13,342917324,0.793105316288002,0.0597402597402597,1155,0.0539303358377973,0.0539867580466614,1,-0.365332375099001
Chr07_166602218,7,166602218,0.793173000874771,0.359307359307359,1155,0.0539303358377973,0.0539867202775245,1,-0.234019894800326
Chr01_493525246,1,493525246,0.793181945479426,0.0554112554112554,1155,0.0539303358377973,0.053986715287294,1,0.380239961804875
Chr08_306388594,8,306388594,0.793328814536742,0.373160173160173,1155,0.0539303358377973,0.0539866333822445,1,-0.171598082956592
Chr04_177631092,4,177631092,0.793502254734254,0.051948051948052,1155,0.0539303358377973,0.0539865367410917,1,0.391410794297087
Chr07_52391303,7,52391303,0.793614360693021,0.116883116883117,1155,0.0539303358377973,0.0539864743226779,1,0.221967139924118
Chr06_523512612,6,523512612,0.793923357462769,0.0683982683982684,1155,0.0539303358377973,0.0539863024711064,1,-0.375905990203989
Chr13_332923362,13,332923362,0.794338407777198,0.0991341991341991,1155,0.0539303358377973,0.0539860720796641,1,0.285300728081268
Chr20_67580924,20,67580924,0.794388023720069,0.227272727272727,1155,0.0539303358377973,0.0539860445721746,1,0.207092005416257
Chr20_50441330,20,50441330,0.794602707922887,0.0718614718614719,1155,0.0539303358377973,0.0539859256330286,1,-0.40882421677253
Chr10_8989450,10,8989450,0.795038116530806,0.105194805194805,1155,0.0539303358377973,0.0539856848250759,1,-0.267301044337827
Chr01_442301683,1,442301683,0.795364746851121,0.0796536796536797,1155,0.0539303358377973,0.0539855045445425,1,0.287834357028188
Chr06_507506304,6,507506304,0.795596259878411,0.406060606060606,1155,0.0539303358377973,0.0539853769531788,1,0.166827910394346
Chr02_99252739,2,99252739,0.795665265655417,0.477489177489178,1155,0.0539303358377973,0.0539853389532429,1,0.143381584954881
Chr04_262103304,4,262103304,0.795755452526174,0.0792207792207792,1155,0.0539303358377973,0.0539852893104548,1,-0.312011843004655
Chr04_138483594,4,138483594,0.7960591663982,0.27012987012987,1155,0.0539303358377973,0.0539851223089611,1,-0.221282391411592
Chr08_362859089,8,362859089,0.796232906539387,0.0454545454545455,1155,0.0539303358377973,0.0539850268973313,1,0.386027901477334
Chr15_351628107,15,351628107,0.796353036923184,0.380952380952381,1155,0.0539303358377973,0.0539849609780504,1,-0.282202828770096
Chr02_350280484,2,350280484,0.796770599772849,0.352813852813853,1155,0.0539303358377973,0.0539847321781135,1,0.180796322566749
Chr13_81780519,13,81780519,0.796847057507453,0.0238095238095238,1155,0.0539303358377973,0.0539846903392246,1,0.503164140711689
Chr20_658021233,20,658021233,0.796863135278016,0.0402597402597403,1155,0.0539303358377973,0.0539846815433979,1,0.405222064250111
Chr18_370145998,18,370145998,0.797170508397345,0.428571428571429,1155,0.0539303358377973,0.0539845135316354,1,0.303058821481386
Chr16_13393236,16,13393236,0.797211445961624,0.025974025974026,1155,0.0539303358377973,0.0539844911758738,1,0.453762002689913
Chr13_39142035,13,39142035,0.79730853464374,0.274025974025974,1155,0.0539303358377973,0.0539844381759855,1,-0.233403763356932
Chr12_169452143,12,169452143,0.797459854857753,0.0303030303030303,1155,0.0539303358377973,0.0539843556267096,1,0.487647668523209
Chr16_8933304,16,8933304,0.797575631845349,0.242857142857143,1155,0.0539303358377973,0.0539842925125911,1,-0.192629946440888
Chr20_448933140,20,448933140,0.797643134318083,0.0173160173160173,1155,0.0539303358377973,0.0539842557327579,1,-0.552257769852389
Chr18_365616912,18,365616912,0.797652284744425,0.025974025974026,1155,0.0539303358377973,0.0539842507480254,1,0.532940359467332
Chr08_414992822,8,414992822,0.797805375832806,0.10995670995671,1155,0.0539303358377973,0.0539841673874606,1,0.233176978721531
Chr13_311444970,13,311444970,0.797823419860689,0.357142857142857,1155,0.0539303358377973,0.0539841575667248,1,0.213660737356292
Chr21_442376038,21,442376038,0.798163260623229,0.121212121212121,1155,0.0539303358377973,0.0539839727815344,1,0.244428325688219
Chr21_380156869,21,380156869,0.798206889418168,0.0471861471861472,1155,0.0539303358377973,0.0539839490833135,1,0.367731306208043
Chr11_28543373,11,28543373,0.798227952809979,0.0601731601731602,1155,0.0539303358377973,0.05398393764413,1,0.303666025344683
Chr07_26159564,7,26159564,0.798353668556957,0.271861471861472,1155,0.0539303358377973,0.0539838693970046,1,-0.214030496666197
Chr13_347513573,13,347513573,0.798438381865264,0.48008658008658,1155,0.0539303358377973,0.0539838234349359,1,0.350608093574692
Chr07_301388725,7,301388725,0.798530593168168,0.0523809523809524,1155,0.0539303358377973,0.0539837734286515,1,-0.353418700882685
Chr06_556556431,6,556556431,0.798587238773409,0.0692640692640693,1155,0.0539303358377973,0.0539837427220372,1,-0.371233545533272
Chr06_347260674,6,347260674,0.798672852577501,0.488311688311688,1155,0.0539303358377973,0.0539836963300946,1,0.602144743740155
Chr17_41652343,17,41652343,0.799202376891753,0.279220779220779,1155,0.0539303358377973,0.0539834098713112,1,-0.273514295449445
Chr20_450643342,20,450643342,0.799363638687201,0.353679653679654,1155,0.0539303358377973,0.0539833227959765,1,0.160784484288001
Chr03_13470370,3,13470370,0.799652303619103,0.00649350649350644,1155,0.0539303358377973,0.0539831671177523,1,-0.753207091000149
Chr16_53681165,16,53681165,0.79983520697122,0.0329004329004329,1155,0.0539303358377973,0.0539830686033741,1,0.406235688899415
Chr09_304335851,9,304335851,0.800008581389958,0.0523809523809524,1155,0.0539303358377973,0.0539829753117487,1,-0.3807867467427
Chr15_482004660,15,482004660,0.800249227283598,0.0774891774891775,1155,0.0539303358377973,0.0539828459674594,1,-0.387365717539524
Chr15_125378235,15,125378235,0.801196404199081,0.0363636363636364,1155,0.0539303358377973,0.0539823385151975,1,0.284892356312959
Chr05_73702603,5,73702603,0.801196754274706,0.0251082251082251,1155,0.0539303358377973,0.0539823383281298,1,0.464877992405533
Chr15_535205381,15,535205381,0.801625669403725,0.135930735930736,1155,0.0539303358377973,0.0539821093981474,1,0.227862603290419
Chr10_25396501,10,25396501,0.801743312613503,0.0688311688311688,1155,0.0539303358377973,0.053982046700869,1,-0.297000591148716
Chr07_421044569,7,421044569,0.802069186960259,0.0225108225108225,1155,0.0539303358377973,0.053981873238827,1,-0.514010631278879
Chr01_380737494,1,380737494,0.80208619951801,0.0246753246753247,1155,0.0539303358377973,0.0539818641915947,1,-0.508865392859278
Chr21_35641153,21,35641153,0.802122531422331,0.0268398268398268,1155,0.0539303358377973,0.0539818448732157,1,0.490856140488162
Chr16_53460740,16,53460740,0.802226337205837,0.246320346320346,1155,0.0539303358377973,0.0539817896988767,1,0.179674760317738
Chr04_47822698,4,47822698,0.802290381378156,0.0506493506493507,1155,0.0539303358377973,0.0539817556741048,1,0.329446658831614
Chr16_10035044,16,10035044,0.802435035085056,0.297402597402597,1155,0.0539303358377973,0.0539816788678906,1,-0.17218476570747
Chr15_85295915,15,85295915,0.80251115214769,0.116883116883117,1155,0.0539303358377973,0.0539816384768036,1,-0.295788454003457
Chr13_263639167,13,263639167,0.802543047362804,0.09004329004329,1155,0.0539303358377973,0.0539816215568152,1,-0.263337902001012
Chr20_116954612,20,116954612,0.802600669604146,0.0294372294372294,1155,0.0539303358377973,0.0539815909964898,1,0.500180162948567
Chr10_436139188,10,436139188,0.802731032534622,0.0601731601731602,1155,0.0539303358377973,0.0539815218933881,1,-0.313296758744428
Chr20_607056562,20,607056562,0.802767399888086,0.21991341991342,1155,0.0539303358377973,0.0539815026245283,1,-0.226569607198996
Chr02_116229116,2,116229116,0.803066849153866,0.173160173160173,1155,0.0539303358377973,0.0539813441109849,1,0.235892339650263
Chr02_65027329,2,65027329,0.803069115889876,0.0766233766233766,1155,0.0539303358377973,0.0539813429120818,1,-0.282606832464651
Chr20_506507821,20,506507821,0.803212291197255,0.0285714285714286,1155,0.0539303358377973,0.0539812672154479,1,-0.494821623235111
Chr17_254842203,17,254842203,0.803271842800411,0.253679653679654,1155,0.0539303358377973,0.0539812357481596,1,0.233720410415202
Chr21_308310930,21,308310930,0.803410236095829,0.025974025974026,1155,0.0539303358377973,0.0539811626605154,1,-0.515210677807872
Chr17_17509284,17,17509284,0.80354887976781,0.31038961038961,1155,0.0539303358377973,0.0539810894965636,1,-0.17513366173668
Chr05_246511480,5,246511480,0.80400674008119,0.496103896103896,1155,0.0539303358377973,0.0539808482755978,1,-0.138031697766877
Chr17_327788718,17,327788718,0.804015860996314,0.0264069264069264,1155,0.0539303358377973,0.053980843476497,1,-0.471093121277704
Chr08_328428960,8,328428960,0.804034748720311,0.101731601731602,1155,0.0539303358377973,0.053980833539216,1,-0.274560958407079
Chr15_420373291,15,420373291,0.804056630400723,0.0376623376623377,1155,0.0539303358377973,0.0539808220280401,1,0.365389502595932
Chr07_439604891,7,439604891,0.804114521540497,0.0233766233766234,1155,0.0539303358377973,0.0539807915802872,1,-0.489457666531379
Chr04_186380118,4,186380118,0.804390498702845,0.105194805194805,1155,0.0539303358377973,0.0539806465645407,1,-0.331041305980762
Chr05_61854490,5,61854490,0.804445595460069,0.307792207792208,1155,0.0539303358377973,0.0539806176397684,1,0.182175262310977
Chr14_6609925,14,6609925,0.804483524791295,0.446753246753247,1155,0.0539303358377973,0.0539805977327045,1,0.140938251713749
Chr19_70012848,19,70012848,0.804668957685655,0.0545454545454545,1155,0.0539303358377973,0.0539805004691797,1,0.338570148683615
Chr02_110342181,2,110342181,0.804953076946688,0.0900432900432901,1155,0.0539303358377973,0.0539803516364566,1,-0.327701844160629
Chr09_106857528,9,106857528,0.805223501809023,0.0251082251082251,1155,0.0539303358377973,0.0539802101952956,1,0.532143875293912
Chr20_163079783,20,163079783,0.805414771182244,0.236363636363636,1155,0.0539303358377973,0.0539801102833539,1,-0.191793853642366
Chr10_325267497,10,325267497,0.805634667541291,0.0103896103896104,1155,0.0539303358377973,0.0539799955490518,1,-0.577298621658201
Chr13_325158888,13,325158888,0.80578487886203,0.459307359307359,1155,0.0539303358377973,0.0539799172547014,1,0.293756108035836
Chr05_392031395,5,392031395,0.805833982854628,0.0398268398268398,1155,0.0539303358377973,0.0539798916745352,1,0.363989350142731
Chr21_391570991,21,391570991,0.805880654959842,0.396103896103896,1155,0.0539303358377973,0.0539798673677161,1,-0.194702411521746
Chr09_94531460,9,94531460,0.806206675717509,0.174458874458874,1155,0.0539303358377973,0.0539796977525457,1,0.215155957110142
Chr01_234100703,1,234100703,0.806245349540015,0.5,1155,0.0539303358377973,0.0539796776526151,1,-1.97328229972481
Chr20_561140992,20,561140992,0.806394457448468,0.164502164502165,1155,0.0539303358377973,0.0539796001974352,1,-0.207501551884576
Chr19_182537354,19,182537354,0.806456612878329,0.141558441558442,1155,0.0539303358377973,0.0539795679293914,1,-0.209662107011923
Chr09_47656610,9,47656610,0.806632308352447,0.317748917748918,1155,0.0539303358377973,0.0539794767775538,1,0.198640122323042
Chr04_216563176,4,216563176,0.806657984046496,0.0233766233766234,1155,0.0539303358377973,0.0539794634643531,1,0.517839535440004
Chr13_236842828,13,236842828,0.806753934855998,0.0264069264069264,1155,0.0539303358377973,0.0539794137294538,1,-0.445669335414266
Chr07_474152218,7,474152218,0.806976013129891,0.325108225108225,1155,0.0539303358377973,0.0539792987203527,1,-0.163584689583274
Chr19_667801298,19,667801298,0.807001131027993,0.471428571428571,1155,0.0539303358377973,0.0539792857213872,1,0.35816841996666
Chr07_167995817,7,167995817,0.807196882456052,0.0510822510822511,1155,0.0539303358377973,0.0539791844791443,1,0.375347099460384
Chr20_68230051,20,68230051,0.807375228989353,0.488311688311688,1155,0.0539303358377973,0.0539790923353564,1,-0.467769620129729
Chr11_30406190,11,30406190,0.807397132762188,0.21038961038961,1155,0.0539303358377973,0.0539790810249985,1,0.239062734920111
Chr20_661899412,20,661899412,0.807451539969187,0.298268398268398,1155,0.0539303358377973,0.0539790529369947,1,-0.193558160997839
Chr05_315630683,5,315630683,0.807464495011265,0.0497835497835498,1155,0.0539303358377973,0.0539790462501499,1,-0.353014178603885
Chr20_438403121,20,438403121,0.807497597253021,0.3004329004329,1155,0.0539303358377973,0.0539790291663842,1,0.169932701252776
Chr03_474801192,3,474801192,0.807511826135186,0.0770562770562771,1155,0.0539303358377973,0.0539790218239629,1,-0.291732718048323
Chr08_33244406,8,33244406,0.807540003107106,0.0787878787878788,1155,0.0539303358377973,0.0539790072857458,1,0.288244542240321
Chr03_20191494,3,20191494,0.807571754884523,0.308225108225108,1155,0.0539303358377973,0.0539789909058233,1,-0.174884728642951
Chr05_316401415,5,316401415,0.808006650893909,0.458441558441558,1155,0.0539303358377973,0.0539787668481128,1,-0.195880970288215
Chr15_221594526,15,221594526,0.808240993115943,0.0207792207792208,1155,0.0539303358377973,0.0539786463424295,1,0.520494852052266
Chr17_282975335,17,282975335,0.808267096126667,0.390909090909091,1155,0.0539303358377973,0.0539786329293317,1,-0.137709453812676
Chr07_50106216,7,50106216,0.808361285955783,0.00692640692640693,1155,0.0539303358377973,0.0539785845460443,1,-0.695379112972155
Chr01_97083995,1,97083995,0.808387333484104,0.0411255411255411,1155,0.0539303358377973,0.0539785711705217,1,0.35662615488674
Chr01_442301985,1,442301985,0.808471596380705,0.275757575757576,1155,0.0539303358377973,0.053978527914594,1,0.190990061446229
Chr20_537773934,20,537773934,0.808531119581331,0.0878787878787879,1155,0.0539303358377973,0.0539784973710459,1,-0.284415261372601
Chr19_668740669,19,668740669,0.808585403310131,0.0454545454545454,1155,0.0539303358377973,0.053978469525004,1,0.355267684889441
Chr12_324807909,12,324807909,0.808601397949277,0.0207792207792208,1155,0.0539303358377973,0.0539784613218222,1,0.521559396357588
Chr02_417381470,2,417381470,0.808632509942714,0.180519480519481,1155,0.0539303358377973,0.0539784453675169,1,0.22630784490218
Chr13_27889398,13,27889398,0.808814534232702,0.0471861471861472,1155,0.0539303358377973,0.0539783520811403,1,0.363202422676935
Chr19_735933692,19,735933692,0.808879004247664,0.329437229437229,1155,0.0539303358377973,0.053978319063621,1,-0.192175758901925
Chr18_427284386,18,427284386,0.808928234809239,0.0303030303030303,1155,0.0539303358377973,0.0539782938588924,1,0.452454192912228
Chr08_81188002,8,81188002,0.808994496721482,0.312987012987013,1155,0.0539303358377973,0.053978259945634,1,0.218008811019899
Chr12_59289113,12,59289113,0.809016102388093,0.238528138528139,1155,0.0539303358377973,0.053978248890465,1,0.215333924082614
Chr19_694166878,19,694166878,0.809201720988474,0.0528138528138528,1155,0.0539303358377973,0.0539781539689047,1,0.343818088704424
Chr03_426131698,3,426131698,0.809245520288226,0.368831168831169,1155,0.0539303358377973,0.0539781315853632,1,0.149916867686443
Chr05_366368824,5,366368824,0.809283235028007,0.0264069264069264,1155,0.0539303358377973,0.0539781123157668,1,0.487345445630197
Chr18_190290921,18,190290921,0.80933103331184,0.431601731601732,1155,0.0539303358377973,0.0539780879000921,1,0.275345007868168
Chr17_97190635,17,97190635,0.809619798013332,0.286147186147186,1155,0.0539303358377973,0.0539779405376527,1,-0.201140090594777
Chr03_36920112,3,36920112,0.809725366765961,0.0796536796536796,1155,0.0539303358377973,0.0539778867239412,1,-0.294888110467355
Chr12_296108703,12,296108703,0.809845765519532,0.0220779220779221,1155,0.0539303358377973,0.0539778253899349,1,0.49943451783993
Chr18_2717390,18,2717390,0.809962631129474,0.0935064935064935,1155,0.0539303358377973,0.0539777658958446,1,-0.260461894656387
Chr18_70726493,18,70726493,0.810193767788896,0.311255411255411,1155,0.0539303358377973,0.0539776483446659,1,-0.212229286052661
Chr06_64823781,6,64823781,0.810327690783121,0.157575757575758,1155,0.0539303358377973,0.0539775803048737,1,0.227266708741695
Chr11_64303319,11,64303319,0.81034524660652,0.388311688311688,1155,0.0539303358377973,0.0539775713894483,1,0.117334439583232
Chr07_377420219,7,377420219,0.810482302122618,0.054978354978355,1155,0.0539303358377973,0.0539775018187271,1,0.340696667917044
Chr07_242805037,7,242805037,0.810543948598438,0.126839826839827,1155,0.0539303358377973,0.0539774705440554,1,0.284805482440731
Chr20_556979355,20,556979355,0.810619336735192,0.0593073593073593,1155,0.0539303358377973,0.0539774323128296,1,0.278595200820945
Chr08_54396727,8,54396727,0.81077177684369,0.404761904761905,1155,0.0539303358377973,0.0539773550567216,1,0.137496550628271
Chr18_136547361,18,136547361,0.81093670880769,0.103896103896104,1155,0.0539303358377973,0.0539772715453073,1,-0.257391306294551
Chr20_117947130,20,117947130,0.811119133855439,0.0528138528138528,1155,0.0539303358377973,0.0539771792678729,1,-0.308509465779139
Chr02_298651048,2,298651048,0.811137623457238,0.0324675324675325,1155,0.0539303358377973,0.0539771699204947,1,0.391218737886504
Chr04_186330332,4,186330332,0.811227517364709,0.0207792207792208,1155,0.0539303358377973,0.0539771244888818,1,0.519352972280345
Chr17_209943149,17,209943149,0.811328110115496,0.0584415584415584,1155,0.0539303358377973,0.0539770736777943,1,-0.3489805829673
Chr03_478082621,3,478082621,0.811348658401927,0.140692640692641,1155,0.0539303358377973,0.0539770633021002,1,0.211750353608522
Chr01_470547176,1,470547176,0.811522583936875,0.0562770562770563,1155,0.0539303358377973,0.0539769755285339,1,-0.334419625640621
Chr11_124152539,11,124152539,0.811610570890528,0.364935064935065,1155,0.0539303358377973,0.0539769311581035,1,-0.227774854834138
Chr02_115065285,2,115065285,0.811973354350455,0.0705627705627706,1155,0.0539303358377973,0.0539767484478131,1,-0.281277094544905
Chr04_225439771,4,225439771,0.811998270590155,0.0225108225108225,1155,0.0539303358377973,0.053976735913052,1,-0.500487701464692
Chr16_296208046,16,296208046,0.812092385175803,0.0229437229437229,1155,0.0539303358377973,0.0539766885824062,1,-0.47702134023541
Chr13_7468497,13,7468497,0.812138180377656,0.105627705627706,1155,0.0539303358377973,0.0539766655610247,1,-0.189702738646488
Chr01_424603580,1,424603580,0.812528216307321,0.496103896103896,1155,0.0539303358377973,0.0539764697336375,1,0.147993690912358
Chr11_164365817,11,164365817,0.81260270514961,0.494372294372294,1155,0.0539303358377973,0.0539764323844598,1,0.149582572740144
Chr20_276704851,20,276704851,0.812730226380033,0.0545454545454545,1155,0.0539303358377973,0.0539763684815877,1,-0.352779565322606
Chr16_51230512,16,51230512,0.812732910392455,0.446320346320346,1155,0.0539303358377973,0.0539763671370878,1,0.135840514596168
Chr21_33200168,21,33200168,0.812810411895378,0.0268398268398268,1155,0.0539303358377973,0.0539763283233503,1,-0.470709042540463
Chr06_554141096,6,554141096,0.812837708528903,0.0761904761904762,1155,0.0539303358377973,0.0539763146569674,1,-0.277946041823725
Chr06_145495970,6,145495970,0.812916475339646,0.0225108225108225,1155,0.0539303358377973,0.0539762752334496,1,-0.476359808845714
Chr14_224466226,14,224466226,0.812930400148989,0.463203463203463,1155,0.0539303358377973,0.0539762682658107,1,-0.166209951362646
Chr06_539938273,6,539938273,0.812956763611091,0.0917748917748918,1155,0.0539303358377973,0.0539762550756987,1,-0.257982181058495
Chr21_332412846,21,332412846,0.813086473370164,0.306060606060606,1155,0.0539303358377973,0.0539761902087156,1,0.199662391279077
Chr07_428961509,7,428961509,0.813498198601845,0.353679653679654,1155,0.0539303358377973,0.0539759846283865,1,0.25519791105603
Chr18_233148703,18,233148703,0.813633860238773,0.106926406926407,1155,0.0539303358377973,0.0539759169973802,1,-0.25166503883375
Chr13_36490425,13,36490425,0.813650023653302,0.0510822510822511,1155,0.0539303358377973,0.0539759089430105,1,0.348247594250779
Chr02_117175833,2,117175833,0.81386649390018,0.304329004329004,1155,0.0539303358377973,0.0539758011463805,1,-0.185362962491297
Chr05_365285745,5,365285745,0.813982043716635,0.259307359307359,1155,0.0539303358377973,0.0539757436606825,1,0.138779850143919
Chr19_278090952,19,278090952,0.814086410523865,0.342424242424242,1155,0.0539303358377973,0.0539756917714903,1,0.169233906992673
Chr07_401248323,7,401248323,0.814283938018159,0.419480519480519,1155,0.0539303358377973,0.0539755936502662,1,-0.170603108148043
Chr02_326571023,2,326571023,0.814323601715663,0.0359307359307359,1155,0.0539303358377973,0.0539755739609539,1,-0.307042399956828
Chr11_205216328,11,205216328,0.814515925355331,0.4004329004329,1155,0.0539303358377973,0.0539754785543682,1,0.237064597512187
Chr09_57651277,9,57651277,0.81472637317186,0.045021645021645,1155,0.0539303358377973,0.0539753742786158,1,0.349137771530309
Chr07_75218370,7,75218370,0.814742157288962,0.326839826839827,1155,0.0539303358377973,0.0539753664627977,1,0.210833730888339
Chr01_93606954,1,93606954,0.814973232239016,0.0532467532467532,1155,0.0539303358377973,0.0539752521233904,1,-0.31571245911006
Chr21_436156993,21,436156993,0.815008927166711,0.35974025974026,1155,0.0539303358377973,0.0539752344746675,1,-0.194033091694564
Chr10_152833526,10,152833526,0.815104135103739,0.105194805194805,1155,0.0539303358377973,0.0539751874186831,1,-0.316054444876045
Chr06_540529887,6,540529887,0.81517344859448,0.482251082251082,1155,0.0539303358377973,0.0539751531772497,1,0.121767169040083
Chr20_63139132,20,63139132,0.815233293123715,0.298701298701299,1155,0.0539303358377973,0.0539751236246565,1,0.167866386734545
Chr02_238724697,2,238724697,0.815371455592299,0.0216450216450216,1155,0.0539303358377973,0.0539750554361358,1,-0.497090618003568
Chr15_517022150,15,517022150,0.815644082320224,0.412121212121212,1155,0.0539303358377973,0.0539749210449894,1,-0.15863757541328
Chr11_74686748,11,74686748,0.816264727065732,0.245021645021645,1155,0.0539303358377973,0.0539746158937718,1,0.207294990518761
Chr04_263066875,4,263066875,0.816323077123497,0.24025974025974,1155,0.0539303358377973,0.0539745872617134,1,0.198842175576402
Chr20_14820911,20,14820911,0.816364312083774,0.131601731601732,1155,0.0539303358377973,0.0539745670338292,1,0.249717290683066
Chr13_272510648,13,272510648,0.81645761519345,0.070995670995671,1155,0.0539303358377973,0.0539745212818045,1,0.271722347876405
Chr06_35964434,6,35964434,0.816634630769084,0.0220779220779221,1155,0.0539303358377973,0.0539744345491835,1,-0.471747351204499
Chr04_2308128,4,2308128,0.816656932595648,0.311688311688312,1155,0.0539303358377973,0.0539744236282899,1,-0.149792532789945
Chr04_40447325,4,40447325,0.816835694495042,0.265367965367965,1155,0.0539303358377973,0.0539743361425662,1,-0.195458770853037
Chr07_61376848,7,61376848,0.817066164806893,0.384415584415584,1155,0.0539303358377973,0.0539742234859486,1,0.176765645609493
Chr10_130511935,10,130511935,0.817765144202192,0.0216450216450217,1155,0.0539303358377973,0.0539738827467368,1,0.470433483026682
Chr09_300947779,9,300947779,0.817818872890884,0.280519480519481,1155,0.0539303358377973,0.053973856612899,1,0.215149754337517
Chr02_181520123,2,181520123,0.817821667541293,0.0255411255411255,1155,0.0539303358377973,0.0539738552537992,1,0.497293100446853
Chr02_204450791,2,204450791,0.817821667541293,0.0255411255411255,1155,0.0539303358377973,0.0539738552537992,1,0.497293100446853
Chr02_205584040,2,205584040,0.817821667541293,0.0255411255411255,1155,0.0539303358377973,0.0539738552537992,1,0.497293100446853
Chr08_94506354,8,94506354,0.817981775919532,0.344588744588745,1155,0.0539303358377973,0.053973777426751,1,0.151075858897798
Chr13_380217992,13,380217992,0.818024339727064,0.448051948051948,1155,0.0539303358377973,0.0539737567492602,1,-0.123414219358125
Chr15_43404525,15,43404525,0.818112488257937,0.493506493506494,1155,0.0539303358377973,0.0539737139431993,1,0.12319305072225
Chr08_378658705,8,378658705,0.818115668356054,0.325974025974026,1155,0.0539303358377973,0.0539737123993183,1,-0.201931842794011
Chr07_160197982,7,160197982,0.818263704827785,0.128571428571429,1155,0.0539303358377973,0.0539736405622573,1,0.255063505674116
Chr02_314018192,2,314018192,0.818282614339831,0.0251082251082251,1155,0.0539303358377973,0.0539736313906276,1,-0.468007380013745
Chr13_321895443,13,321895443,0.818384430191369,0.083982683982684,1155,0.0539303358377973,0.0539735820247467,1,-0.266494509532592
Chr12_153935017,12,153935017,0.818515405009875,0.148917748917749,1155,0.0539303358377973,0.0539735185646042,1,-0.249263358946422
Chr17_191355993,17,191355993,0.818881918124275,0.308225108225108,1155,0.0539303358377973,0.0539733412416958,1,-0.179244110546392
Chr18_6540766,18,6540766,0.81948801048185,0.451948051948052,1155,0.0539303358377973,0.0539730488501607,1,0.126661448191896
Chr21_38231543,21,38231543,0.819691470350037,0.354112554112554,1155,0.0539303358377973,0.053972950932149,1,0.193237259182411
Chr06_300299340,6,300299340,0.819742706812266,0.0831168831168831,1155,0.0539303358377973,0.0539729262924923,1,0.256180455384424
Chr04_189130524,4,189130524,0.819757523757362,0.341125541125541,1155,0.0539303358377973,0.0539729191684074,1,0.177126593438885
Chr21_65848695,21,65848695,0.81980174860712,0.0774891774891775,1155,0.0539303358377973,0.0539728979085389,1,0.351180828570534
Chr09_85782186,9,85782186,0.820100040498435,0.465800865800866,1155,0.0539303358377973,0.0539727546588296,1,0.152280953931381
Chr15_5517656,15,5517656,0.820291170523717,0.025974025974026,1155,0.0539303358377973,0.053972663005318,1,-0.448198409251404
Chr20_540918914,20,540918914,0.820311562929494,0.0502164502164503,1155,0.0539303358377973,0.0539726532326039,1,-0.324574607467639
Chr03_424909353,3,424909353,0.820415409737402,0.128138528138528,1155,0.0539303358377973,0.0539726034841879,1,-0.224827148527083
Chr19_588382723,19,588382723,0.820638886862305,0.347186147186147,1155,0.0539303358377973,0.0539724965305186,1,0.149356708695194
Chr21_118230751,21,118230751,0.821055132860906,0.102597402597403,1155,0.0539303358377973,0.0539722976995456,1,0.251186129381551
Chr05_340614555,5,340614555,0.821331771650736,0.0896103896103896,1155,0.0539303358377973,0.0539721658289248,1,0.217524785424942
Chr21_172810125,21,172810125,0.821464353467382,0.42987012987013,1155,0.0539303358377973,0.0539721027059745,1,0.224971310251533
Chr20_337227298,20,337227298,0.821677551816574,0.09004329004329,1155,0.0539303358377973,0.0539720013060753,1,0.209567767383874
Chr09_315835118,9,315835118,0.821717556825072,0.135064935064935,1155,0.0539303358377973,0.0539719822936061,1,-0.213417999677802
Chr14_22232956,14,22232956,0.821920752370089,0.369264069264069,1155,0.0539303358377973,0.0539718857948525,1,0.140562177150855
Chr01_166353861,1,166353861,0.822387483673702,0.422077922077922,1155,0.0539303358377973,0.0539716645866672,1,-0.225350762753351
Chr14_398185319,14,398185319,0.822627711826808,0.0649350649350649,1155,0.0539303358377973,0.0539715509718287,1,0.282168475758482
Chr16_272852929,16,272852929,0.822729410137369,0.274891774891775,1155,0.0539303358377973,0.0539715029235506,1,0.178112600739155
Chr15_478058887,15,478058887,0.822840443616562,0.384848484848485,1155,0.0539303358377973,0.0539714504983918,1,-0.146058157452757
Chr09_365225275,9,365225275,0.823112228210311,0.488311688311688,1155,0.0539303358377973,0.0539713223215941,1,0.158689903107302
Chr15_462086074,15,462086074,0.82322476117591,0.110822510822511,1155,0.0539303358377973,0.0539712693112421,1,-0.215798189537622
Chr20_163175853,20,163175853,0.823232532051141,0.0125541125541126,1155,0.0539303358377973,0.0539712656519792,1,-0.486142778357177
Chr15_382309218,15,382309218,0.823321087168264,0.292640692640693,1155,0.0539303358377973,0.0539712239640352,1,0.155344085545039
Chr08_199362554,8,199362554,0.823369176331615,0.0480519480519481,1155,0.0539303358377973,0.0539712013350649,1,-0.323544263472073
Chr18_419874409,18,419874409,0.82340564336983,0.0285714285714286,1155,0.0539303358377973,0.0539711841794167,1,0.449546009604916
Chr06_569842027,6,569842027,0.823729058533543,0.0398268398268399,1155,0.0539303358377973,0.0539710321966251,1,-0.295843826670989
Chr02_95782657,2,95782657,0.823818305175987,0.142424242424242,1155,0.0539303358377973,0.0539709903092126,1,-0.18855071093293
Chr12_371818403,12,371818403,0.823986839741511,0.42987012987013,1155,0.0539303358377973,0.0539709112701922,1,-0.135713572611849
Chr21_423373942,21,423373942,0.824170298159943,0.103463203463203,1155,0.0539303358377973,0.0539708253239605,1,0.189910717367866
Chr21_66117052,21,66117052,0.824226969241159,0.496103896103896,1155,0.0539303358377973,0.0539707987941401,1,0.775638897144745
Chr02_312889472,2,312889472,0.824375162804344,0.184415584415584,1155,0.0539303358377973,0.0539707294623931,1,0.220536490273133
Chr11_22894080,11,22894080,0.824421519583629,0.00562770562770565,1155,0.0539303358377973,0.0539707077873725,1,-0.732157289627139
Chr04_212294022,4,212294022,0.824467600559136,0.108225108225108,1155,0.0539303358377973,0.0539706862473618,1,0.293986836822796
Chr02_22644883,2,22644883,0.824477984822109,0.11948051948052,1155,0.0539303358377973,0.0539706813941921,1,-0.316430475448442
Chr10_268095790,10,268095790,0.8247810178554,0.0181818181818182,1155,0.0539303358377973,0.0539705399040982,1,0.48008961301899
Chr02_101880953,2,101880953,0.824853380259003,0.0658008658008658,1155,0.0539303358377973,0.0539705061557095,1,0.267679782080251
Chr15_374535183,15,374535183,0.824910002032365,0.0727272727272727,1155,0.0539303358377973,0.0539704797588049,1,0.376628912271912
Chr20_297630739,20,297630739,0.824989827992558,0.0255411255411255,1155,0.0539303358377973,0.0539704425596367,1,-0.443332663431889
Chr12_10608147,12,10608147,0.825193446721229,0.0774891774891775,1155,0.0539303358377973,0.0539703477545188,1,0.26086508056413
Chr15_374629170,15,374629170,0.8254558306533,0.102597402597403,1155,0.0539303358377973,0.0539702257617437,1,-0.225229929588977
Chr12_310192337,12,310192337,0.826022024426412,0.23982683982684,1155,0.0539303358377973,0.0539699631810192,1,-0.176720450506707
Chr14_368837836,14,368837836,0.82612479368165,0.108225108225108,1155,0.0539303358377973,0.0539699156177346,1,0.23609913298327
Chr10_471471996,10,471471996,0.826256089984575,0.0839826839826839,1155,0.0539303358377973,0.05396985489523,1,0.332258040881698
Chr15_171628724,15,171628724,0.826361637033033,0.0207792207792208,1155,0.0539303358377973,0.053969806116781,1,0.469407403161924
Chr19_451079741,19,451079741,0.826430804671928,0.0640692640692641,1155,0.0539303358377973,0.0539697741681612,1,0.286321027334367
Chr08_343380038,8,343380038,0.826723130518006,0.191341991341991,1155,0.0539303358377973,0.0539696392922062,1,-0.189754358948392
Chr15_574058534,15,574058534,0.826859774237172,0.202164502164502,1155,0.0539303358377973,0.0539695763293188,1,-0.184987166133396
Chr04_168062592,4,168062592,0.826872071260656,0.13030303030303,1155,0.0539303358377973,0.0539695706656748,1,0.238807477510136
Chr16_312358301,16,312358301,0.826921151490886,0.440692640692641,1155,0.0539303358377973,0.0539695480650354,1,0.189050609007552
Chr02_178052771,2,178052771,0.826963234550687,0.322510822510823,1155,0.0539303358377973,0.0539695286919136,1,0.186222379823107
Chr16_343584980,16,343584980,0.827060388321614,0.102597402597403,1155,0.0539303358377973,0.0539694839859005,1,0.221810702830126
Chr10_34883576,10,34883576,0.827124946539969,0.0424242424242424,1155,0.0539303358377973,0.0539694542937513,1,0.270409490115469
Chr10_468046457,10,468046457,0.827132015949575,0.025974025974026,1155,0.0539303358377973,0.0539694510430473,1,0.422722192668857
Chr02_259128999,2,259128999,0.827212618209341,0.204329004329004,1155,0.0539303358377973,0.0539694139899668,1,-0.173851014223914
Chr17_309127984,17,309127984,0.82724108955017,0.025974025974026,1155,0.0539303358377973,0.053969400906012,1,0.429131222653055
Chr02_337617927,2,337617927,0.827274047535322,0.109090909090909,1155,0.0539303358377973,0.0539693857630926,1,0.217784127657396
Chr15_219133578,15,219133578,0.827472829428184,0.019047619047619,1155,0.0539303358377973,0.0539692944957061,1,0.475341622208234
Chr18_482517010,18,482517010,0.827508373344203,0.497835497835498,1155,0.0539303358377973,0.0539692781880998,1,0.288529454760692
Chr01_389298881,1,389298881,0.827768583200426,0.371428571428571,1155,0.0539303358377973,0.053969158912302,1,-0.124712399983281
Chr07_161738291,7,161738291,0.82780797110676,0.0238095238095238,1155,0.0539303358377973,0.0539691408742516,1,0.433484764799687
Chr07_463123873,7,463123873,0.828301768959697,0.496536796536796,1155,0.0539303358377973,0.0539689151074418,1,0.87452927225786
Chr21_331077768,21,331077768,0.828618030383999,0.373160173160173,1155,0.0539303358377973,0.0539687708734548,1,-0.142216128701307
Chr14_50837092,14,50837092,0.828675979248922,0.100865800865801,1155,0.0539303358377973,0.0539687444759891,1,-0.168288858281954
Chr17_37600539,17,37600539,0.828876872790182,0.327705627705628,1155,0.0539303358377973,0.0539686530363811,1,-0.193231447749554
Chr16_170632957,16,170632957,0.828971432188609,0.0229437229437229,1155,0.0539303358377973,0.053968610035781,1,0.445699530831831
Chr13_377221416,13,377221416,0.828995298909956,0.336363636363636,1155,0.0539303358377973,0.053968599186454,1,-0.127361244146783
Chr09_383045972,9,383045972,0.829191253251866,0.0502164502164502,1155,0.0539303358377973,0.0539685101704664,1,0.326704795936422
Chr15_82319540,15,82319540,0.829213891271044,0.0238095238095238,1155,0.0539303358377973,0.0539684998937054,1,0.462394195268985
Chr03_84041899,3,84041899,0.82929187006265,0.426406926406926,1155,0.0539303358377973,0.0539684645055204,1,-0.147149656582911
Chr01_456199224,1,456199224,0.82929853482179,0.346320346320346,1155,0.0539303358377973,0.0539684614817318,1,-0.129405440282824
Chr14_168909058,14,168909058,0.829742681110676,0.420779220779221,1155,0.0539303358377973,0.053968260256002,1,0.237246958355058
Chr17_9586258,17,9586258,0.829957389999716,0.265800865800866,1155,0.0539303358377973,0.0539681631793371,1,-0.216988168292744
Chr17_300103726,17,300103726,0.830045584399875,0.101731601731602,1155,0.0539303358377973,0.0539681233415765,1,-0.226111061286659
Chr20_74502828,20,74502828,0.830101411754644,0.0800865800865801,1155,0.0539303358377973,0.0539680981354886,1,0.233910204849963
Chr20_461811575,20,461811575,0.830126257718431,0.291341991341991,1155,0.0539303358377973,0.0539680869203463,1,-0.136278478779133
Chr03_236530410,3,236530410,0.830571944120276,0.305194805194805,1155,0.0539303358377973,0.0539678860392794,1,0.17303103771826
Chr15_138593143,15,138593143,0.830678854475242,0.283982683982684,1155,0.0539303358377973,0.0539678379356787,1,-0.203618446399219
Chr18_471516176,18,471516176,0.830823347993756,0.0515151515151515,1155,0.0539303358377973,0.0539677729730232,1,0.30484630511873
Chr04_100665780,4,100665780,0.830891640785343,0.0255411255411255,1155,0.0539303358377973,0.0539677422898456,1,-0.423660002857062
Chr06_25181466,6,25181466,0.83098156028855,0.0294372294372294,1155,0.0539303358377973,0.0539677019100916,1,-0.429396777064227
Chr21_119870958,21,119870958,0.831095449228365,0.254112554112554,1155,0.0539303358377973,0.0539676507992193,1,0.174097331017521
Chr13_58090563,13,58090563,0.831105316143299,0.280952380952381,1155,0.0539303358377973,0.0539676463728845,1,-0.16970854581308
Chr15_399656053,15,399656053,0.831541667546349,0.114718614718615,1155,0.0539303358377973,0.0539674508984745,1,-0.251008219532366
Chr13_7532019,13,7532019,0.831888864549641,0.409090909090909,1155,0.0539303358377973,0.0539672957463425,1,0.224869710156895
Chr01_476374412,1,476374412,0.832024601210039,0.0623376623376624,1155,0.0539303358377973,0.0539672351819602,1,-0.283061304171724
Chr15_486722284,15,486722284,0.832200665705441,0.0558441558441558,1155,0.0539303358377973,0.0539671567010118,1,0.315830827418182
Chr11_189261114,11,189261114,0.832535992260286,0.0251082251082251,1155,0.0539303358377973,0.0539670074702688,1,0.427791660378475
Chr03_400162992,3,400162992,0.832759735204479,0.274025974025974,1155,0.0539303358377973,0.0539669080737865,1,-0.171142290781916
Chr11_231841692,11,231841692,0.832916954191496,0.424675324675325,1155,0.0539303358377973,0.0539668383144744,1,-0.122263804976996
Chr20_199964331,20,199964331,0.833422394315343,0.223376623376623,1155,0.0539303358377973,0.0539666145178854,1,0.167296978980204
Chr15_606860003,15,606860003,0.833481123925146,0.441991341991342,1155,0.0539303358377973,0.0539665885604482,1,-0.232088531676141
Chr14_11718964,14,11718964,0.833538506908709,0.314718614718615,1155,0.0539303358377973,0.0539665632075622,1,-0.145561209337728
Chr19_714262999,19,714262999,0.833603182394323,0.0220779220779221,1155,0.0539303358377973,0.053966534643813,1,0.423649802741011
Chr13_291860942,13,291860942,0.833629056509779,0.0813852813852814,1155,0.0539303358377973,0.0539665232198751,1,0.268145188517678
Chr20_422349586,20,422349586,0.833832769883922,0.0909090909090909,1155,0.0539303358377973,0.0539664333421175,1,-0.194125377153114
Chr14_299726090,14,299726090,0.83397928145381,0.0515151515151515,1155,0.0539303358377973,0.0539663687737638,1,-0.535303647325634
Chr16_296243516,16,296243516,0.834030160349612,0.0372294372294373,1155,0.0539303358377973,0.0539663463653066,1,0.330817460998787
Chr18_33626195,18,33626195,0.83430073910442,0.0354978354978355,1155,0.0539303358377973,0.0539662273172491,1,0.322980007469823
Chr08_202486528,8,202486528,0.834477992914875,0.0541125541125541,1155,0.0539303358377973,0.0539661494414218,1,0.309816554870082
Chr02_394501484,2,394501484,0.834584860305475,0.314285714285714,1155,0.0539303358377973,0.0539661025322747,1,-0.169384005501854
Chr06_35964445,6,35964445,0.834614873729162,0.0718614718614719,1155,0.0539303358377973,0.0539660893637347,1,0.259747480240208
Chr21_357775114,21,357775114,0.834657452210333,0.45974025974026,1155,0.0539303358377973,0.0539660706865529,1,-0.112211848280253
Chr05_210699121,5,210699121,0.834658271211228,0.354112554112554,1155,0.0539303358377973,0.0539660703273472,1,-0.14527470241481
Chr14_192369990,14,192369990,0.834808021729947,0.426839826839827,1155,0.0539303358377973,0.0539660046796178,1,-0.145923379394276
Chr20_623165758,20,623165758,0.834850345063258,0.0510822510822511,1155,0.0539303358377973,0.0539659861373037,1,-0.249529627939296
Chr02_115918667,2,115918667,0.835029130536014,0.0255411255411255,1155,0.0539303358377973,0.0539659078649454,1,-0.408154564901068
Chr10_366363238,10,366363238,0.835098746066963,0.289177489177489,1155,0.0539303358377973,0.0539658774115143,1,0.184044168516607
Chr13_214506799,13,214506799,0.83521684160737,0.0995670995670996,1155,0.0539303358377973,0.0539658257815422,1,-0.236754472347343
Chr04_255125594,4,255125594,0.83539547315478,0.31038961038961,1155,0.0539303358377973,0.0539657477603411,1,-0.182398720173069
Chr16_320552182,16,320552182,0.835418364045071,0.272727272727273,1155,0.0539303358377973,0.0539657377687216,1,-0.214808567769467
Chr06_207080910,6,207080910,0.835487691367527,0.379220779220779,1155,0.0539303358377973,0.0539657075170895,1,-0.151659945877384
Chr19_370840453,19,370840453,0.835604956703952,0.351082251082251,1155,0.0539303358377973,0.0539656563779594,1,-0.189840294522128
Chr05_159791685,5,159791685,0.835697852832543,0.0476190476190476,1155,0.0539303358377973,0.0539656158935735,1,-0.310150827432679
Chr07_495745739,7,495745739,0.835805805075808,0.294372294372294,1155,0.0539303358377973,0.0539655688781097,1,-0.156956075893703
Chr20_356977829,20,356977829,0.835850083316161,0.0272727272727272,1155,0.0539303358377973,0.0539655496034659,1,-0.431256232411215
Chr01_442301682,1,442301682,0.83591936169987,0.174891774891775,1155,0.0539303358377973,0.0539655194571066,1,-0.214966503866265
Chr20_596855330,20,596855330,0.836032276716841,0.276190476190476,1155,0.0539303358377973,0.0539654703512074,1,-0.115787230411513
Chr21_111131351,21,111131351,0.836036228489666,0.0251082251082251,1155,0.0539303358377973,0.053965468633262,1,-0.427060516786653
Chr20_3235538,20,3235538,0.836399165782711,0.477489177489177,1155,0.0539303358377973,0.0539653110407481,1,-0.328341474070157
Chr11_29900839,11,29900839,0.836435372599853,0.494805194805195,1155,0.0539303358377973,0.0539652953394971,1,0.444273089628496
Chr17_283810555,17,283810555,0.836447981653844,0.253679653679654,1155,0.0539303358377973,0.0539652898723877,1,-0.124397844946444
Chr20_561887581,20,561887581,0.836813308248136,0.169264069264069,1155,0.0539303358377973,0.0539651316653909,1,-0.173597080947047
Chr14_426370322,14,426370322,0.83684592756613,0.0974025974025974,1155,0.0539303358377973,0.0539651175575799,1,-0.336653881726534
Chr07_174963917,7,174963917,0.836873273034111,0.032034632034632,1155,0.0539303358377973,0.0539651057330014,1,0.413516810728055
Chr02_60814334,2,60814334,0.836874963088266,0.0246753246753247,1155,0.0539303358377973,0.0539651050022665,1,-0.360994471959216
Chr04_127901819,4,127901819,0.836991584422063,0.029004329004329,1155,0.0539303358377973,0.0539650545975768,1,0.408442228093421
Chr18_819490,18,819490,0.837191854506771,0.325541125541126,1155,0.0539303358377973,0.053964968128133,1,-0.157387076532672
Chr06_79483083,6,79483083,0.837327800763441,0.0316017316017316,1155,0.0539303358377973,0.0539649094954417,1,-0.387913233384779
Chr14_518732166,14,518732166,0.837409401564188,0.351082251082251,1155,0.0539303358377973,0.0539648743264347,1,0.178518183737765
Chr03_77312587,3,77312587,0.837424657716036,0.498268398268398,1155,0.0539303358377973,0.0539648677532775,1,-0.114450550619239
Chr05_391948451,5,391948451,0.837446923677339,0.424242424242424,1155,0.0539303358377973,0.0539648581610983,1,-0.2028427102249
Chr12_203098219,12,203098219,0.837593543355071,0.297835497835498,1155,0.0539303358377973,0.0539647950319735,1,-0.171771340560383
Chr04_260997783,4,260997783,0.837617956298789,0.342424242424242,1155,0.0539303358377973,0.0539647845264927,1,0.167645270980131
Chr21_70265194,21,70265194,0.838245091665811,0.00995670995670996,1155,0.0539303358377973,0.0539645152269121,1,0.493583075269953
Chr18_365331873,18,365331873,0.838317051116637,0.111688311688312,1155,0.0539303358377973,0.0539644843970515,1,-0.222691243437481
Chr05_237722342,5,237722342,0.838353371560061,0.115584415584416,1155,0.0539303358377973,0.053964468841652,1,0.227543306114455
Chr17_201324519,17,201324519,0.838527834128799,0.346753246753247,1155,0.0539303358377973,0.0539643941738707,1,0.139085466660703
Chr02_185920409,2,185920409,0.838530818252739,0.0216450216450216,1155,0.0539303358377973,0.0539643928974448,1,-0.43306147259392
Chr13_114635531,13,114635531,0.838561775049961,0.0432900432900433,1155,0.0539303358377973,0.0539643796574778,1,0.253367883917051
Chr09_147855386,9,147855386,0.838624505128446,0.35974025974026,1155,0.0539303358377973,0.0539643528365658,1,-0.186482162512391
Chr19_780510104,19,780510104,0.838809704847076,0.0917748917748918,1155,0.0539303358377973,0.0539642737166794,1,0.232067084786877
Chr09_379292924,9,379292924,0.838865473114649,0.0497835497835498,1155,0.0539303358377973,0.0539642499104959,1,0.311316585613071
Chr13_300665420,13,300665420,0.83890748752702,0.0493506493506494,1155,0.0539303358377973,0.0539642319812602,1,-0.317694074334725
Chr14_173313234,14,173313234,0.838986141000272,0.433766233766234,1155,0.0539303358377973,0.0539641984299386,1,0.121673178740139
Chr10_361810530,10,361810530,0.839042354082293,0.0246753246753247,1155,0.0539303358377973,0.0539641744616496,1,-0.398498715071881
Chr14_363264317,14,363264317,0.839073317483867,0.2995670995671,1155,0.0539303358377973,0.0539641612631581,1,0.183239371998297
Chr04_169410785,4,169410785,0.83918721139946,0.0298701298701299,1155,0.0539303358377973,0.0539641127376963,1,0.411964968771713
Chr08_357414067,8,357414067,0.839572681585023,0.0770562770562771,1155,0.0539303358377973,0.0539639487739419,1,-0.234516278614748
Chr20_589688546,20,589688546,0.839614387228155,0.0683982683982684,1155,0.0539303358377973,0.053963931058909,1,0.250617026387928
Chr08_425766111,8,425766111,0.839616110700058,0.424242424242424,1155,0.0539303358377973,0.053963930326944,1,-0.1096502636818
Chr10_480593981,10,480593981,0.839749341855619,0.1,1155,0.0539303358377973,0.0539638737684318,1,-0.252761822512412
Chr06_501869210,6,501869210,0.839982956049818,0.210822510822511,1155,0.0539303358377973,0.0539637747156253,1,0.181023016802129
Chr17_282166050,17,282166050,0.840082794355153,0.0354978354978355,1155,0.0539303358377973,0.0539637324305227,1,-0.25230166143465
Chr06_71939854,6,71939854,0.840215693235028,0.0277056277056277,1155,0.0539303358377973,0.0539636761862774,1,0.402956990726878
Chr05_392031365,5,392031365,0.840386041627829,0.3995670995671,1155,0.0539303358377973,0.05396360416513,1,0.200996676025511
Chr20_592865676,20,592865676,0.840468542660933,0.080952380952381,1155,0.0539303358377973,0.0539635693138635,1,-0.225251030594563
Chr07_188052023,7,188052023,0.84053508632424,0.0316017316017316,1155,0.0539303358377973,0.0539635412173834,1,0.396004288146429
Chr12_106124441,12,106124441,0.840553488538859,0.401298701298701,1155,0.0539303358377973,0.0539635334496672,1,0.130488042878397
Chr06_155009352,6,155009352,0.840746697297682,0.00909090909090909,1155,0.0539303358377973,0.053963451951845,1,-0.502586916168639
Chr06_182170557,6,182170557,0.840753664289249,0.44025974025974,1155,0.0539303358377973,0.0539634490150296,1,-0.147701274420967
Chr15_375098179,15,375098179,0.840764781639271,0.0844155844155844,1155,0.0539303358377973,0.0539634443289817,1,-0.253264826788381
Chr15_387961489,15,387961489,0.840764781639271,0.0844155844155844,1155,0.0539303358377973,0.0539634443289817,1,-0.253264826788381
Chr03_393377295,3,393377295,0.840854503813791,0.0255411255411255,1155,0.0539303358377973,0.0539634065230299,1,0.426314624159261
Chr03_408703739,3,408703739,0.840923890047255,0.123376623376623,1155,0.0539303358377973,0.0539633773013736,1,0.214803453345098
Chr17_318579995,17,318579995,0.841055714003032,0.0913419913419913,1155,0.0539303358377973,0.0539633218214123,1,-0.206965478495519
Chr06_479151779,6,479151779,0.841280003120776,0.3,1155,0.0539303358377973,0.0539632275376258,1,0.178927370739359
Chr18_411901550,18,411901550,0.841299661700009,0.0718614718614719,1155,0.0539303358377973,0.0539632192804937,1,-0.232475118679972
Chr02_137504292,2,137504292,0.84148158029663,0.0285714285714286,1155,0.0539303358377973,0.0539631429209446,1,-0.385173053633636
Chr01_385889607,1,385889607,0.841517666654426,0.161904761904762,1155,0.0539303358377973,0.0539631277848263,1,-0.183690595934735
Chr02_327733971,2,327733971,0.841554326456807,0.025974025974026,1155,0.0539303358377973,0.053963112411896,1,0.403350765749224
Chr08_22271233,8,22271233,0.84157210163533,0.0987012987012987,1155,0.0539303358377973,0.0539631049594012,1,0.210336966323922
Chr13_332757446,13,332757446,0.841583880487236,0.0731601731601732,1155,0.0539303358377973,0.0539631000214323,1,-0.249163957872582
Chr17_286339062,17,286339062,0.84169877553097,0.16017316017316,1155,0.0539303358377973,0.0539630518750771,1,0.197484944908211
Chr20_564072370,20,564072370,0.842069646473242,0.245454545454545,1155,0.0539303358377973,0.0539628967141261,1,-0.149712234861113
Chr15_62212781,15,62212781,0.842101960766622,0.267965367965368,1155,0.0539303358377973,0.0539628832129859,1,-0.160031299994699
Chr17_95727010,17,95727010,0.842350849709583,0.313419913419913,1155,0.0539303358377973,0.0539627793229668,1,-0.139571033121911
Chr05_4896458,5,4896458,0.842432266934679,0.0567099567099567,1155,0.0539303358377973,0.0539627453756577,1,-0.287218479435182
Chr14_72731025,14,72731025,0.842448887379792,0.0974025974025974,1155,0.0539303358377973,0.0539627384479512,1,-0.217142783488754
Chr02_103008873,2,103008873,0.84256993495377,0.116450216450216,1155,0.0539303358377973,0.0539626880163322,1,-0.181838850539862
Chr16_326253154,16,326253154,0.842704298508124,0.468398268398268,1155,0.0539303358377973,0.053962632084729,1,-0.121608120882058
Chr20_41778193,20,41778193,0.842721747944112,0.0558441558441558,1155,0.0539303358377973,0.0539626248247327,1,-0.284038990911881
Chr05_327412287,5,327412287,0.842733280554517,0.0316017316017316,1155,0.0539303358377973,0.0539626200269504,1,-0.35609852244545
Chr14_470143792,14,470143792,0.842851555301248,0.255844155844156,1155,0.0539303358377973,0.0539625708438177,1,0.188168055763128
Chr15_350058492,15,350058492,0.843003285302543,0.0909090909090909,1155,0.0539303358377973,0.0539625078057832,1,0.217540311599038
Chr21_202851037,21,202851037,0.843050959843983,0.335064935064935,1155,0.0539303358377973,0.053962488012065,1,-0.220809783859352
Chr01_288116122,1,288116122,0.843169991470968,0.0982683982683983,1155,0.0539303358377973,0.0539624386196381,1,-0.214579158472162
Chr02_380402906,2,380402906,0.843277656424329,0.425974025974026,1155,0.0539303358377973,0.0539623939778264,1,0.141482696517016
Chr05_283664514,5,283664514,0.843593652896088,0.412987012987013,1155,0.0539303358377973,0.0539622631405328,1,-0.210684700496245
Chr15_475111425,15,475111425,0.84362409633024,0.0233766233766234,1155,0.0539303358377973,0.0539622505502105,1,0.39736933674024
Chr14_96075549,14,96075549,0.843743268876303,0.364502164502164,1155,0.0539303358377973,0.0539622012894887,1,0.144012028745095
Chr06_27073118,6,27073118,0.84387490463326,0.0532467532467532,1155,0.0539303358377973,0.0539621469229669,1,-0.275553344643455
Chr04_143354054,4,143354054,0.843915441560073,0.105194805194805,1155,0.0539303358377973,0.0539621301906312,1,0.209951044091156
Chr10_417935928,10,417935928,0.843930725484623,0.0307359307359307,1155,0.0539303358377973,0.0539621238831098,1,-0.395740621123878
Chr05_106517071,5,106517071,0.844047957986001,0.478787878787879,1155,0.0539303358377973,0.0539620755240368,1,0.148995638617123
Chr14_396095569,14,396095569,0.8440479990778,0.0844155844155844,1155,0.0539303358377973,0.0539620755070936,1,0.234421999988399
Chr15_438240887,15,438240887,0.84408574479849,0.315584415584416,1155,0.0539303358377973,0.0539620599449112,1,0.167782135437392
Chr01_491400956,1,491400956,0.844111978423121,0.0536796536796537,1155,0.0539303358377973,0.0539620491313858,1,0.277515489876293
Chr03_436332910,3,436332910,0.844178587804638,0.1,1155,0.0539303358377973,0.0539620216835373,1,-0.246876447292522
Chr06_506594448,6,506594448,0.844182610401003,0.0402597402597403,1155,0.0539303358377973,0.0539620200263348,1,-0.404255129894608
Chr07_124679170,7,124679170,0.844366777982661,0.1,1155,0.0539303358377973,0.0539619442023612,1,-0.213094650330959
Chr20_222654371,20,222654371,0.84447267670853,0.0545454545454545,1155,0.0539303358377973,0.053961900645323,1,0.285274852762001
Chr03_393373881,3,393373881,0.844479336358271,0.401731601731602,1155,0.0539303358377973,0.0539618979071957,1,0.249109296790266
Chr06_54713555,6,54713555,0.8445689316198,0.448484848484848,1155,0.0539303358377973,0.0539618610819229,1,-0.124001504788225
Chr06_501819497,6,501819497,0.844578470662812,0.0246753246753247,1155,0.0539303358377973,0.0539618571625201,1,-0.365856968436589
Chr04_192975214,4,192975214,0.844614390642185,0.0532467532467532,1155,0.0539303358377973,0.0539618424059821,1,-0.285790570722028
Chr07_461437953,7,461437953,0.844659434384636,0.28961038961039,1155,0.0539303358377973,0.0539618239063153,1,0.183073131477443
Chr14_273231117,14,273231117,0.844939087972812,0.340692640692641,1155,0.0539303358377973,0.0539617091775741,1,0.167504872205598
Chr10_408735193,10,408735193,0.844968620092026,0.0709956709956709,1155,0.0539303358377973,0.053961697074622,1,0.236620777121061
Chr05_70266445,5,70266445,0.844987404109255,0.490909090909091,1155,0.0539303358377973,0.0539616893777576,1,0.380303841510795
Chr03_109189119,3,109189119,0.845060679769862,0.122943722943723,1155,0.0539303358377973,0.0539616593619796,1,0.205686178303694
Chr07_180013608,7,180013608,0.84519696494497,0.0229437229437229,1155,0.0539303358377973,0.0539616035754185,1,0.398750068055051
Chr07_517986320,7,517986320,0.845452226257234,0.300865800865801,1155,0.0539303358377973,0.053961499226401,1,0.122810566899005
Chr18_85445895,18,85445895,0.845562166402085,0.404329004329004,1155,0.0539303358377973,0.0539614543394267,1,-0.180252841785716
Chr05_392034579,5,392034579,0.845756958359578,0.0164502164502165,1155,0.0539303358377973,0.0539613748911342,1,0.396851173497055
Chr10_456970167,10,456970167,0.846017428019736,0.0212121212121212,1155,0.0539303358377973,0.0539612688200651,1,0.395272008402827
Chr09_338927869,9,338927869,0.846035662383656,0.0497835497835498,1155,0.0539303358377973,0.0539612614015405,1,-0.287916097160959
Chr06_518652932,6,518652932,0.846147026980049,0.0268398268398268,1155,0.0539303358377973,0.0539612161136674,1,0.37917809495687
Chr14_450632199,14,450632199,0.846373527535047,0.119047619047619,1155,0.0539303358377973,0.0539611241104803,1,0.178903182997573
Chr19_798902513,19,798902513,0.846445351197709,0.284415584415584,1155,0.0539303358377973,0.0539610949658752,1,-0.143191574767343
Chr03_5397181,3,5397181,0.846580767672184,0.26969696969697,1155,0.0539303358377973,0.0539610400555209,1,0.159861958646587
Chr13_238024699,13,238024699,0.84676622517342,0.123376623376623,1155,0.0539303358377973,0.053960964936494,1,0.200271302292549
Chr20_460127002,20,460127002,0.846835176948225,0.0229437229437229,1155,0.0539303358377973,0.053960937032113,1,-0.381656616862472
Chr14_470562134,14,470562134,0.846894709347569,0.0264069264069264,1155,0.0539303358377973,0.0539609129503122,1,0.376522420123365
Chr11_161625975,11,161625975,0.847467574582698,0.180519480519481,1155,0.0539303358377973,0.0539606817196994,1,-0.180686362010221
Chr20_407924202,20,407924202,0.847556560082229,0.0523809523809524,1155,0.0539303358377973,0.053960645883374,1,-0.291975356924041
Chr17_108663841,17,108663841,0.847649045759651,0.189177489177489,1155,0.0539303358377973,0.0539606086607197,1,-0.177112923853116
Chr02_355548578,2,355548578,0.847677488793737,0.423809523809524,1155,0.0539303358377973,0.0539605972180374,1,-0.101290932451349
Chr20_520189527,20,520189527,0.847732976171486,0.301298701298701,1155,0.0539303358377973,0.0539605749018233,1,0.157530693476787
Chr04_20643372,4,20643372,0.84783450912134,0.0277056277056277,1155,0.0539303358377973,0.0539605340888517,1,0.383020257824356
Chr11_78306217,11,78306217,0.847950062612196,0.245454545454545,1155,0.0539303358377973,0.0539604876748407,1,0.161675142865988
Chr19_6705450,19,6705450,0.847989160217181,0.105627705627706,1155,0.0539303358377973,0.0539604719790074,1,0.165620105112907
Chr19_705268003,19,705268003,0.848028935081148,0.395238095238095,1155,0.0539303358377973,0.0539604560156338,1,-0.167551683374427
Chr15_589080252,15,589080252,0.848127455134746,0.219047619047619,1155,0.0539303358377973,0.0539604164941543,1,0.157873990827824
Chr07_350585028,7,350585028,0.848346239330357,0.396536796536797,1155,0.0539303358377973,0.0539603288247043,1,0.14531271684217
Chr21_12838117,21,12838117,0.848453279528926,0.0264069264069264,1155,0.0539303358377973,0.0539602859807315,1,0.3832038394726
Chr13_66339916,13,66339916,0.84851313888137,0.22987012987013,1155,0.0539303358377973,0.0539602620352313,1,0.1474908104924
Chr14_189093652,14,189093652,0.849006389484963,0.0506493506493507,1155,0.0539303358377973,0.0539600650983112,1,0.519609265224972
Chr15_126178751,15,126178751,0.849006389484963,0.0506493506493507,1155,0.0539303358377973,0.0539600650983112,1,0.519609265224972
Chr20_670491637,20,670491637,0.849010031739656,0.356709956709957,1155,0.0539303358377973,0.0539600636465954,1,0.148659940349802
Chr04_138523374,4,138523374,0.84952451420938,0.266233766233766,1155,0.0539303358377973,0.0539598589555218,1,-0.167296045537455
Chr21_435267389,21,435267389,0.850214510343849,0.472294372294372,1155,0.0539303358377973,0.0539595855848464,1,0.25274132281902
Chr01_470991166,1,470991166,0.850245438164937,0.321212121212121,1155,0.0539303358377973,0.053959573362341,1,0.116923984039744
Chr19_371159221,19,371159221,0.850310805377673,0.0303030303030303,1155,0.0539303358377973,0.0539595475382834,1,0.304534276852095
Chr21_356273500,21,356273500,0.85036134458834,0.051948051948052,1155,0.0539303358377973,0.0539595275802968,1,0.274400967422309
Chr06_439858246,6,439858246,0.850459702698258,0.336796536796537,1155,0.0539303358377973,0.0539594887588211,1,-0.136966957053602
Chr21_352399690,21,352399690,0.850577156930036,0.0567099567099567,1155,0.0539303358377973,0.0539594424352466,1,0.252472170484452
Chr01_23914601,1,23914601,0.850579915465425,0.405627705627706,1155,0.0539303358377973,0.0539594413477458,1,0.106275607970787
Chr21_115148642,21,115148642,0.850661385838154,0.257142857142857,1155,0.0539303358377973,0.0539594092391164,1,0.136690449951516
Chr14_168909029,14,168909029,0.850670385795366,0.403896103896104,1155,0.0539303358377973,0.053959405693228,1,-0.196444401517738
Chr14_114852552,14,114852552,0.850683859517724,0.411688311688312,1155,0.0539303358377973,0.053959400385148,1,0.140705350910906
Chr20_556979369,20,556979369,0.850744550781176,0.0281385281385281,1155,0.0539303358377973,0.0539593764815541,1,-0.37143021253479
Chr06_365996479,6,365996479,0.850769603441436,0.294372294372294,1155,0.0539303358377973,0.0539593666173925,1,-0.151711323613426
Chr03_144403311,3,144403311,0.850921719266913,0.375757575757576,1155,0.0539303358377973,0.0539593067609992,1,0.145002329019036
Chr06_78749090,6,78749090,0.851147788837536,0.0281385281385281,1155,0.0539303358377973,0.0539592179225293,1,-0.37065196714768
Chr08_101711957,8,101711957,0.85131434798164,0.174891774891775,1155,0.0539303358377973,0.053959152560201,1,-0.168950641258675
Chr06_280128465,6,280128465,0.851647764468162,0.335930735930736,1155,0.0539303358377973,0.0539590219487933,1,0.140213198380138
Chr15_21071334,15,21071334,0.851655502468748,0.0532467532467532,1155,0.0539303358377973,0.0539590189211813,1,-0.269958506752644
Chr04_256434035,4,256434035,0.851677300069967,0.149350649350649,1155,0.0539303358377973,0.0539590103934252,1,-0.186936243678929
Chr17_63891715,17,63891715,0.851865064038395,0.335497835497836,1155,0.0539303358377973,0.0539589369898865,1,-0.154676053138417
Chr18_130780339,18,130780339,0.851954705103207,0.0303030303030303,1155,0.0539303358377973,0.0539589019803752,1,-0.364103360609988
Chr12_147552303,12,147552303,0.851975134104806,0.176623376623377,1155,0.0539303358377973,0.0539588940048881,1,0.179157064228917
Chr06_394909196,6,394909196,0.852201776860154,0.0268398268398268,1155,0.0539303358377973,0.053958805600816,1,0.379958806663794
Chr21_436293427,21,436293427,0.852432245401693,0.354978354978355,1155,0.0539303358377973,0.05395871584987,1,-0.159148216811445
Chr20_9638161,20,9638161,0.852660202188945,0.0722943722943723,1155,0.0539303358377973,0.0539586272212796,1,-0.223784052555899
Chr02_324230378,2,324230378,0.853113884811011,0.0251082251082251,1155,0.0539303358377973,0.0539584512581065,1,-0.375375051948652
Chr07_441284933,7,441284933,0.853272606656077,0.0329004329004329,1155,0.0539303358377973,0.0539583898310725,1,0.348219796583635
Chr13_101895550,13,101895550,0.853304992152408,0.47965367965368,1155,0.0539303358377973,0.0539583773060772,1,0.281097746382102
Chr09_95651864,9,95651864,0.853384555934079,0.121645021645022,1155,0.0539303358377973,0.0539583465472995,1,-0.176985029322466
Chr10_450917805,10,450917805,0.853419106031395,0.0177489177489177,1155,0.0539303358377973,0.0539583331959177,1,-0.356789408146597
Chr15_436631822,15,436631822,0.853441717587319,0.490476190476191,1155,0.0539303358377973,0.0539583244597966,1,-0.120321896635403
Chr17_208409452,17,208409452,0.853558429739802,0.0558441558441558,1155,0.0539303358377973,0.0539582793897084,1,0.270271092842194
Chr01_390158453,1,390158453,0.853611658875107,0.0281385281385281,1155,0.0539303358377973,0.0539582588469759,1,0.339170849787024
Chr04_181614525,4,181614525,0.853660274039712,0.0952380952380952,1155,0.0539303358377973,0.0539582400917399,1,0.176350698650026
Chr04_17079169,4,17079169,0.853758073717442,0.0298701298701299,1155,0.0539303358377973,0.0539582023813541,1,-0.264772803808995
Chr01_377951672,1,377951672,0.853906912748086,0.0281385281385281,1155,0.0539303358377973,0.053958145041402,1,-0.356179543979252
Chr02_279610184,2,279610184,0.854104305393134,0.421645021645022,1155,0.0539303358377973,0.053958069090443,1,0.110113216970461
Chr08_333988494,8,333988494,0.854354560960148,0.038961038961039,1155,0.0539303358377973,0.0539579729537146,1,-0.236583362242243
Chr09_100274390,9,100274390,0.854435349462092,0.051948051948052,1155,0.0539303358377973,0.0539579419553127,1,-0.264228941066719
Chr20_338233537,20,338233537,0.854686945682601,0.0844155844155844,1155,0.0539303358377973,0.0539578455334839,1,0.203849549099473
Chr12_404623088,12,404623088,0.854810495794194,0.447186147186147,1155,0.0539303358377973,0.0539577982479208,1,-0.213699699754102
Chr20_523801411,20,523801411,0.855263330817735,0.311255411255411,1155,0.0539303358377973,0.0539576252965541,1,0.135424598823533
Chr20_33013526,20,33013526,0.855387326255004,0.203896103896104,1155,0.0539303358377973,0.053957578037402,1,0.147005500120571
Chr14_304155077,14,304155077,0.855415614603137,0.0502164502164502,1155,0.0539303358377973,0.0539575672616168,1,-0.464353533922122
Chr15_118317427,15,118317427,0.855437777982724,0.161904761904762,1155,0.0539303358377973,0.0539575588205348,1,-0.205735391135249
Chr20_136343477,20,136343477,0.855444264630798,0.303896103896104,1155,0.0539303358377973,0.0539575563503037,1,-0.142769170704753
Chr04_258526203,4,258526203,0.855577959939593,0.406493506493507,1155,0.0539303358377973,0.0539575054625451,1,-0.181521022088134
Chr07_150128108,7,150128108,0.855679971473123,0.208225108225108,1155,0.0539303358377973,0.0539574666675038,1,0.128315298471534
Chr11_238097236,11,238097236,0.855753539318514,0.286580086580087,1155,0.0539303358377973,0.0539574387073835,1,0.150186918351778
Chr04_103000439,4,103000439,0.855774555147798,0.0251082251082251,1155,0.0539303358377973,0.0539574307228641,1,0.372078764732706
Chr06_221698060,6,221698060,0.856139383971177,0.029004329004329,1155,0.0539303358377973,0.0539572923075012,1,0.362866176319073
Chr07_356567132,7,356567132,0.856171266420339,0.104329004329004,1155,0.0539303358377973,0.053957280228757,1,-0.153033372430357
Chr08_317410378,8,317410378,0.856225383698577,0.0164502164502165,1155,0.0539303358377973,0.0539572597326921,1,0.406300837006711
Chr06_3499044,6,3499044,0.856410936258748,0.0294372294372294,1155,0.0539303358377973,0.0539571895187417,1,-0.365653161939576
Chr01_422495604,1,422495604,0.856478253506693,0.201298701298701,1155,0.0539303358377973,0.0539571640689893,1,0.106374574237009
Chr21_387624414,21,387624414,0.856711747356556,0.485714285714286,1155,0.0539303358377973,0.0539570758915745,1,-0.113468222927963
Chr17_113893737,17,113893737,0.856831175526055,0.0844155844155844,1155,0.0539303358377973,0.0539570308482511,1,0.168416891395381
Chr21_82473253,21,82473253,0.857001585328424,0.368831168831169,1155,0.0539303358377973,0.0539569666446613,1,-0.155433768618423
Chr20_387165899,20,387165899,0.857145380493606,0.0298701298701298,1155,0.0539303358377973,0.0539569125304866,1,-0.347069198248846
Chr19_105271128,19,105271128,0.857497626339923,0.282251082251082,1155,0.0539303358377973,0.0539567802105108,1,-0.143991832288691
Chr10_239041449,10,239041449,0.857567186327324,0.364502164502164,1155,0.0539303358377973,0.0539567541208368,1,-0.157640306511155
Chr17_17801751,17,17801751,0.857580406710198,0.025974025974026,1155,0.0539303358377973,0.0539567491638072,1,0.358419773898461
Chr20_2782377,20,2782377,0.857605669447577,0.245887445887446,1155,0.0539303358377973,0.0539567396927884,1,-0.145136146642244
Chr19_507375345,19,507375345,0.857663195294664,0.0774891774891775,1155,0.0539303358377973,0.053956718132851,1,0.300507284965533
Chr06_421465101,6,421465101,0.857856626426442,0.0571428571428571,1155,0.0539303358377973,0.0539566457040404,1,-0.229958021551624
Chr13_298991116,13,298991116,0.857872546917875,0.0502164502164502,1155,0.0539303358377973,0.0539566397473122,1,-0.275644296618395
Chr07_48992957,7,48992957,0.857905062480977,0.0277056277056277,1155,0.0539303358377973,0.0539566275836187,1,-0.358759145083212
Chr10_331859326,10,331859326,0.857999574864874,0.0246753246753247,1155,0.0539303358377973,0.0539565922441192,1,0.372689337835808
Chr19_165924679,19,165924679,0.858142094729614,0.0316017316017316,1155,0.0539303358377973,0.0539565390003315,1,-0.358844647849764
Chr18_12537194,18,12537194,0.858170410435067,0.236796536796537,1155,0.0539303358377973,0.053956528428549,1,-0.137808604624979
Chr11_233279335,11,233279335,0.858175658841705,0.0965367965367965,1155,0.0539303358377973,0.0539565264692761,1,-0.226481561757907
Chr21_306414783,21,306414783,0.858380138242882,0.314285714285714,1155,0.0539303358377973,0.0539564501943588,1,0.14761590199987
Chr16_312977456,16,312977456,0.858492291618044,0.42034632034632,1155,0.0539303358377973,0.0539564084076412,1,-0.180026053362667
Chr17_210161148,17,210161148,0.858538305411907,0.0562770562770563,1155,0.0539303358377973,0.0539563912735562,1,0.26507505906855
Chr01_418604813,1,418604813,0.858638008336013,0.0757575757575758,1155,0.0539303358377973,0.0539563541672736,1,-0.216815630942392
Chr06_347453670,6,347453670,0.858657228730791,0.0238095238095238,1155,0.0539303358377973,0.0539563470171858,1,-0.362107122458113
Chr13_58681328,13,58681328,0.858950456464379,0.146753246753247,1155,0.0539303358377973,0.0539562380606236,1,-0.120201890240324
Chr04_262318235,4,262318235,0.859077120650143,0.0506493506493507,1155,0.0539303358377973,0.0539561910681404,1,0.264237582526206
Chr10_182004436,10,182004436,0.859111325612029,0.383116883116883,1155,0.0539303358377973,0.0539561783856268,1,0.170417586094743
Chr09_364722797,9,364722797,0.859205724163823,0.0502164502164502,1155,0.0539303358377973,0.0539561434011898,1,0.269767718310362
Chr08_310627271,8,310627271,0.859684604297664,0.475757575757576,1155,0.0539303358377973,0.0539559663029866,1,0.114443516364332
Chr02_383079112,2,383079112,0.859697984415676,0.495238095238095,1155,0.0539303358377973,0.0539559613638154,1,0.309521102948111
Chr01_56593373,1,56593373,0.859776384222243,0.029004329004329,1155,0.0539303358377973,0.0539559324329814,1,0.348393807911833
Chr14_414757540,14,414757540,0.85978972625888,0.0251082251082251,1155,0.0539303358377973,0.0539559275112256,1,0.35278720032602
Chr08_254842094,8,254842094,0.859887034828526,0.0567099567099567,1155,0.0539303358377973,0.0539558916297382,1,0.255704487108687
Chr13_34782548,13,34782548,0.859936842424553,0.344155844155844,1155,0.0539303358377973,0.0539558732737671,1,0.157589465469698
Chr18_10395698,18,10395698,0.859981458897065,0.474025974025974,1155,0.0539303358377973,0.0539558568366933,1,-0.0904709576373079
Chr14_72733616,14,72733616,0.860076068993499,0.0991341991341991,1155,0.0539303358377973,0.0539558219996128,1,-0.192314410665233
Chr16_59116794,16,59116794,0.860161303154755,0.178787878787879,1155,0.0539303358377973,0.0539557906359206,1,0.141656459935575
Chr16_317104001,16,317104001,0.860189830729515,0.102164502164502,1155,0.0539303358377973,0.0539557801430488,1,0.179662230173889
Chr13_42319049,13,42319049,0.860391991557395,0.40995670995671,1155,0.0539303358377973,0.0539557058491598,1,-0.100924828721475
Chr21_432251070,21,432251070,0.860411283934091,0.0567099567099567,1155,0.0539303358377973,0.0539556987650849,1,0.2570612816113
Chr02_120531685,2,120531685,0.860617347907233,0.0748917748917749,1155,0.0539303358377973,0.0539556231629318,1,-0.197403251054709
Chr17_15252434,17,15252434,0.860780987993772,0.392640692640693,1155,0.0539303358377973,0.0539555632084101,1,-0.214706386654484
Chr18_560536334,18,560536334,0.861047156342066,0.0445887445887446,1155,0.0539303358377973,0.0539554658462138,1,-0.265623575917189
Chr20_97672652,20,97672652,0.861264560841375,0.0441558441558442,1155,0.0539303358377973,0.0539553864653834,1,-0.259008112660723
Chr11_31345135,11,31345135,0.861362778077431,0.394372294372294,1155,0.0539303358377973,0.0539553506457978,1,-0.115984380781299
Chr20_612834769,20,612834769,0.861404323920204,0.204761904761905,1155,0.0539303358377973,0.0539553355020754,1,-0.1760973231398
Chr10_37112694,10,37112694,0.861638488043162,0.025974025974026,1155,0.0539303358377973,0.0539552502361547,1,-0.343855509568087
Chr07_173555622,7,173555622,0.8616794997508,0.0324675324675325,1155,0.0539303358377973,0.0539552353180521,1,0.339610027551714
Chr20_500166212,20,500166212,0.862162700099906,0.158008658008658,1155,0.0539303358377973,0.0539550598994075,1,-0.132964145399569
Chr06_487707179,6,487707179,0.862189891538625,0.309090909090909,1155,0.0539303358377973,0.0539550500469489,1,0.132986465931651
Chr20_294398784,20,294398784,0.862598346643042,0.356277056277056,1155,0.0539303358377973,0.0539549022920187,1,0.129010191953398
Chr09_124795120,9,124795120,0.862710431479841,0.0805194805194805,1155,0.0539303358377973,0.0539548618261317,1,0.202449458023864
Chr17_15252542,17,15252542,0.862831607714782,0.337229437229437,1155,0.0539303358377973,0.0539548181166284,1,-0.142849504592391
Chr09_301812218,9,301812218,0.862927014950939,0.0727272727272728,1155,0.0539303358377973,0.0539547837305144,1,0.229996848126348
Chr16_360479889,16,360479889,0.863005962210916,0.183549783549784,1155,0.0539303358377973,0.0539547552956264,1,-0.149609379165668
Chr08_359062800,8,359062800,0.863096643577621,0.0246753246753247,1155,0.0539303358377973,0.0539547226554227,1,-0.339978692701834
Chr15_524704444,15,524704444,0.86325731001441,0.0943722943722944,1155,0.0539303358377973,0.0539546648797112,1,-0.176725393895609
Chr02_221407154,2,221407154,0.863412159922179,0.299134199134199,1155,0.0539303358377973,0.0539546092623981,1,0.131599998357046
Chr15_20741318,15,20741318,0.863419215655812,0.0904761904761905,1155,0.0539303358377973,0.0539546067297545,1,-0.196666815717663
Chr08_324433080,8,324433080,0.86345908069766,0.0216450216450216,1155,0.0539303358377973,0.0539545924228388,1,-0.351199797906347
Chr09_104394321,9,104394321,0.863873328681821,0.0363636363636364,1155,0.0539303358377973,0.0539544440129336,1,0.225655038615287
Chr19_94456084,19,94456084,0.863922685355891,0.0489177489177489,1155,0.0539303358377973,0.0539544263614996,1,-0.247229995643579
Chr13_8957396,13,8957396,0.863996029149692,0.0930735930735931,1155,0.0539303358377973,0.0539544001438413,1,-0.185199306501602
Chr21_144619480,21,144619480,0.864249639171271,0.0246753246753247,1155,0.0539303358377973,0.0539543096009906,1,0.33968585325016
Chr07_253118651,7,253118651,0.864274464782603,0.442857142857143,1155,0.0539303358377973,0.0539543007472859,1,-0.138412229082803
Chr02_333426473,2,333426473,0.864275972261714,0.404329004329004,1155,0.0539303358377973,0.0539543002097201,1,0.116239324882486
Chr13_283485572,13,283485572,0.864437248533477,0.481818181818182,1155,0.0539303358377973,0.053954242734462,1,-0.309056221417904
Chr21_116184480,21,116184480,0.864536636294693,0.0285714285714286,1155,0.0539303358377973,0.0539542073502521,1,-0.343888114128958
Chr14_8946130,14,8946130,0.8645922309455,0.0471861471861472,1155,0.0539303358377973,0.0539541875691095,1,-0.251268973177986
Chr10_480945863,10,480945863,0.864716894338759,0.0562770562770563,1155,0.0539303358377973,0.0539541432432717,1,-0.229531303876684
Chr07_91555077,7,91555077,0.864717309012188,0.0696969696969697,1155,0.0539303358377973,0.0539541430958987,1,-0.276026641684837
Chr17_275746783,17,275746783,0.86472639871302,0.0303030303030303,1155,0.0539303358377973,0.0539541398655985,1,-0.265685089714808
Chr08_395699171,8,395699171,0.86478907104925,0.0614718614718615,1155,0.0539303358377973,0.0539541175992125,1,0.199313285173943
Chr07_516160398,7,516160398,0.864839989468106,0.300865800865801,1155,0.0539303358377973,0.0539540995166802,1,0.144473531658207
Chr15_443913399,15,443913399,0.865048617260412,0.128571428571429,1155,0.0539303358377973,0.0539540255011086,1,0.164711546582964
Chr01_370380361,1,370380361,0.865117057936167,0.346753246753247,1155,0.0539303358377973,0.0539540012460564,1,0.120778659802852
Chr07_446801171,7,446801171,0.865172300195956,0.0571428571428571,1155,0.0539303358377973,0.0539539816777865,1,0.238367727653298
Chr01_431907093,1,431907093,0.86524750339832,0.0493506493506494,1155,0.0539303358377973,0.053953955052205,1,0.23922867232811
Chr19_139668791,19,139668791,0.865487988200037,0.115584415584416,1155,0.0539303358377973,0.0539538700124834,1,0.176899100033751
Chr14_328262675,14,328262675,0.865508653204808,0.0463203463203463,1155,0.0539303358377973,0.0539538627123307,1,-0.247730925159317
Chr20_352134726,20,352134726,0.865611631118565,0.212987012987013,1155,0.0539303358377973,0.0539538263515484,1,-0.197968069471358
Chr03_342029897,3,342029897,0.865931058070225,0.0835497835497836,1155,0.0539303358377973,0.0539537137481353,1,-0.203404145752557
Chr13_233751491,13,233751491,0.865999162944631,0.0792207792207792,1155,0.0539303358377973,0.0539536897760018,1,-0.204971248150969
Chr20_38798831,20,38798831,0.866110259139924,0.494372294372294,1155,0.0539303358377973,0.0539536506985596,1,0.467709834353627
Chr15_315531585,15,315531585,0.866115568699499,0.177922077922078,1155,0.0539303358377973,0.0539536488317953,1,0.139174547769045
Chr20_84386318,20,84386318,0.866284385324572,0.0277056277056277,1155,0.0539303358377973,0.0539535895183874,1,-0.300289488951009
Chr19_568683574,19,568683574,0.866444277300321,0.451948051948052,1155,0.0539303358377973,0.0539535334122752,1,-0.0884508425574779
Chr20_397740539,20,397740539,0.866479265339699,0.0281385281385281,1155,0.0539303358377973,0.0539535211442597,1,-0.344592539096993
Chr08_28415642,8,28415642,0.866784806356273,0.397835497835498,1155,0.0539303358377973,0.0539534141528256,1,-0.1059509389749
Chr01_382556750,1,382556750,0.867062011273025,0.317316017316017,1155,0.0539303358377973,0.0539533173039526,1,-0.132795307106392
Chr21_320597167,21,320597167,0.867178355909693,0.0116883116883117,1155,0.0539303358377973,0.0539532767182477,1,-0.379892725352661
Chr08_242547833,8,242547833,0.867361227119924,0.412121212121212,1155,0.0539303358377973,0.0539532129999105,1,-0.113622766875466
Chr09_383044317,9,383044317,0.867562143644449,0.0757575757575758,1155,0.0539303358377973,0.0539531430990033,1,-0.198482729643374
Chr19_785358623,19,785358623,0.867706437795783,0.0242424242424242,1155,0.0539303358377973,0.0539530929654231,1,0.33739621846432
Chr06_1455552,6,1455552,0.867767278944593,0.0995670995670996,1155,0.0539303358377973,0.0539530718437558,1,-0.180684484380038
Chr14_18644693,14,18644693,0.867785959755713,0.291341991341991,1155,0.0539303358377973,0.0539530653605327,1,-0.0963210472705782
Chr10_473121160,10,473121160,0.867794204430053,0.0337662337662338,1155,0.0539303358377973,0.0539530624995006,1,-0.269431002059719
Chr13_44179482,13,44179482,0.867803309587979,0.262337662337662,1155,0.0539303358377973,0.0539530593400809,1,0.14386879262517
Chr07_52217010,7,52217010,0.867907136510695,0.070995670995671,1155,0.0539303358377973,0.0539530233288936,1,0.205046959509261
Chr02_127323607,2,127323607,0.868313874017021,0.00692640692640693,1155,0.0539303358377973,0.0539528825392724,1,-0.477606267185536
Chr15_517189433,15,517189433,0.868524449970404,0.474025974025974,1155,0.0539303358377973,0.0539528098266318,1,-0.219073993265056
Chr20_135282475,20,135282475,0.868637664215867,0.245454545454545,1155,0.0539303358377973,0.0539527707832111,1,-0.124363726373161
Chr10_44607125,10,44607125,0.869034757114974,0.0502164502164502,1155,0.0539303358377973,0.0539526341161595,1,0.224680543401178
Chr21_20854596,21,20854596,0.869120921086807,0.0367965367965368,1155,0.0539303358377973,0.0539526045178244,1,-0.25683260265852
Chr20_616809084,20,616809084,0.869242703943072,0.118614718614719,1155,0.0539303358377973,0.0539525627184215,1,0.131000887530774
Chr21_88029162,21,88029162,0.869778784718884,0.0242424242424242,1155,0.0539303358377973,0.0539523791994403,1,0.334277496491794
Chr12_141840955,12,141840955,0.869834323423962,0.172727272727273,1155,0.0539303358377973,0.0539523602312831,1,0.176009188504167
Chr20_428311852,20,428311852,0.86991620701211,0.0151515151515152,1155,0.0539303358377973,0.053952332280841,1,0.330764482330963
Chr13_8676595,13,8676595,0.869930989531982,0.365367965367965,1155,0.0539303358377973,0.0539523272368637,1,-0.138110729634832
Chr13_311796710,13,311796710,0.870069988989693,0.484848484848485,1155,0.0539303358377973,0.0539522798375901,1,0.298156706573081
Chr06_52435107,6,52435107,0.870258675616207,0.0316017316017316,1155,0.0539303358377973,0.0539522155788327,1,0.322285709816924
Chr06_508163145,6,508163145,0.870269606785224,0.0303030303030303,1155,0.0539303358377973,0.053952211859098,1,-0.320080424515339
Chr09_306465765,9,306465765,0.870273640025481,0.128138528138528,1155,0.0539303358377973,0.0539522104867232,1,0.171009124478303
Chr06_389013372,6,389013372,0.870291649190305,0.0930735930735931,1155,0.0539303358377973,0.0539522043593467,1,0.173819641736372
Chr08_36184837,8,36184837,0.870447222159942,0.0783549783549784,1155,0.0539303358377973,0.0539521514644138,1,0.199197956913849
Chr17_112644727,17,112644727,0.870532726033148,0.3995670995671,1155,0.0539303358377973,0.0539521224210282,1,0.0875618791730801
Chr16_341236327,16,341236327,0.870569440232431,0.0216450216450216,1155,0.0539303358377973,0.0539521099562885,1,-0.33697530437324
Chr19_194522911,19,194522911,0.870601343763111,0.397835497835498,1155,0.0539303358377973,0.0539520991277816,1,-0.133001286281797
Chr02_110430521,2,110430521,0.870601883485674,0.0913419913419913,1155,0.0539303358377973,0.0539520989446145,1,-0.212546419185884
Chr14_293325032,14,293325032,0.870707939137832,0.41991341991342,1155,0.0539303358377973,0.0539520629678555,1,-0.115536334841721
Chr06_484526135,6,484526135,0.870712622738947,0.0515151515151515,1155,0.0539303358377973,0.0539520613797632,1,-0.403223774842729
Chr06_25320837,6,25320837,0.870783374075085,0.122510822510823,1155,0.0539303358377973,0.0539520373970124,1,0.149382144279045
Chr04_264968105,4,264968105,0.871115784318574,0.0151515151515152,1155,0.0539303358377973,0.0539519249010698,1,-0.316592332140957
Chr08_218436266,8,218436266,0.871272554339074,0.39004329004329,1155,0.0539303358377973,0.0539518719502913,1,0.104294942966135
Chr11_193858632,11,193858632,0.871315681849971,0.0445887445887446,1155,0.0539303358377973,0.0539518573952068,1,-0.234094393229768
Chr05_417814020,5,417814020,0.871581800737275,0.3,1155,0.0539303358377973,0.0539517676945717,1,-0.125605253869594
Chr06_497310766,6,497310766,0.872467620713551,0.0398268398268398,1155,0.0539303358377973,0.0539514704959732,1,0.329385581615725
Chr21_138855717,21,138855717,0.872474433419331,0.387878787878788,1155,0.0539303358377973,0.0539514682185124,1,0.152344186399432
Chr16_329334873,16,329334873,0.87247906135116,0.441125541125541,1155,0.0539303358377973,0.0539514666714841,1,-0.0912856964078799
Chr18_20045467,18,20045467,0.872492280923628,0.0558441558441558,1155,0.0539303358377973,0.05395146225276,1,0.218600812903304
Chr21_127112521,21,127112521,0.872502963842181,0.0216450216450216,1155,0.0539303358377973,0.0539514586822732,1,-0.318324486673831
Chr14_379088000,14,379088000,0.872510263428908,0.0766233766233766,1155,0.0539303358377973,0.0539514562427558,1,0.185843547604478
Chr11_11700212,11,11700212,0.872897446781765,0.0216450216450216,1155,0.0539303358377973,0.0539513270533888,1,-0.325502803662076
Chr07_494235762,7,494235762,0.87297781736055,0.4995670995671,1155,0.0539303358377973,0.0539513002875196,1,1.82406219327822
Chr17_15252312,17,15252312,0.87308769474813,0.0826839826839827,1155,0.0539303358377973,0.0539512637233145,1,0.175965392732436
Chr20_279403749,20,279403749,0.873146306671838,0.335930735930736,1155,0.0539303358377973,0.0539512442322462,1,0.128273662783755
Chr12_137591508,12,137591508,0.873154086499581,0.243722943722944,1155,0.0539303358377973,0.0539512416458091,1,0.113174991755869
Chr07_39013081,7,39013081,0.873209600446478,0.463203463203463,1155,0.0539303358377973,0.0539512231947133,1,-0.0880625373954445
Chr01_150824202,1,150824202,0.873320470026434,0.119047619047619,1155,0.0539303358377973,0.0539511863701425,1,-0.16975346444147
Chr20_607530459,20,607530459,0.873360127307108,0.0463203463203463,1155,0.0539303358377973,0.0539511732063369,1,-0.244735088118517
Chr07_281321466,7,281321466,0.87339900448558,0.0904761904761905,1155,0.0539303358377973,0.0539511603056174,1,0.147502579912597
Chr20_132364920,20,132364920,0.873595121587437,0.31038961038961,1155,0.0539303358377973,0.0539510952899931,1,0.122045135646118
Chr02_327228424,2,327228424,0.873795561310445,0.0484848484848485,1155,0.0539303358377973,0.0539510289490511,1,0.233197663254174
Chr07_495745809,7,495745809,0.873809901036483,0.323809523809524,1155,0.0539303358377973,0.0539510242071042,1,0.133844977384769
Chr07_516523597,7,516523597,0.874340490117054,0.0116883116883117,1155,0.0539303358377973,0.0539508491403197,1,-0.352167186350357
Chr03_403099777,3,403099777,0.874551631291764,0.422943722943723,1155,0.0539303358377973,0.0539507796867968,1,0.108986234879183
Chr04_3695222,4,3695222,0.87458154119788,0.264502164502165,1155,0.0539303358377973,0.0539507698578909,1,-0.133196761261786
Chr09_131144770,9,131144770,0.874758091044563,0.256277056277056,1155,0.0539303358377973,0.0539507118899265,1,-0.133798844673493
Chr15_591238193,15,591238193,0.874822485948878,0.183982683982684,1155,0.0539303358377973,0.0539506907676608,1,-0.131049209006619
Chr03_179367608,3,179367608,0.874925419359468,0.0393939393939394,1155,0.0539303358377973,0.0539506570276287,1,0.201908965992516
Chr06_543789463,6,543789463,0.875253454103008,0.0272727272727273,1155,0.0539303358377973,0.0539505496940897,1,-0.308754478820717
Chr07_443068017,7,443068017,0.875291879733227,0.0874458874458875,1155,0.0539303358377973,0.0539505371402115,1,0.168693187812437
Chr04_246229772,4,246229772,0.875566576910448,0.346320346320346,1155,0.0539303358377973,0.0539504475114111,1,0.102125861518175
Chr07_462233342,7,462233342,0.875609309739626,0.0277056277056277,1155,0.0539303358377973,0.053950433586799,1,0.295473658720766
Chr03_260622619,3,260622619,0.875629701031655,0.413419913419913,1155,0.0539303358377973,0.0539504269439816,1,0.116898856180512
Chr18_479141098,18,479141098,0.87567012261501,0.319480519480519,1155,0.0539303358377973,0.0539504137792729,1,0.132668812660938
Chr20_153076327,20,153076327,0.875720720821874,0.0229437229437229,1155,0.0539303358377973,0.0539503973064194,1,0.330795050772423
Chr07_35132291,7,35132291,0.875783121409961,0.177489177489178,1155,0.0539303358377973,0.053950377000697,1,0.157611048200778
Chr16_196823313,16,196823313,0.875900556025082,0.294805194805195,1155,0.0539303358377973,0.0539503388149616,1,-0.134573713452596
Chr21_139054606,21,139054606,0.876032446787993,0.0298701298701299,1155,0.0539303358377973,0.0539502959730516,1,-0.313672000500929
Chr19_54054577,19,54054577,0.87615832103243,0.0662337662337662,1155,0.0539303358377973,0.0539502551293539,1,-0.183543555368715
Chr02_371720504,2,371720504,0.876296720878644,0.442857142857143,1155,0.0539303358377973,0.0539502102708042,1,0.0830117543519009
Chr11_245171386,11,245171386,0.87635015949143,0.319047619047619,1155,0.0539303358377973,0.0539501929639896,1,-0.109912921047339
Chr06_514090638,6,514090638,0.876430772206678,0.0168831168831169,1155,0.0539303358377973,0.0539501668710856,1,-0.34198611253575
Chr18_396163728,18,396163728,0.876433885374441,0.0229437229437229,1155,0.0539303358377973,0.0539501658637598,1,0.319401501213576
Chr03_467919795,3,467919795,0.876436534658487,0.0528138528138528,1155,0.0539303358377973,0.0539501650065567,1,0.219219526044427
Chr19_544717207,19,544717207,0.876614459342291,0.458008658008658,1155,0.0539303358377973,0.0539501074804498,1,-0.108713636099708
Chr21_33200180,21,33200180,0.876683114490073,0.0480519480519481,1155,0.0539303358377973,0.0539500853059476,1,0.203276740876561
Chr19_780166292,19,780166292,0.876873077932792,0.0917748917748918,1155,0.0539303358377973,0.0539500240172187,1,0.163440991997476
Chr04_251060814,4,251060814,0.876883314537871,0.0242424242424242,1155,0.0539303358377973,0.0539500207173075,1,0.314156828623481
Chr04_261875652,4,261875652,0.876916944679536,0.241558441558442,1155,0.0539303358377973,0.0539500098781625,1,0.121830366837287
Chr08_122970190,8,122970190,0.877023263703823,0.0523809523809524,1155,0.0539303358377973,0.0539499756311705,1,0.217882861874855
Chr21_65688191,21,65688191,0.877522729615378,0.0536796536796537,1155,0.0539303358377973,0.0539498151543182,1,-0.220674694767311
Chr07_160442064,7,160442064,0.877544661489576,0.0246753246753246,1155,0.0539303358377973,0.053949808123121,1,0.30007227565693
Chr03_329286548,3,329286548,0.877644203658215,0.447186147186147,1155,0.0539303358377973,0.0539497762269772,1,-0.0892644220356829
Chr14_9438066,14,9438066,0.878129680517008,0.038961038961039,1155,0.0539303358377973,0.0539496210499016,1,0.235942498385512
Chr14_33373562,14,33373562,0.878329304792249,0.025974025974026,1155,0.0539303358377973,0.0539495574269591,1,-0.301537411986942
Chr02_331754942,2,331754942,0.878411928064178,0.0857142857142857,1155,0.0539303358377973,0.053949531125291,1,-0.172950521074085
Chr08_274906559,8,274906559,0.878451758382166,0.0497835497835498,1155,0.0539303358377973,0.0539495184525915,1,-0.217550210476318
Chr10_381139108,10,381139108,0.878453250963395,0.00562770562770563,1155,0.0539303358377973,0.0539495179777844,1,0.496956101127594
Chr14_31831551,14,31831551,0.878571631095359,0.0658008658008658,1155,0.0539303358377973,0.0539494803388724,1,-0.189072907903636
Chr15_186430903,15,186430903,0.878735404823914,0.0212121212121212,1155,0.0539303358377973,0.0539494283294439,1,0.326061613220247
Chr20_1856433,20,1856433,0.878864413947962,0.497402597402597,1155,0.0539303358377973,0.0539493874111431,1,-0.55472019946501
Chr08_36718976,8,36718976,0.878914192008255,0.0151515151515152,1155,0.0539303358377973,0.0539493716348607,1,0.338475314007169
Chr14_272276444,14,272276444,0.878928835159072,0.338528138528139,1155,0.0539303358377973,0.0539493669952434,1,0.130325379571957
Chr21_138111650,21,138111650,0.879064825639576,0.0238095238095238,1155,0.0539303358377973,0.053949323934903,1,-0.318276405924166
Chr17_186104887,17,186104887,0.87913887788052,0.0264069264069264,1155,0.0539303358377973,0.0539493005078197,1,-0.303406720863279
Chr03_348028906,3,348028906,0.879232549457377,0.124242424242424,1155,0.0539303358377973,0.0539492708951723,1,-0.160803157111445
Chr10_229093176,10,229093176,0.879286321425292,0.0255411255411255,1155,0.0539303358377973,0.0539492539067913,1,-0.318385412093335
Chr10_264965053,10,264965053,0.879286321425592,0.0255411255411255,1155,0.0539303358377973,0.0539492539067913,1,0.318385412092539
Chr14_235850922,14,235850922,0.879440042167603,0.282683982683983,1155,0.0539303358377973,0.053949205384239,1,-0.138508124455257
Chr06_392199041,6,392199041,0.879990845595226,0.0471861471861472,1155,0.0539303358377973,0.0539490320443172,1,0.211384259892384
Chr08_49775331,8,49775331,0.880197411430579,0.491341991341991,1155,0.0539303358377973,0.0539489672481994,1,0.0937236603561757
Chr07_243307424,7,243307424,0.880463371239093,0.0238095238095238,1155,0.0539303358377973,0.0539488839906211,1,-0.306902913618373
Chr14_523871080,14,523871080,0.880671968464107,0.150649350649351,1155,0.0539303358377973,0.0539488188235628,1,-0.141190128829038
Chr18_105464605,18,105464605,0.880826018339305,0.4995670995671,1155,0.0539303358377973,0.0539487707727118,1,-1.7071135105507
Chr05_340817453,5,340817453,0.881071459747222,0.0874458874458875,1155,0.0539303358377973,0.0539486943473413,1,0.15391060761435
Chr20_214688897,20,214688897,0.881253594173479,0.378787878787879,1155,0.0539303358377973,0.0539486377393588,1,0.0825299210070511
Chr02_387455608,2,387455608,0.88128939337613,0.358008658008658,1155,0.0539303358377973,0.0539486266233589,1,0.108534237605681
Chr13_94214217,13,94214217,0.881294709057054,0.0515151515151515,1155,0.0539303358377973,0.0539486249730819,1,-0.213884225288894
Chr12_15977973,12,15977973,0.881375021180419,0.0454545454545455,1155,0.0539303358377973,0.053948600049093,1,0.219920554537154
Chr16_343810418,16,343810418,0.88145324770432,0.0978354978354978,1155,0.0539303358377973,0.053948575789049,1,-0.154366356345918
Chr13_11512845,13,11512845,0.881587970772648,0.286580086580087,1155,0.0539303358377973,0.0539485340466185,1,-0.1444569279912
Chr20_201616569,20,201616569,0.881652690925717,0.302597402597403,1155,0.0539303358377973,0.0539485140111859,1,-0.0982673732906107
Chr15_186431094,15,186431094,0.88168391864371,0.0216450216450216,1155,0.0539303358377973,0.0539485043480473,1,0.316419448714115
Chr21_104814785,21,104814785,0.881740705999434,0.150649350649351,1155,0.0539303358377973,0.0539484867824397,1,0.134681932437161
Chr20_84386342,20,84386342,0.881759063054123,0.0220779220779221,1155,0.0539303358377973,0.0539484811060453,1,0.309378849751539
Chr06_543112644,6,543112644,0.881792033950658,0.025974025974026,1155,0.0539303358377973,0.0539484709130208,1,-0.300418845808451
Chr14_307834917,14,307834917,0.882442745211693,0.34978354978355,1155,0.0539303358377973,0.0539482703430364,1,-0.0947944129303835
Chr17_18919654,17,18919654,0.882453632707215,0.335930735930736,1155,0.0539303358377973,0.0539482669968554,1,0.128049502763474
Chr07_486458381,7,486458381,0.882483778379114,0.379220779220779,1155,0.0539303358377973,0.0539482577335061,1,0.137989015421169
Chr06_475604796,6,475604796,0.882532634217897,0.041991341991342,1155,0.0539303358377973,0.0539482427259741,1,-0.222525625783874
Chr02_327228384,2,327228384,0.882542414557583,0.267965367965368,1155,0.0539303358377973,0.0539482397224166,1,0.114159209678746
Chr08_65785401,8,65785401,0.882604650998384,0.354112554112554,1155,0.0539303358377973,0.0539482206155707,1,0.139912008363751
Chr08_6317722,8,6317722,0.883200050019394,0.495238095238095,1155,0.0539303358377973,0.0539480383523732,1,0.0856550780108307
Chr07_410672854,7,410672854,0.883279504653246,0.312121212121212,1155,0.0539303358377973,0.0539480141018874,1,0.126891960397074
Chr08_317239119,8,317239119,0.883501276305827,0.355411255411255,1155,0.0539303358377973,0.0539479465044311,1,-0.100093237776861
Chr20_556978629,20,556978629,0.883661919662913,0.051948051948052,1155,0.0539303358377973,0.0539478976218797,1,-0.186673898534011
Chr16_220568679,16,220568679,0.883879573654354,0.077056277056277,1155,0.0539303358377973,0.0539478315021277,1,-0.259043546084285
Chr19_702621665,19,702621665,0.883997612574543,0.0987012987012987,1155,0.0539303358377973,0.0539477956970881,1,-0.151980590012485
Chr14_292989587,14,292989587,0.884070004313226,0.283549783549784,1155,0.0539303358377973,0.0539477737568486,1,0.127352537586034
Chr19_157334685,19,157334685,0.884091262290945,0.373160173160173,1155,0.0539303358377973,0.0539477673167312,1,-0.0889944824680242
Chr06_32200637,6,32200637,0.884102868775523,0.0722943722943723,1155,0.0539303358377973,0.0539477638010492,1,-0.178471828415013
Chr02_271745817,2,271745817,0.884329684397103,0.0216450216450216,1155,0.0539303358377973,0.0539476951698065,1,-0.308152192654816
Chr11_222948685,11,222948685,0.884586314776533,0.426406926406926,1155,0.0539303358377973,0.053947617683747,1,-0.0827962847286301
Chr03_428209857,3,428209857,0.884871884413085,0.0437229437229437,1155,0.0539303358377973,0.0539475316679028,1,-0.290135501834811
Chr08_4242071,8,4242071,0.884964999256704,0.264935064935065,1155,0.0539303358377973,0.0539475036683411,1,-0.11761721529416
Chr08_95181129,8,95181129,0.885074771341078,0.143290043290043,1155,0.0539303358377973,0.0539474706898747,1,0.153109063452774
Chr02_304472706,2,304472706,0.885534587188769,0.388744588744589,1155,0.0539303358377973,0.0539473329006335,1,0.138194030279919
Chr05_399201423,5,399201423,0.885635473323609,0.310822510822511,1155,0.0539303358377973,0.0539473027448688,1,-0.115070021886112
Chr20_633844620,20,633844620,0.885670137679596,0.159307359307359,1155,0.0539303358377973,0.0539472923896923,1,0.113886205400945
Chr18_214242119,18,214242119,0.885750181984718,0.0489177489177489,1155,0.0539303358377973,0.0539472684906288,1,-0.216810397266926
Chr15_420373305,15,420373305,0.885908118033855,0.0796536796536797,1155,0.0539303358377973,0.0539472213856534,1,0.164604899993421
Chr08_127160647,8,127160647,0.885999443281663,0.422943722943723,1155,0.0539303358377973,0.0539471941781385,1,-0.136036729428724
Chr10_388917323,10,388917323,0.886095175478591,0.0268398268398269,1155,0.0539303358377973,0.0539471656817465,1,0.281380788498609
Chr07_350460671,7,350460671,0.886110838726966,0.48008658008658,1155,0.0539303358377973,0.053947161021641,1,0.114195155868572
Chr14_378426535,14,378426535,0.886196422150438,0.0757575757575758,1155,0.0539303358377973,0.0539471355706355,1,0.166610839823306
Chr21_104814768,21,104814768,0.886228988171221,0.346320346320346,1155,0.0539303358377973,0.0539471258912366,1,0.0926576640835322
Chr01_476294530,1,476294530,0.886484402960601,0.392640692640693,1155,0.0539303358377973,0.0539470500745632,1,-0.0787787789186609
Chr13_7162992,13,7162992,0.886508402054237,0.0212121212121212,1155,0.0539303358377973,0.0539470429597312,1,0.299265255188814
Chr16_48392903,16,48392903,0.8866909529729,0.190909090909091,1155,0.0539303358377973,0.0539469888908144,1,0.115970598594345
Chr20_105483999,20,105483999,0.886715498951725,0.437662337662338,1155,0.0539303358377973,0.0539469816274738,1,-0.081388764974804
Chr17_65125112,17,65125112,0.88696139423545,0.045021645021645,1155,0.0539303358377973,0.0539469089543989,1,-0.205377291605018
Chr13_6238650,13,6238650,0.887059811396624,0.26017316017316,1155,0.0539303358377973,0.0539468799131707,1,0.118265421065928
Chr09_471309217,9,471309217,0.887097575782152,0.281818181818182,1155,0.0539303358377973,0.0539468687764417,1,0.128948079049678
Chr06_490199345,6,490199345,0.887147754103473,0.0246753246753246,1155,0.0539303358377973,0.0539468539847552,1,-0.277256996126198
Chr09_429940685,9,429940685,0.887469664914718,0.338961038961039,1155,0.0539303358377973,0.0539467592517427,1,0.0939112093023766
Chr10_171386597,10,171386597,0.887479195056583,0.0246753246753247,1155,0.0539303358377973,0.053946756451415,1,0.294340814119124
Chr02_425398035,2,425398035,0.887485017747633,0.0532467532467532,1155,0.0539303358377973,0.0539467547406007,1,0.199205384455354
Chr06_85479621,6,85479621,0.887652265415199,0.0696969696969697,1155,0.0539303358377973,0.0539467056389645,1,-0.171430291149036
Chr15_5540897,15,5540897,0.887763298936293,0.444155844155844,1155,0.0539303358377973,0.0539466730824566,1,0.155339272770561
Chr08_221426187,8,221426187,0.887783828115614,0.0281385281385281,1155,0.0539303358377973,0.05394666706665,1,-0.288494500756883
Chr09_365058192,9,365058192,0.887865470127817,0.483549783549784,1155,0.0539303358377973,0.0539466431537039,1,-0.251518265532468
Chr17_278751649,17,278751649,0.888006989093225,0.335930735930736,1155,0.0539303358377973,0.0539466017451321,1,0.0890627372957056
Chr17_47630595,17,47630595,0.888258960363342,0.307792207792208,1155,0.0539303358377973,0.0539465281509992,1,-0.0978623146428106
Chr10_377903130,10,377903130,0.888390115848455,0.196969696969697,1155,0.0539303358377973,0.0539464899112938,1,0.14218292418218
Chr14_112217485,14,112217485,0.888482890236156,0.308225108225108,1155,0.0539303358377973,0.0539464628898195,1,-0.116602153681924
Chr14_149545009,14,149545009,0.888563664020196,0.421645021645022,1155,0.0539303358377973,0.053946439382427,1,0.0804076972189591
Chr11_226131804,11,226131804,0.888632878670483,0.253246753246753,1155,0.0539303358377973,0.0539464192529672,1,-0.112809752861097
Chr13_332034262,13,332034262,0.88872973063501,0.0722943722943723,1155,0.0539303358377973,0.053946391107387,1,-0.170621813161475
Chr13_16690528,13,16690528,0.888874213768319,0.271861471861472,1155,0.0539303358377973,0.0539463491667062,1,0.108480037980172
Chr03_438404050,3,438404050,0.889000088226359,0.125108225108225,1155,0.0539303358377973,0.0539463126733464,1,0.134726602748543
Chr02_98181878,2,98181878,0.889009860888077,0.108658008658009,1155,0.0539303358377973,0.0539463098418451,1,0.114086930066378
Chr21_51364178,21,51364178,0.889200335228628,0.0216450216450216,1155,0.0539303358377973,0.0539462547054604,1,0.281620400533612
Chr15_72492957,15,72492957,0.88933521505697,0.0268398268398269,1155,0.0539303358377973,0.0539462157207211,1,0.238175877469985
Chr14_345957774,14,345957774,0.88937929987764,0.428571428571429,1155,0.0539303358377973,0.0539462029893115,1,0.0861109134557978
Chr15_274040266,15,274040266,0.88942344903247,0.125108225108225,1155,0.0539303358377973,0.0539461902445402,1,0.155649031733475
Chr10_1695849,10,1695849,0.889555455911877,0.119047619047619,1155,0.0539303358377973,0.0539461521685415,1,-0.127354104437032
Chr07_461557305,7,461557305,0.889699462678363,0.253679653679654,1155,0.0539303358377973,0.0539461106845163,1,-0.137898757888593
Chr21_51604564,21,51604564,0.889716383248533,0.498701298701299,1155,0.0539303358377973,0.053946105813854,1,0.908979826654104
Chr16_49871201,16,49871201,0.889750802385023,0.145021645021645,1155,0.0539303358377973,0.0539460959085186,1,-0.101739555661382
Chr19_131674228,19,131674228,0.88976716333916,0.104761904761905,1155,0.0539303358377973,0.0539460912011787,1,0.13832749249957
Chr05_210212610,5,210212610,0.890100722557833,0.0246753246753247,1155,0.0539303358377973,0.0539459953864722,1,-0.273740577161007
Chr20_608856560,20,608856560,0.890283249730667,0.456277056277056,1155,0.0539303358377973,0.0539459430817131,1,0.0668198319805953
Chr11_191634621,11,191634621,0.890426297969985,0.364935064935065,1155,0.0539303358377973,0.0539459021523074,1,-0.121065286148337
Chr14_4551131,14,4551131,0.890454817588782,0.248051948051948,1155,0.0539303358377973,0.0539458939987334,1,-0.104204097701881
Chr02_20704028,2,20704028,0.890545694238964,0.0142857142857143,1155,0.0539303358377973,0.0539458680322068,1,-0.313997932254821
Chr06_7414235,6,7414235,0.890796811466805,0.131168831168831,1155,0.0539303358377973,0.053945796394423,1,-0.105031387771717
Chr07_473670757,7,473670757,0.890867534307153,0.266666666666667,1155,0.0539303358377973,0.0539457762493261,1,0.115594846991172
Chr10_144484146,10,144484146,0.890873829343967,0.0220779220779221,1155,0.0539303358377973,0.0539457744568592,1,-0.279517330732162
Chr07_339480218,7,339480218,0.890897990427102,0.0199134199134199,1155,0.0539303358377973,0.0539457675781512,1,0.282811383830577
Chr02_31053839,2,31053839,0.890921242739341,0.0220779220779221,1155,0.0539303358377973,0.053945760959648,1,-0.274600583427684
Chr21_162960417,21,162960417,0.891045563993861,0.0285714285714286,1155,0.0539303358377973,0.0539457255975649,1,0.269020787327037
Chr07_24818200,7,24818200,0.891048222082038,0.218181818181818,1155,0.0539303358377973,0.0539457248419454,1,0.110630509942752
Chr20_5976090,20,5976090,0.891161622445027,0.0571428571428571,1155,0.0539303358377973,0.0539456926230757,1,-0.152435388693164
Chr02_142703583,2,142703583,0.891250906451407,0.370562770562771,1155,0.0539303358377973,0.0539456672802513,1,0.100589823498581
Chr16_296781484,16,296781484,0.891343998724735,0.0103896103896104,1155,0.0539303358377973,0.0539456408791716,1,-0.326739191773697
Chr06_17215188,6,17215188,0.891482724384976,0.022077922077922,1155,0.0539303358377973,0.0539456015794101,1,-0.226322082246497
Chr21_375786632,21,375786632,0.89155839461604,0.480519480519481,1155,0.0539303358377973,0.0539455801643927,1,0.0844297302112125
Chr09_111456911,9,111456911,0.891712285825401,0.31038961038961,1155,0.0539303358377973,0.0539455366597065,1,-0.123770803812022
Chr20_278332434,20,278332434,0.891868173071491,0.0567099567099567,1155,0.0539303358377973,0.0539454926553035,1,0.178711653892819
Chr04_196364189,4,196364189,0.891922075043985,0.0744588744588745,1155,0.0539303358377973,0.0539454774547794,1,0.170304756914561
Chr15_213770399,15,213770399,0.891951241554068,0.0831168831168831,1155,0.0539303358377973,0.0539454692329735,1,-0.165434595622429
Chr02_303310653,2,303310653,0.89208239075426,0.473593073593074,1155,0.0539303358377973,0.053945432291154,1,0.203424246074519
Chr16_347673638,16,347673638,0.8922447543324,0.0294372294372294,1155,0.0539303358377973,0.0539453866206241,1,-0.266241750581742
Chr04_199084201,4,199084201,0.892469772972619,0.0792207792207792,1155,0.0539303358377973,0.0539453234426207,1,-0.170209976271934
Chr12_341101769,12,341101769,0.892485988426051,0.0233766233766234,1155,0.0539303358377973,0.0539453188950685,1,-0.268790845105656
Chr06_550059026,6,550059026,0.892571727799058,0.0471861471861472,1155,0.0539303358377973,0.0539452948615251,1,0.198369801469624
Chr06_492125432,6,492125432,0.892710573998982,0.106926406926407,1155,0.0539303358377973,0.0539452559833027,1,-0.139592902364967
Chr18_250035722,18,250035722,0.892874484652763,0.103030303030303,1155,0.0539303358377973,0.0539452101530936,1,-0.15732598881732
Chr04_159631245,4,159631245,0.892903755674827,0.0311688311688312,1155,0.0539303358377973,0.0539452019763272,1,0.265867155614671
Chr20_79750046,20,79750046,0.893151416304191,0.0783549783549784,1155,0.0539303358377973,0.0539451328847382,1,0.164782880962349
Chr09_322102747,9,322102747,0.893167286919133,0.103030303030303,1155,0.0539303358377973,0.0539451284627902,1,0.146435441796797
Chr01_378239603,1,378239603,0.893201988442352,0.00909090909090909,1155,0.0539303358377973,0.0539451187964227,1,-0.359456461283671
Chr04_263883964,4,263883964,0.8937845757853,0.305627705627706,1155,0.0539303358377973,0.0539449569926307,1,-0.111244967874171
Chr09_95651902,9,95651902,0.893968357458511,0.387445887445887,1155,0.0539303358377973,0.0539449061384089,1,-0.123383700087288
Chr15_450788275,15,450788275,0.894098457855483,0.0216450216450216,1155,0.0539303358377973,0.0539448701928436,1,0.281797836820559
Chr10_94273548,10,94273548,0.8942034536884,0.206060606060606,1155,0.0539303358377973,0.0539448412163839,1,0.156818600733686
Chr13_88302781,13,88302781,0.894229671334661,0.467532467532468,1155,0.0539303358377973,0.0539448339855028,1,-0.0743910865204498
Chr21_69541804,21,69541804,0.894316840557213,0.323809523809524,1155,0.0539303358377973,0.0539448099572378,1,0.146163712683972
Chr05_331923141,5,331923141,0.894393230919405,0.27012987012987,1155,0.0539303358377973,0.0539447889168458,1,-0.111824344239125
Chr21_390029263,21,390029263,0.894513422727383,0.153679653679654,1155,0.0539303358377973,0.0539447558436417,1,0.0812091245894067
Chr06_495560295,6,495560295,0.89451564430197,0.292207792207792,1155,0.0539303358377973,0.053944755232693,1,0.101544334766544
Chr13_29312865,13,29312865,0.894655885029116,0.0982683982683983,1155,0.0539303358377973,0.0539447166921878,1,0.143291536836841
Chr20_580566997,20,580566997,0.894702110292545,0.397835497835498,1155,0.0539303358377973,0.0539447040002085,1,0.117406528537231
Chr20_126934680,20,126934680,0.894788682430606,0.0251082251082251,1155,0.0539303358377973,0.0539446802456053,1,0.259356131581015
Chr13_339371915,13,339371915,0.894834380041345,0.0995670995670996,1155,0.0539303358377973,0.0539446677146656,1,-0.144143310533764
Chr01_405808201,1,405808201,0.894870370840895,0.421212121212121,1155,0.0539303358377973,0.0539446578493911,1,0.0881440892624425
Chr09_97946129,9,97946129,0.894981700437971,0.045021645021645,1155,0.0539303358377973,0.0539446273552266,1,0.18839868883002
Chr01_434013242,1,434013242,0.895037934064707,0.272294372294372,1155,0.0539303358377973,0.0539446119649033,1,-0.106232606079118
Chr03_460492444,3,460492444,0.895054368829312,0.398268398268398,1155,0.0539303358377973,0.05394460746854,1,-0.0744640620013399
Chr20_136343468,20,136343468,0.895205437606135,0.240692640692641,1155,0.0539303358377973,0.0539445661716206,1,0.104545229801289
Chr06_568058889,6,568058889,0.895220945967247,0.0086580086580087,1155,0.0539303358377973,0.0539445619356201,1,-0.341238142704242
Chr09_61869945,9,61869945,0.895264697716039,0.0320346320346321,1155,0.0539303358377973,0.0539445499886003,1,0.236677522725586
Chr03_319120195,3,319120195,0.895306626777044,0.032034632034632,1155,0.0539303358377973,0.0539445385440788,1,-0.275917254875054
Chr09_3760677,9,3760677,0.895434656646199,0.0584415584415584,1155,0.0539303358377973,0.0539445036274008,1,-0.181401275700352
Chr20_487036781,20,487036781,0.895533997236533,0.403463203463203,1155,0.0539303358377973,0.0539444765650623,1,0.0951386708616724
Chr20_9149670,20,9149670,0.89577307054927,0.0523809523809524,1155,0.0539303358377973,0.0539444115446504,1,-0.182360449166254
Chr09_224759306,9,224759306,0.895853180509091,0.0744588744588745,1155,0.0539303358377973,0.0539443897913524,1,0.175628279584032
Chr04_58841673,4,58841673,0.895881745169878,0.283549783549784,1155,0.0539303358377973,0.0539443820389592,1,0.133960170215914
Chr07_237223123,7,237223123,0.896118830550048,0.447619047619048,1155,0.0539303358377973,0.0539443177783959,1,-0.104535205952118
Chr06_11508503,6,11508503,0.896153581279601,0.312987012987013,1155,0.0539303358377973,0.0539443083720108,1,0.11404456409889
Chr20_561218902,20,561218902,0.896169529686039,0.168398268398268,1155,0.0539303358377973,0.0539443040561477,1,0.110770767825244
Chr20_572679356,20,572679356,0.896239843913546,0.251948051948052,1155,0.0539303358377973,0.0539442850362132,1,-0.103526509580746
Chr18_18866330,18,18866330,0.896297549157615,0.407792207792208,1155,0.0539303358377973,0.0539442694368446,1,-0.0752974686624555
Chr19_97033814,19,97033814,0.896603116049768,0.106060606060606,1155,0.0539303358377973,0.0539441869813438,1,0.114759332073277
Chr21_33179362,21,33179362,0.896603891392119,0.0783549783549784,1155,0.0539303358377973,0.0539441867724383,1,-0.155661695839214
Chr19_641594531,19,641594531,0.896650978779713,0.102164502164502,1155,0.0539303358377973,0.0539441740883959,1,0.162117620200974
Chr20_363430739,20,363430739,0.896670676731939,0.0320346320346321,1155,0.0539303358377973,0.0539441687840656,1,-0.229043604325398
Chr05_399502636,5,399502636,0.896684978892472,0.255411255411255,1155,0.0539303358377973,0.0539441649333794,1,0.106465202701798
Chr09_338898775,9,338898775,0.896887521372761,0.0264069264069264,1155,0.0539303358377973,0.0539441104597487,1,0.256064278800551
Chr15_436257136,15,436257136,0.896970976771847,0.0238095238095238,1155,0.0539303358377973,0.0539440880462855,1,-0.251983167554698
Chr03_223573818,3,223573818,0.897018201978191,0.385281385281385,1155,0.0539303358377973,0.0539440753713201,1,-0.0967675134442914
Chr14_104503100,14,104503100,0.897310536741836,0.0251082251082251,1155,0.0539303358377973,0.053943997042628,1,0.263216959602019
Chr14_158880256,14,158880256,0.897310536741836,0.0251082251082251,1155,0.0539303358377973,0.053943997042628,1,0.263216959602019
Chr14_215935110,14,215935110,0.897310536741836,0.0251082251082251,1155,0.0539303358377973,0.053943997042628,1,0.263216959602019
Chr14_281462442,14,281462442,0.897310536741836,0.0251082251082251,1155,0.0539303358377973,0.053943997042628,1,0.263216959602019
Chr14_133268483,14,133268483,0.897501148216377,0.423376623376623,1155,0.0539303358377973,0.0539439460924569,1,-0.093513522801203
Chr01_434013198,1,434013198,0.89766463392381,0.430735930735931,1155,0.0539303358377973,0.0539439024700599,1,-0.131241931987461
Chr15_493643294,15,493643294,0.897737997196746,0.260606060606061,1155,0.0539303358377973,0.0539438829178943,1,-0.0921202855830927
Chr01_372918948,1,372918948,0.897830527348612,0.244155844155844,1155,0.0539303358377973,0.0539438582779722,1,-0.10176985585224
Chr20_183767703,20,183767703,0.898044433127271,0.162337662337662,1155,0.0539303358377973,0.0539438014041103,1,-0.118018534240377
Chr08_19240995,8,19240995,0.898290046044993,0.234632034632035,1155,0.0539303358377973,0.0539437362501157,1,-0.078587703792266
Chr20_209865613,20,209865613,0.898347349007968,0.0480519480519481,1155,0.0539303358377973,0.0539437210723994,1,-0.185415776498189
Chr07_66145980,7,66145980,0.898353680919994,0.307359307359307,1155,0.0539303358377973,0.0539437193958182,1,0.0995725690954998
Chr03_490542098,3,490542098,0.898449079272229,0.257142857142857,1155,0.0539303358377973,0.053943694148858,1,0.100976874158846
Chr08_254340590,8,254340590,0.898515964960279,0.0467532467532468,1155,0.0539303358377973,0.0539436764621536,1,-0.178324954011259
Chr10_416527294,10,416527294,0.898676810355271,0.465367965367965,1155,0.0539303358377973,0.053943633978268,1,0.186575680803799
Chr06_495560275,6,495560275,0.898767561699182,0.041991341991342,1155,0.0539303358377973,0.0539436100386158,1,-0.173793848234581
Chr21_28792960,21,28792960,0.898830235644871,0.0536796536796537,1155,0.0539303358377973,0.0539435935184011,1,-0.1803113829219
Chr18_405327406,18,405327406,0.89883670635836,0.216883116883117,1155,0.0539303358377973,0.0539435918133844,1,-0.0992981951209799
Chr13_366967795,13,366967795,0.898952200343237,0.0952380952380952,1155,0.0539303358377973,0.0539435613997176,1,0.126347429682127
Chr04_10316214,4,10316214,0.899218023471586,0.0406926406926407,1155,0.0539303358377973,0.0539434915339033,1,-0.184722354801309
Chr16_334440322,16,334440322,0.899286819605461,0.432034632034632,1155,0.0539303358377973,0.0539434734829614,1,-0.135753643197972
Chr07_410695093,7,410695093,0.899373196034434,0.087012987012987,1155,0.0539303358377973,0.0539434508370781,1,-0.138649923599672
Chr15_435207442,15,435207442,0.899569074168799,0.102597402597403,1155,0.0539303358377973,0.0539433995559363,1,0.141965374707127
Chr17_190129831,17,190129831,0.899641695764588,0.301731601731602,1155,0.0539303358377973,0.0539433805694414,1,0.100143458486912
Chr15_315531573,15,315531573,0.899803023583953,0.211688311688312,1155,0.0539303358377973,0.0539433384414162,1,-0.107061607907809
Chr08_221784978,8,221784978,0.90018457392514,0.388311688311688,1155,0.0539303358377973,0.0539432390814309,1,-0.09256478335152
Chr02_274704646,2,274704646,0.900217243440476,0.0242424242424242,1155,0.0539303358377973,0.0539432305919132,1,-0.261103166941894
Chr15_314518281,15,314518281,0.900222442601195,0.372727272727273,1155,0.0539303358377973,0.0539432292411188,1,-0.111658000403281
Chr15_174849556,15,174849556,0.900414179474303,0.214285714285714,1155,0.0539303358377973,0.053943179476125,1,0.138872650465203
Chr08_316159388,8,316159388,0.900479257348358,0.306926406926407,1155,0.0539303358377973,0.0539431626074831,1,-0.0974276359763735
Chr01_93719820,1,93719820,0.900569421387242,0.218181818181818,1155,0.0539303358377973,0.0539431392549387,1,-0.0878196718154527
Chr17_16120511,17,16120511,0.900711769232238,0.0857142857142857,1155,0.0539303358377973,0.0539431024307401,1,-0.137421771335994
Chr14_73016560,14,73016560,0.900881036668879,0.145454545454545,1155,0.0539303358377973,0.0539430587127669,1,0.127468447097527
Chr01_422744679,1,422744679,0.901012102555597,0.23030303030303,1155,0.0539303358377973,0.0539430249136998,1,0.108230300450543
Chr16_329285090,16,329285090,0.901041036418145,0.0458874458874459,1155,0.0539303358377973,0.053943017458432,1,0.190271740193324
Chr19_595412289,19,595412289,0.901134683378798,0.0060606060606061,1155,0.0539303358377973,0.0539429933440627,1,-0.383710666646948
Chr21_12665899,21,12665899,0.901214854883574,0.0272727272727273,1155,0.0539303358377973,0.0539429727181746,1,-0.250784743429293
Chr05_347271533,5,347271533,0.90131024581773,0.061038961038961,1155,0.0539303358377973,0.0539429481990039,1,0.190478862136558
Chr03_454969257,3,454969257,0.901327095415667,0.216883116883117,1155,0.0539303358377973,0.0539429438705193,1,0.0968978761639505
Chr06_221700075,6,221700075,0.901350553771927,0.170995670995671,1155,0.0539303358377973,0.0539429378455661,1,0.090010421129648
Chr15_396770253,15,396770253,0.901590635206911,0.181818181818182,1155,0.0539303358377973,0.0539428762680253,1,0.11791171643489
Chr19_789408625,19,789408625,0.901735360578116,0.0277056277056277,1155,0.0539303358377973,0.0539428392219585,1,0.25275015464166
Chr09_306819848,9,306819848,0.901758543263083,0.0714285714285714,1155,0.0539303358377973,0.0539428332929383,1,-0.1653168755781
Chr03_77312579,3,77312579,0.901773653548785,0.457142857142857,1155,0.0539303358377973,0.0539428294292246,1,-0.072808519177471
Chr21_117448500,21,117448500,0.901832081367753,0.0567099567099567,1155,0.0539303358377973,0.0539428144948737,1,-0.177728964909733
Chr07_37675402,7,37675402,0.901898916768679,0.0515151515151515,1155,0.0539303358377973,0.0539427974226353,1,-0.319423786484606
Chr13_21223505,13,21223505,0.901985579180696,0.0277056277056277,1155,0.0539303358377973,0.0539427753035123,1,0.202014271823444
Chr03_65369163,3,65369163,0.902034133732125,0.328138528138528,1155,0.0539303358377973,0.053942762919493,1,0.0844713574835509
Chr10_512301076,10,512301076,0.902232302631005,0.0272727272727273,1155,0.0539303358377973,0.0539427124407152,1,-0.240270702282004
Chr10_447056793,10,447056793,0.902352605135682,0.387445887445887,1155,0.0539303358377973,0.0539426818474003,1,0.117395134597871
Chr19_402763757,19,402763757,0.90255992785948,0.435930735930736,1155,0.0539303358377973,0.0539426292147407,1,-0.0745621340563503
Chr03_98391209,3,98391209,0.902691504436356,0.0225108225108225,1155,0.0539303358377973,0.0539425958708168,1,0.245039987236439
Chr04_256454241,4,256454241,0.902814149694743,0.154978354978355,1155,0.0539303358377973,0.0539425648316383,1,-0.12128787988047
Chr13_75855378,13,75855378,0.902889706693181,0.0225108225108225,1155,0.0539303358377973,0.0539425457294783,1,0.215239227467251
Chr18_79319226,18,79319226,0.902904075119448,0.0233766233766234,1155,0.0539303358377973,0.0539425420985947,1,0.250935128296149
Chr02_428713016,2,428713016,0.902920516328573,0.261904761904762,1155,0.0539303358377973,0.053942537944597,1,0.0946961253781353
Chr20_190160155,20,190160155,0.902955257705542,0.426406926406926,1155,0.0539303358377973,0.0539425291692835,1,0.119575637382468
Chr04_99870528,4,99870528,0.902976091502047,0.0246753246753247,1155,0.0539303358377973,0.0539425239084187,1,0.239622369410455
Chr07_275303405,7,275303405,0.903138556744535,0.0441558441558442,1155,0.0539303358377973,0.0539424829228676,1,0.181722439015175
Chr16_9257923,16,9257923,0.903285123330475,0.1,1155,0.0539303358377973,0.0539424460082196,1,-0.134520213411633
Chr13_92961982,13,92961982,0.903746242411204,0.363203463203463,1155,0.0539303358377973,0.0539423302413248,1,-0.0997020245897033
Chr08_371920708,8,371920708,0.903748810877815,0.351082251082251,1155,0.0539303358377973,0.0539423295980743,1,-0.0710202565561531
Chr03_245792655,3,245792655,0.90382058595439,0.122077922077922,1155,0.0539303358377973,0.0539423116297104,1,0.126906734293101
Chr01_21527086,1,21527086,0.904077125731095,0.428571428571429,1155,0.0539303358377973,0.0539422475185761,1,-0.123779374254809
Chr08_317410363,8,317410363,0.904267414651253,0.016017316017316,1155,0.0539303358377973,0.0539422000767696,1,-0.271239857401156
Chr15_498107347,15,498107347,0.904284417739524,0.0558441558441558,1155,0.0539303358377973,0.0539421958423261,1,-0.156028074484851
Chr16_278128638,16,278128638,0.904375044380608,0.332034632034632,1155,0.0539303358377973,0.0539421732856292,1,0.0769256147052317
Chr08_5321149,8,5321149,0.904567183588948,0.472294372294372,1155,0.0539303358377973,0.0539421255347986,1,-0.0740594489351167
Chr19_443350934,19,443350934,0.904722844422853,0.0225108225108225,1155,0.0539303358377973,0.053942086921424,1,-0.253175161215481
Chr20_392040536,20,392040536,0.904772478675763,0.481818181818182,1155,0.0539303358377973,0.0539420746226138,1,0.216695782862189
Chr07_312293922,7,312293922,0.904816293945976,0.0238095238095238,1155,0.0539303358377973,0.0539420637711127,1,0.239590743477493
Chr04_103133711,4,103133711,0.904912866036147,0.025974025974026,1155,0.0539303358377973,0.0539420398715669,1,0.244215436663509
Chr06_221503996,6,221503996,0.904968635627851,0.0285714285714286,1155,0.0539303358377973,0.0539420260810349,1,0.238906676708055
Chr05_42296234,5,42296234,0.905128827664329,0.0463203463203463,1155,0.0539303358377973,0.0539419865151096,1,0.166278530476546
Chr19_789281851,19,789281851,0.905159804247815,0.0900432900432901,1155,0.0539303358377973,0.0539419788720323,1,-0.135255487416742
Chr20_193202859,20,193202859,0.905436319644594,0.321212121212121,1155,0.0539303358377973,0.0539419107580731,1,0.094451412455328
Chr15_542850734,15,542850734,0.905473931392156,0.0203463203463203,1155,0.0539303358377973,0.0539419015088367,1,0.253501133528545
Chr04_100725326,4,100725326,0.905793698848621,0.0246753246753247,1155,0.0539303358377973,0.0539418230251429,1,-0.242648301761477
Chr04_261389209,4,261389209,0.906063760716925,0.435064935064935,1155,0.0539303358377973,0.0539417569522196,1,0.0668172071897288
Chr15_510609511,15,510609511,0.90614056517943,0.0268398268398268,1155,0.0539303358377973,0.0539417381966504,1,0.237929391165011
Chr17_105249574,17,105249574,0.906218663578724,0.494372294372294,1155,0.0539303358377973,0.0539417191411249,1,-0.377208747342593
Chr04_266071020,4,266071020,0.906495250003421,0.103030303030303,1155,0.0539303358377973,0.0539416517856811,1,-0.123545855283965
Chr05_397904715,5,397904715,0.906638470586326,0.0238095238095238,1155,0.0539303358377973,0.0539416169876517,1,-0.237298641140427
Chr10_411822507,10,411822507,0.906759834222213,0.133333333333333,1155,0.0539303358377973,0.0539415875426834,1,0.137341885589422
Chr06_506815200,6,506815200,0.906779094173961,0.058008658008658,1155,0.0539303358377973,0.0539415828734648,1,0.161395076934468
Chr07_31787909,7,31787909,0.906908691391137,0.396103896103896,1155,0.0539303358377973,0.0539415514805569,1,0.074931301173109
Chr07_398573182,7,398573182,0.907031713139543,0.371861471861472,1155,0.0539303358377973,0.053941521721603,1,-0.0947508000688799
Chr06_80893929,6,80893929,0.907311293236216,0.074025974025974,1155,0.0539303358377973,0.0539414542401969,1,0.139470980895211
Chr15_540403731,15,540403731,0.907397027648906,0.132900432900433,1155,0.0539303358377973,0.0539414335881985,1,-0.113676162545062
Chr14_373735430,14,373735430,0.907400235603203,0.319047619047619,1155,0.0539303358377973,0.0539414328158345,1,0.075424974164406
Chr10_449076949,10,449076949,0.907430108805582,0.0978354978354978,1155,0.0539303358377973,0.0539414256246982,1,-0.25182593718506
Chr08_245274949,8,245274949,0.907582749220002,0.0177489177489178,1155,0.0539303358377973,0.0539413889176814,1,-0.24972080711251
Chr08_315906589,8,315906589,0.907621581269432,0.371428571428571,1155,0.0539303358377973,0.0539413795891771,1,0.0797304768560139
Chr08_37111875,8,37111875,0.907632537235397,0.431601731601732,1155,0.0539303358377973,0.0539413769579794,1,0.0733402619317474
Chr06_32397574,6,32397574,0.907742151105862,0.0281385281385281,1155,0.0539303358377973,0.0539413506504891,1,0.216776777108421
Chr20_593446435,20,593446435,0.907824411232663,0.0242424242424242,1155,0.0539303358377973,0.0539413309288255,1,0.23906301109416
Chr17_78174744,17,78174744,0.907994372909192,0.0246753246753246,1155,0.0539303358377973,0.053941290237651,1,-0.234159265482958
Chr19_120348338,19,120348338,0.908212946901582,0.438095238095238,1155,0.0539303358377973,0.0539412380203814,1,-0.0691553821107789
Chr10_8859028,10,8859028,0.908297596249495,0.0696969696969697,1155,0.0539303358377973,0.0539412178316323,1,-0.137949879382333
Chr08_305142922,8,305142922,0.908394386733005,0.0757575757575758,1155,0.0539303358377973,0.053941194770475,1,0.1360359211711
Chr06_515300263,6,515300263,0.90867846919691,0.423809523809524,1155,0.0539303358377973,0.0539411272285201,1,0.0657364548978876
Chr16_389547115,16,389547115,0.908684880970677,0.0225108225108225,1155,0.0539303358377973,0.0539411257065548,1,-0.227356581687886
Chr11_228740879,11,228740879,0.908768983561447,0.245454545454545,1155,0.0539303358377973,0.0539411057531515,1,0.0907170954300796
Chr18_257655155,18,257655155,0.908859401649826,0.025974025974026,1155,0.0539303358377973,0.0539410843222569,1,0.22964367272975
Chr07_74934803,7,74934803,0.909038645218294,0.0233766233766234,1155,0.0539303358377973,0.0539410419018703,1,-0.220010255567104
Chr20_551616663,20,551616663,0.909473276395525,0.0463203463203463,1155,0.0539303358377973,0.0539409393933864,1,-0.167376653811715
Chr19_784884162,19,784884162,0.909534768195879,0.0298701298701298,1155,0.0539303358377973,0.0539409249307763,1,-0.178438561551502
Chr10_75187891,10,75187891,0.909579177802766,0.0264069264069264,1155,0.0539303358377973,0.0539409144920401,1,0.178089580888567
Chr06_79762431,6,79762431,0.90964190951578,0.0242424242424242,1155,0.0539303358377973,0.0539408997554788,1,0.237949363124841
Chr20_196561699,20,196561699,0.909989296679161,0.0744588744588744,1155,0.0539303358377973,0.0539408183376515,1,-0.129448153817066
Chr06_396830702,6,396830702,0.910059197541583,0.0393939393939394,1155,0.0539303358377973,0.0539408019933968,1,-0.172763079112613
Chr21_68704522,21,68704522,0.910161206003755,0.271861471861472,1155,0.0539303358377973,0.0539407781649068,1,0.0852016063770122
Chr13_230378525,13,230378525,0.910247080673495,0.152813852813853,1155,0.0539303358377973,0.0539407581264806,1,-0.102258430123015
Chr16_31501991,16,31501991,0.910251714208251,0.228138528138528,1155,0.0539303358377973,0.0539407570458222,1,-0.0877409780193545
Chr07_380246795,7,380246795,0.910392566164988,0.368831168831169,1155,0.0539303358377973,0.0539407242226457,1,0.0745609993261667
Chr17_265892572,17,265892572,0.910483696176945,0.252813852813853,1155,0.0539303358377973,0.0539407030142639,1,-0.0798075989561084
Chr14_349045757,14,349045757,0.910683808963386,0.0701298701298702,1155,0.0539303358377973,0.0539406565196894,1,-0.111673163347405
Chr16_137581846,16,137581846,0.910771353588299,0.0264069264069264,1155,0.0539303358377973,0.0539406362126793,1,-0.2253471258215
Chr20_266197107,20,266197107,0.911128107497231,0.0229437229437229,1155,0.0539303358377973,0.0539405536687756,1,-0.237414912902125
Chr15_85296428,15,85296428,0.911132302518126,0.019047619047619,1155,0.0539303358377973,0.0539405527001556,1,-0.240773078554383
Chr13_358467303,13,358467303,0.911331210918287,0.353246753246753,1155,0.0539303358377973,0.0539405068259294,1,0.0723125493085774
Chr07_147370608,7,147370608,0.911364164492778,0.0324675324675325,1155,0.0539303358377973,0.0539404992359415,1,0.222783009907687
Chr04_263931477,4,263931477,0.911471169055166,0.0476190476190476,1155,0.0539303358377973,0.0539404746100304,1,-0.166038296036874
Chr05_75773508,5,75773508,0.91174740796397,0.403030303030303,1155,0.0539303358377973,0.0539404111765166,1,-0.101847177492004
Chr20_41778219,20,41778219,0.911953134338226,0.0744588744588745,1155,0.0539303358377973,0.0539403640659046,1,0.132659872233063
Chr19_543224398,19,543224398,0.912063515315571,0.49004329004329,1155,0.0539303358377973,0.053940338835119,1,0.0738883922427931
Chr04_57885012,4,57885012,0.912160636888124,0.372294372294372,1155,0.0539303358377973,0.053940316661757,1,-0.071636223536018
Chr06_533010581,6,533010581,0.912181228535086,0.0272727272727273,1155,0.0539303358377973,0.0539403119637765,1,0.221277219858933
Chr20_59761590,20,59761590,0.912312441721196,0.496536796536797,1155,0.0539303358377973,0.0539402820538043,1,-0.31462490649028
Chr20_674453282,20,674453282,0.912397184583995,0.422077922077922,1155,0.0539303358377973,0.0539402627608704,1,-0.118971745351701
Chr21_231974927,21,231974927,0.912418921217785,0.371428571428571,1155,0.0539303358377973,0.0539402578152672,1,0.152883278361287
Chr10_501869699,10,501869699,0.912547476511913,0.0536796536796537,1155,0.0539303358377973,0.0539402285913687,1,0.151316650938725
Chr01_307216645,1,307216645,0.912563455688967,0.310822510822511,1155,0.0539303358377973,0.0539402249619424,1,0.0787767702844633
Chr16_75232643,16,75232643,0.912610668883038,0.438961038961039,1155,0.0539303358377973,0.0539402142421211,1,-0.0641447354696822
Chr21_126622346,21,126622346,0.91264425127039,0.0233766233766234,1155,0.0539303358377973,0.0539402066207767,1,-0.224446322606653
Chr10_124281678,10,124281678,0.913058088385193,0.025974025974026,1155,0.0539303358377973,0.0539401129469462,1,-0.227833271229585
Chr17_273001078,17,273001078,0.913094501255887,0.419480519480519,1155,0.0539303358377973,0.0539401047263676,1,0.0607979204406774
Chr16_380134076,16,380134076,0.913316507006608,0.0238095238095238,1155,0.0539303358377973,0.053940054681981,1,0.215616597120828
Chr04_243750937,4,243750937,0.91356696056596,0.171861471861472,1155,0.0539303358377973,0.0539399983810009,1,-0.118502837393862
Chr12_147552391,12,147552391,0.913648431324838,0.482683982683983,1155,0.0539303358377973,0.0539399801023632,1,0.0749628160583029
Chr13_344592595,13,344592595,0.913861749305778,0.0229437229437229,1155,0.0539303358377973,0.053939932325649,1,-0.229968345900261
Chr15_5540946,15,5540946,0.91390301785268,0.475324675324675,1155,0.0539303358377973,0.0539399230966088,1,0.171805554619141
Chr13_371075872,13,371075872,0.913960231700405,0.442857142857143,1155,0.0539303358377973,0.0539399103090945,1,0.0786568062473521
Chr19_185115580,19,185115580,0.913971855535358,0.0272727272727273,1155,0.0539303358377973,0.0539399077121775,1,0.217730013214236
Chr21_68704517,21,68704517,0.913994582101286,0.0545454545454545,1155,0.0539303358377973,0.0539399026357965,1,-0.154901580055864
Chr09_183303350,9,183303350,0.914114370634306,0.0229437229437229,1155,0.0539303358377973,0.0539398759014112,1,0.218836901689272
Chr09_324443408,9,324443408,0.914127140923385,0.0480519480519481,1155,0.0539303358377973,0.0539398730535714,1,0.158655799784498
Chr18_427807858,18,427807858,0.914295312316392,0.200865800865801,1155,0.0539303358377973,0.0539398355906288,1,-0.0824616862368828
Chr14_470684552,14,470684552,0.914500118231589,0.0727272727272727,1155,0.0539303358377973,0.0539397900674529,1,-0.150210475454315
Chr01_459063910,1,459063910,0.914526800020502,0.0337662337662338,1155,0.0539303358377973,0.0539397841449081,1,-0.138664064307498
Chr05_210699130,5,210699130,0.914956055938432,0.0246753246753247,1155,0.0539303358377973,0.0539396891211721,1,-0.205468811092629
Chr13_291342867,13,291342867,0.914978821204757,0.0926406926406926,1155,0.0539303358377973,0.0539396840952242,1,0.116870524156113
Chr18_63399411,18,63399411,0.915092802513312,0.0593073593073593,1155,0.0539303358377973,0.053939658951808,1,-0.139239842551888
Chr07_442230927,7,442230927,0.915144930382155,0.414285714285714,1155,0.0539303358377973,0.0539396474642025,1,0.0736160852312082
Chr15_153051481,15,153051481,0.915306845223675,0.0199134199134199,1155,0.0539303358377973,0.0539396118281276,1,0.230323366655995
Chr08_34705408,8,34705408,0.915312291156075,0.0220779220779221,1155,0.0539303358377973,0.0539396106307272,1,-0.218511844787798
Chr14_76958655,14,76958655,0.915491988449863,0.334632034632035,1155,0.0539303358377973,0.0539395711643551,1,-0.0710412154607809
Chr15_221580583,15,221580583,0.915617090522828,0.0186147186147186,1155,0.0539303358377973,0.0539395437388097,1,-0.231687788403093
Chr15_515688912,15,515688912,0.915973010614933,0.0515151515151515,1155,0.0539303358377973,0.0539394659376664,1,-0.134385525613382
Chr19_188010061,19,188010061,0.916171943593084,0.382251082251082,1155,0.0539303358377973,0.0539394225979923,1,0.0759446961899641
Chr20_487358666,20,487358666,0.916216305925874,0.352380952380952,1155,0.0539303358377973,0.0539394129474016,1,-0.0860923545099013
Chr14_426370315,14,426370315,0.916282079613119,0.0376623376623377,1155,0.0539303358377973,0.0539393986485193,1,-0.147688720705659
Chr07_428961493,7,428961493,0.916849103874595,0.0207792207792208,1155,0.0539303358377973,0.0539392758527295,1,-0.219007252419246
Chr15_412787351,15,412787351,0.916961860626532,0.105627705627706,1155,0.0539303358377973,0.0539392515348575,1,0.0760567721691814
Chr10_38756040,10,38756040,0.917120876624582,0.292207792207792,1155,0.0539303358377973,0.0539392172973052,1,0.0851151171223137
Chr16_34501928,16,34501928,0.917138336132976,0.0480519480519481,1155,0.0539303358377973,0.0539392135421737,1,-0.149858810274978
Chr07_234288707,7,234288707,0.91746374571235,0.292207792207792,1155,0.0539303358377973,0.0539391437010915,1,0.0891689312189783
Chr17_41661054,17,41661054,0.917561857660247,0.0714285714285714,1155,0.0539303358377973,0.0539391226984923,1,0.124069761639859
Chr01_158140919,1,158140919,0.917606500056791,0.13982683982684,1155,0.0539303358377973,0.0539391131503881,1,-0.0959591701262639
Chr18_315460355,18,315460355,0.917716011641322,0.43030303030303,1155,0.0539303358377973,0.0539390897502908,1,0.122076486713354
Chr21_175915725,21,175915725,0.917745460419986,0.412554112554113,1155,0.0539303358377973,0.053939083463153,1,0.113383260714045
Chr04_194496039,4,194496039,0.91781175490049,0.0813852813852814,1155,0.0539303358377973,0.0539390693180331,1,-0.130121845948992
Chr09_458353829,9,458353829,0.917979445977658,0.144588744588745,1155,0.0539303358377973,0.053939033589757,1,0.086988980062543
Chr20_372035841,20,372035841,0.918036680711336,0.0281385281385281,1155,0.0539303358377973,0.0539390214122624,1,0.201945810175658
Chr13_257779646,13,257779646,0.91819473566106,0.1004329004329,1155,0.0539303358377973,0.0539389878286178,1,0.133478812025572
Chr20_1840999,20,1840999,0.918399985960397,0.0264069264069264,1155,0.0539303358377973,0.0539389443149825,1,0.19867165376273
Chr15_502288495,15,502288495,0.918424418680319,0.257575757575758,1155,0.0539303358377973,0.053938939142561,1,0.085026784300112
Chr19_692280720,19,692280720,0.918450772415008,0.205194805194805,1155,0.0539303358377973,0.0539389335652184,1,-0.0787196058645065
Chr11_39753177,11,39753177,0.918511176477038,0.0532467532467532,1155,0.0539303358377973,0.0539389207885748,1,0.149079050680839
Chr21_205379262,21,205379262,0.918589205066385,0.125108225108225,1155,0.0539303358377973,0.0539389042982035,1,0.119623018416718
Chr18_19444364,18,19444364,0.91877301351393,0.255411255411255,1155,0.0539303358377973,0.0539388655158893,1,-0.08163785274715
Chr17_297521603,17,297521603,0.918995006831964,0.0831168831168831,1155,0.0539303358377973,0.0539388187953249,1,0.122244678402978
Chr19_163945336,19,163945336,0.919146082799451,0.0251082251082251,1155,0.0539303358377973,0.0539387870741074,1,-0.200727612917646
Chr08_155676817,8,155676817,0.919306932285782,0.0545454545454545,1155,0.0539303358377973,0.0539387533667393,1,-0.150205278743073
Chr16_34501902,16,34501902,0.919320251764373,0.271428571428571,1155,0.0539303358377973,0.0539387505785814,1,0.0844820419824543
Chr15_4608923,15,4608923,0.919370760404768,0.0753246753246753,1155,0.0539303358377973,0.0539387400098766,1,0.123361192115993
Chr07_395177976,7,395177976,0.919518629403042,0.466233766233766,1155,0.0539303358377973,0.0539387091075323,1,0.0622132763540435
Chr08_247177626,8,247177626,0.919635324933476,0.151082251082251,1155,0.0539303358377973,0.0539386847605576,1,0.0856542527222928
Chr04_1178533,4,1178533,0.919716182639362,0.262337662337662,1155,0.0539303358377973,0.0539386679116726,1,0.0849246544032383
Chr07_76908721,7,76908721,0.919756388814578,0.0735930735930735,1155,0.0539303358377973,0.0539386595400302,1,-0.167532781980753
Chr16_17391811,16,17391811,0.920129296499873,0.0523809523809524,1155,0.0539303358377973,0.0539385820965268,1,0.141048159689817
Chr13_371094276,13,371094276,0.920236838029489,0.1,1155,0.0539303358377973,0.0539385598307849,1,0.170817379019013
Chr07_400176307,7,400176307,0.920283530214182,0.0238095238095238,1155,0.0539303358377973,0.0539385501729531,1,0.204589927305278
Chr17_47630594,17,47630594,0.920318300846587,0.106926406926407,1155,0.0539303358377973,0.0539385429847031,1,-0.104432445581864
Chr13_101895523,13,101895523,0.920418033246709,0.496103896103896,1155,0.0539303358377973,0.0539385223843181,1,-0.195765634954569
Chr15_514887376,15,514887376,0.920503649875428,0.45974025974026,1155,0.0539303358377973,0.0539385047204948,1,-0.0662189140988119
Chr07_243033980,7,243033980,0.921233374190946,0.0826839826839827,1155,0.0539303358377973,0.0539383549507236,1,-0.122369344961754
Chr19_39921476,19,39921476,0.921252726967123,0.264502164502165,1155,0.0539303358377973,0.0539383509977773,1,-0.0720512418680244
Chr14_397206879,14,397206879,0.921285373227682,0.0216450216450216,1155,0.0539303358377973,0.0539383443317677,1,0.212586011084369
Chr20_580880025,20,580880025,0.921321805053362,0.0458874458874459,1155,0.0539303358377973,0.0539383368960944,1,-0.150328358113939
Chr19_70052204,19,70052204,0.921349543669335,0.467965367965368,1155,0.0539303358377973,0.0539383312370282,1,-0.137285483727851
Chr19_139668792,19,139668792,0.921376641158084,0.448484848484848,1155,0.0539303358377973,0.0539383257107108,1,0.111824100550393
Chr10_186735490,10,186735490,0.921399192522825,0.0251082251082251,1155,0.0539303358377973,0.0539383211130139,1,-0.206713303778429
Chr12_55431363,12,55431363,0.921452912303528,0.0324675324675325,1155,0.0539303358377973,0.0539383101661808,1,0.160035343792757
Chr18_257655137,18,257655137,0.921737501263332,0.436796536796537,1155,0.0539303358377973,0.0539382523000872,1,-0.105566975286592
Chr18_157014064,18,157014064,0.922142182471985,0.0220779220779221,1155,0.0539303358377973,0.053938170381722,1,0.200405230116118
Chr15_95791393,15,95791393,0.922161979793461,0.0991341991341991,1155,0.0539303358377973,0.0539381663852494,1,-0.10853072016522
Chr02_332061171,2,332061171,0.92219941480919,0.281818181818182,1155,0.0539303358377973,0.0539381588310756,1,0.0775939780271528
Chr02_361211153,2,361211153,0.922397095003961,0.248484848484849,1155,0.0539303358377973,0.0539381190013636,1,0.112817171073402
Chr06_356650582,6,356650582,0.922471538241315,0.0614718614718615,1155,0.0539303358377973,0.0539381040287215,1,-0.139505183535476
Chr02_39801575,2,39801575,0.922595790656462,0.0147186147186147,1155,0.0539303358377973,0.053938079070461,1,-0.229333428191509
Chr21_90120652,21,90120652,0.922734154374004,0.224242424242424,1155,0.0539303358377973,0.0539380513254017,1,0.0944288788938081
Chr01_19854799,1,19854799,0.922735857390187,0.115151515151515,1155,0.0539303358377973,0.0539380509842227,1,-0.0955119303298062
Chr05_196571902,5,196571902,0.922769061399558,0.0463203463203463,1155,0.0539303358377973,0.0539380443336959,1,-0.14612069592728
Chr06_393445476,6,393445476,0.922771734198342,0.495670995670996,1155,0.0539303358377973,0.0539380437984764,1,0.355619022228893
Chr09_391754140,9,391754140,0.92278959604706,0.464502164502165,1155,0.0539303358377973,0.0539380402221982,1,-0.0587928369523922
Chr04_179755056,4,179755056,0.922794353333367,0.0307359307359307,1155,0.0539303358377973,0.0539380392698396,1,0.19731887392399
Chr20_49449110,20,49449110,0.922973834772056,0.134632034632035,1155,0.0539303358377973,0.0539380033830045,1,0.0880938012002304
Chr04_212929534,4,212929534,0.923287745528666,0.136363636363636,1155,0.0539303358377973,0.0539379408206787,1,0.0798424744549777
Chr07_426830002,7,426830002,0.923341131862832,0.0489177489177489,1155,0.0539303358377973,0.0539379302065323,1,0.142714207006975
Chr19_176281296,19,176281296,0.923366384100792,0.284415584415584,1155,0.0539303358377973,0.0539379251885461,1,0.0861112384505418
Chr13_285090068,13,285090068,0.923660712382802,0.0913419913419913,1155,0.0539303358377973,0.0539378668247051,1,-0.101710703420096
Chr08_43771909,8,43771909,0.924219478789817,0.445887445887446,1155,0.0539303358377973,0.0539377566495496,1,0.0579678733415108
Chr08_227445364,8,227445364,0.924322383663818,0.267965367965368,1155,0.0539303358377973,0.0539377364485355,1,0.0777456253491096
Chr04_189130508,4,189130508,0.924338867103395,0.272727272727273,1155,0.0539303358377973,0.0539377332152933,1,-0.0792072115833093
Chr13_54701653,13,54701653,0.924346590585241,0.34978354978355,1155,0.0539303358377973,0.0539377317005696,1,-0.0874093026641276
Chr16_346120570,16,346120570,0.924402440425665,0.0558441558441558,1155,0.0539303358377973,0.053937720751997,1,0.124606646527596
Chr21_409591499,21,409591499,0.924831892572882,0.345021645021645,1155,0.0539303358377973,0.0539376368373321,1,0.0890738675710736
Chr03_343678098,3,343678098,0.925029349306342,0.139393939393939,1155,0.0539303358377973,0.0539375984167629,1,-0.0886410321964206
Chr07_86131602,7,86131602,0.925132277390765,0.054978354978355,1155,0.0539303358377973,0.0539375784298555,1,-0.130136649379665
Chr07_66149139,7,66149139,0.925172032758704,0.264935064935065,1155,0.0539303358377973,0.0539375707174664,1,-0.0694627855241663
Chr08_24083417,8,24083417,0.925181935584069,0.0675324675324675,1155,0.0539303358377973,0.0539375687969998,1,-0.101667768733748
Chr03_48001233,3,48001233,0.925217644578196,0.148917748917749,1155,0.0539303358377973,0.0539375618740541,1,0.111329481112506
Chr13_8295048,13,8295048,0.925438099478624,0.236796536796537,1155,0.0539303358377973,0.0539375192082376,1,-0.0829421425604551
Chr01_21527085,1,21527085,0.925658465777952,0.366666666666667,1155,0.0539303358377973,0.0539374766869284,1,0.0882186643974023
Chr20_234686467,20,234686467,0.925697613585622,0.466233766233766,1155,0.0539303358377973,0.0539374691463879,1,0.0548463613945103
Chr19_108650862,19,108650862,0.926214171828423,0.375757575757576,1155,0.0539303358377973,0.0539373700246679,1,-0.0719684190634098
Chr15_169115135,15,169115135,0.926237764277228,0.0727272727272728,1155,0.0539303358377973,0.0539373655142454,1,-0.0916471787608089
Chr12_122049898,12,122049898,0.926264752573281,0.172727272727273,1155,0.0539303358377973,0.05393736035639,1,0.100094320825974
Chr17_214480413,17,214480413,0.92722484216017,0.025974025974026,1155,0.0539303358377973,0.053937178111174,1,0.179462068957065
Chr06_554140542,6,554140542,0.92743551034111,0.103896103896104,1155,0.0539303358377973,0.0539371384450503,1,-0.0928122210448095
Chr07_350460587,7,350460587,0.927480529799617,0.442424242424242,1155,0.0539303358377973,0.0539371299835422,1,0.0629255057733076
Chr08_269048400,8,269048400,0.927836303677475,0.482683982683983,1155,0.0539303358377973,0.0539370633017914,1,-0.0581306845395204
Chr14_235880211,14,235880211,0.927885075360088,0.291774891774892,1155,0.0539303358377973,0.0539370541864874,1,-0.0805851908639852
Chr14_514488759,14,514488759,0.927991769985528,0.475324675324675,1155,0.0539303358377973,0.0539370342672488,1,0.0546445411574439
Chr08_367002472,8,367002472,0.928281926434099,0.0225108225108225,1155,0.0539303358377973,0.0539369802475925,1,0.182777356175791
Chr03_118703692,3,118703692,0.928422685695943,0.0467532467532468,1155,0.0539303358377973,0.0539369541212668,1,0.130424717795066
Chr13_231689533,13,231689533,0.928541860673516,0.0255411255411255,1155,0.0539303358377973,0.0539369320417526,1,0.178850287069181
Chr05_131958494,5,131958494,0.928544725736282,0.0727272727272727,1155,0.0539303358377973,0.0539369315114032,1,0.107829190834849
Chr21_378048200,21,378048200,0.928590152672536,0.478787878787879,1155,0.0539303358377973,0.0539369231053011,1,0.0549381844472236
Chr07_349057394,7,349057394,0.928600134621043,0.19047619047619,1155,0.0539303358377973,0.053936921258895,1,0.0938728953008194
Chr12_283846018,12,283846018,0.928715358255484,0.149350649350649,1155,0.0539303358377973,0.05393689996439,1,-0.096248481779952
Chr01_409088842,1,409088842,0.928871497837489,0.377922077922078,1155,0.0539303358377973,0.0539368711636644,1,0.0638024340406105
Chr21_146932416,21,146932416,0.928903905874506,0.0571428571428571,1155,0.0539303358377973,0.0539368651938404,1,0.127563304448557
Chr04_125260296,4,125260296,0.929195716442049,0.0151515151515151,1155,0.0539303358377973,0.0539368115637874,1,-0.179041922454417
Chr20_135282482,20,135282482,0.929513125162061,0.0731601731601732,1155,0.0539303358377973,0.0539367534822971,1,-0.106140418745014
Chr02_143605775,2,143605775,0.929611215212779,0.0277056277056277,1155,0.0539303358377973,0.0539367355864826,1,0.180407129489566
Chr09_283728054,9,283728054,0.929806430213385,0.176190476190476,1155,0.0539303358377973,0.0539367000458582,1,0.0969797827988259
Chr20_42978378,20,42978378,0.929827418572564,0.404329004329004,1155,0.0539303358377973,0.0539366962306811,1,-0.0852469638553544
Chr15_548307985,15,548307985,0.929886404877468,0.125974025974026,1155,0.0539303358377973,0.0539366855145597,1,-0.0855976757141548
Chr08_18657268,8,18657268,0.930113029217944,0.0727272727272727,1155,0.0539303358377973,0.0539366444280999,1,-0.103211204882655
Chr06_347260696,6,347260696,0.930128572322371,0.487012987012987,1155,0.0539303358377973,0.0539366416150955,1,-0.193657956538573
Chr15_464862532,15,464862532,0.930241442565631,0.492207792207792,1155,0.0539303358377973,0.0539366212067103,1,-0.142221637011289
Chr11_211078965,11,211078965,0.930251344275345,0.343290043290043,1155,0.0539303358377973,0.0539366194179435,1,-0.0525236039846391
Chr17_142101866,17,142101866,0.930277235708185,0.0432900432900433,1155,0.0539303358377973,0.0539366147418109,1,-0.127434382212982
Chr01_241357328,1,241357328,0.930464973199059,0.448484848484848,1155,0.0539303358377973,0.0539365808878761,1,-0.0900195348897341
Chr19_608080488,19,608080488,0.930546443424785,0.384848484848485,1155,0.0539303358377973,0.0539365662253717,1,0.0526778218722086
Chr21_133494292,21,133494292,0.93055355975818,0.236796536796537,1155,0.0539303358377973,0.0539365649454442,1,0.0978707284240272
Chr17_144362329,17,144362329,0.930554350122906,0.228138528138528,1155,0.0539303358377973,0.0539365648032981,1,-0.0742756121180719
Chr19_160855135,19,160855135,0.930566308839285,0.0978354978354978,1155,0.0539303358377973,0.0539365626527532,1,-0.0925646559749111
Chr17_333721058,17,333721058,0.930642655848601,0.206926406926407,1155,0.0539303358377973,0.0539365489320225,1,-0.0599899978219014
Chr02_297078272,2,297078272,0.930668059569805,0.0909090909090909,1155,0.0539303358377973,0.0539365443699638,1,-0.0943711913967178
Chr06_319161770,6,319161770,0.930891800904914,0.461471861471861,1155,0.0539303358377973,0.0539365042628942,1,-0.0552381142189233
Chr11_34860852,11,34860852,0.931067224967993,0.291774891774892,1155,0.0539303358377973,0.0539364729085844,1,-0.0657015140124315
Chr11_193996535,11,193996535,0.931067816233297,0.326406926406926,1155,0.0539303358377973,0.0539364728030431,1,-0.0690900976736089
Chr08_68214701,8,68214701,0.931161212047228,0.34025974025974,1155,0.0539303358377973,0.0539364561429788,1,0.0546331568997118
Chr14_286277349,14,286277349,0.931200704425217,0.41038961038961,1155,0.0539303358377973,0.0539364491051416,1,0.0650818911453257
Chr21_431992621,21,431992621,0.931225005966942,0.472727272727273,1155,0.0539303358377973,0.0539364447764515,1,0.0622330033517642
Chr20_70304946,20,70304946,0.931486621856357,0.265800865800866,1155,0.0539303358377973,0.0539363982741733,1,-0.0613960471162329
Chr04_15235685,4,15235685,0.931838451973731,0.0264069264069264,1155,0.0539303358377973,0.0539363360184917,1,-0.166976672326598
Chr19_156511936,19,156511936,0.931985155239597,0.348051948051948,1155,0.0539303358377973,0.053936310155237,1,0.0550439249342389
Chr04_259836329,4,259836329,0.931997962700184,0.0225108225108225,1155,0.0539303358377973,0.0539363078999995,1,0.17512971419454
Chr17_95685245,17,95685245,0.932057369312613,0.495238095238095,1155,0.0539303358377973,0.0539362974448245,1,0.296217191189498
Chr14_487176397,14,487176397,0.932105616158656,0.28008658008658,1155,0.0539303358377973,0.0539362889604831,1,0.0683648288789982
Chr09_310683211,9,310683211,0.932198014450267,0.470995670995671,1155,0.0539303358377973,0.0539362727289772,1,0.115980387779587
Chr04_263066879,4,263066879,0.932399960250145,0.0411255411255411,1155,0.0539303358377973,0.053936237331076,1,0.121963523236971
Chr18_455090220,18,455090220,0.932551816271104,0.185281385281385,1155,0.0539303358377973,0.0539362107833437,1,0.0734312290568369
Chr19_525278254,19,525278254,0.932830060303333,0.247186147186147,1155,0.0539303358377973,0.0539361622966333,1,-0.074093864962208
Chr08_127160646,8,127160646,0.932932846091663,0.453679653679654,1155,0.0539303358377973,0.0539361444363979,1,-0.0942076299013479
Chr10_423917794,10,423917794,0.933041468165603,0.0987012987012987,1155,0.0539303358377973,0.0539361255920466,1,-0.112321477040894
Chr08_23347234,8,23347234,0.933441764728569,0.483549783549784,1155,0.0539303358377973,0.0539360564125766,1,-0.0531215782427807
Chr14_151766111,14,151766111,0.933483105157544,0.48008658008658,1155,0.0539303358377973,0.0539360492919554,1,-0.123353064677985
Chr02_235177393,2,235177393,0.933509475304229,0.0246753246753247,1155,0.0539303358377973,0.0539360447522016,1,0.165181464242835
Chr10_470845866,10,470845866,0.933824817941134,0.0264069264069264,1155,0.0539303358377973,0.0539359906051228,1,-0.159656543508135
Chr15_558781222,15,558781222,0.933877454043708,0.112987012987013,1155,0.0539303358377973,0.0539359815923461,1,-0.070085072605238
Chr07_120924755,7,120924755,0.934010497865444,0.0277056277056277,1155,0.0539303358377973,0.0539359588437831,1,0.167410034424876
Chr20_4950778,20,4950778,0.934102274166877,0.459307359307359,1155,0.0539303358377973,0.0539359431783146,1,0.0966269529084229
Chr18_380709931,18,380709931,0.934392834787703,0.0268398268398269,1155,0.0539303358377973,0.0539358937270691,1,-0.162124547549865
Chr02_350280582,2,350280582,0.934696421444883,0.0627705627705628,1155,0.0539303358377973,0.0539358422944407,1,-0.116607579467654
Chr09_111456880,9,111456880,0.934703059802383,0.401731601731602,1155,0.0539303358377973,0.0539358411724801,1,0.0505369194798959
Chr12_352069759,12,352069759,0.934735147296582,0.367965367965368,1155,0.0539303358377973,0.0539358357509461,1,-0.0531294815926628
Chr11_41084311,11,41084311,0.9348184078419,0.0207792207792208,1155,0.0539303358377973,0.0539358216957073,1,0.173369052366908
Chr14_86427359,14,86427359,0.935130596081225,0.488744588744589,1155,0.0539303358377973,0.053935769156279,1,0.0534840308147864
Chr08_221442683,8,221442683,0.935150642295191,0.289177489177489,1155,0.0539303358377973,0.0539357657913178,1,-0.0675399572165816
Chr20_537657373,20,537657373,0.935154693475971,0.385281385281385,1155,0.0539303358377973,0.0539357651114104,1,-0.0495678957756525
Chr16_213931923,16,213931923,0.935642965618954,0.0961038961038961,1155,0.0539303358377973,0.0539356834790607,1,0.080811610015644
Chr11_12260919,11,12260919,0.935780699104391,0.23982683982684,1155,0.0539303358377973,0.0539356605644741,1,-0.0674502754150126
Chr20_636870198,20,636870198,0.935854027913187,0.0246753246753247,1155,0.0539303358377973,0.0539356483850287,1,-0.163540134189603
Chr01_460627898,1,460627898,0.936052761773671,0.303463203463203,1155,0.0539303358377973,0.0539356154471745,1,-0.0725787792413257
Chr13_233658092,13,233658092,0.936113998894362,0.0536796536796537,1155,0.0539303358377973,0.0539356053186018,1,-0.120218498148006
Chr20_77164840,20,77164840,0.936269666668322,0.025974025974026,1155,0.0539303358377973,0.0539355796153335,1,0.157544302918296
Chr20_68230078,20,68230078,0.936301490872021,0.497835497835498,1155,0.0539303358377973,0.0539355743684279,1,-0.40848245964844
Chr20_131240158,20,131240158,0.936580595724742,0.0229437229437229,1155,0.0539303358377973,0.0539355284652239,1,0.158861738640553
Chr20_204585011,20,204585011,0.936611431757573,0.107792207792208,1155,0.0539303358377973,0.0539355234062219,1,0.0825205822958424
Chr20_427017203,20,427017203,0.936828033248005,0.166233766233766,1155,0.0539303358377973,0.0539354879402024,1,0.0649418697386182
Chr09_473798653,9,473798653,0.936915944785422,0.0264069264069264,1155,0.0539303358377973,0.0539354735806173,1,-0.160982976144425
Chr12_358191414,12,358191414,0.936947018913581,0.0242424242424242,1155,0.0539303358377973,0.0539354685097536,1,0.152278012935653
Chr05_365758937,5,365758937,0.936958919370865,0.025974025974026,1155,0.0539303358377973,0.0539354665684325,1,-0.159888518281846
Chr19_507695492,19,507695492,0.936990860551919,0.338528138528139,1155,0.0539303358377973,0.0539354613596926,1,0.0560965477461934
Chr20_591940264,20,591940264,0.937282601955121,0.484415584415584,1155,0.0539303358377973,0.0539354139077838,1,-0.0383612859822335
Chr02_207398617,2,207398617,0.93738149101432,0.181818181818182,1155,0.0539303358377973,0.0539353978738111,1,-0.0935378268857221
Chr20_276704785,20,276704785,0.937595329974618,0.0632034632034632,1155,0.0539303358377973,0.0539353632889616,1,-0.101293019233182
Chr21_407200758,21,407200758,0.937757341650078,0.401298701298701,1155,0.0539303358377973,0.0539353371657216,1,-0.0669705003301715
Chr13_325422253,13,325422253,0.937784552971142,0.0484848484848485,1155,0.0539303358377973,0.0539353327848026,1,-0.0888208519270393
Chr19_735908059,19,735908059,0.937825992473879,0.478354978354978,1155,0.0539303358377973,0.0539353261169123,1,0.105865081534148
Chr18_509392516,18,509392516,0.937917835020457,0.074025974025974,1155,0.0539303358377973,0.0539353113547978,1,-0.129542741488024
Chr14_262952842,14,262952842,0.937958523962755,0.338095238095238,1155,0.0539303358377973,0.0539353048217813,1,-0.0687828441112401
Chr15_347246094,15,347246094,0.938027706400238,0.149350649350649,1155,0.0539303358377973,0.0539352937237633,1,0.0992357900285583
Chr04_248564957,4,248564957,0.938030703434706,0.177489177489178,1155,0.0539303358377973,0.0539352932432693,1,-0.0743579356328326
Chr10_187569816,10,187569816,0.938068687323151,0.0255411255411255,1155,0.0539303358377973,0.0539352871556212,1,-0.162104628542323
Chr07_443067990,7,443067990,0.938122845449966,0.0112554112554113,1155,0.0539303358377973,0.0539352784822523,1,-0.18566910762857
Chr16_283337461,16,283337461,0.938582775025489,0.251082251082251,1155,0.0539303358377973,0.0539352051332741,1,-0.0753777839722716
Chr14_116933848,14,116933848,0.93883417163901,0.425974025974026,1155,0.0539303358377973,0.0539351652740054,1,0.050401047342973
Chr14_106289062,14,106289062,0.93899660410683,0.0246753246753247,1155,0.0539303358377973,0.0539351396077502,1,0.156250091459015
Chr06_469570723,6,469570723,0.93928327898255,0.0653679653679654,1155,0.0539303358377973,0.0539350944775409,1,-0.0986291863892745
Chr02_299177504,2,299177504,0.939583408407431,0.340692640692641,1155,0.0539303358377973,0.0539350474587693,1,0.0576685744692611
Chr20_565435155,20,565435155,0.939622717097488,0.0857142857142857,1155,0.0539303358377973,0.0539350413179943,1,-0.0881790101699096
Chr08_80964688,8,80964688,0.93963123307392,0.297835497835498,1155,0.0539303358377973,0.0539350399881696,1,0.0650703541246855
Chr17_108915732,17,108915732,0.939631346104508,0.478787878787879,1155,0.0539303358377973,0.0539350399705183,1,0.0866727226459716
Chr07_362561593,7,362561593,0.939902703173806,0.10995670995671,1155,0.0539303358377973,0.0539349976952761,1,-0.0820249652479106
Chr12_384257727,12,384257727,0.939938673465191,0.0398268398268398,1155,0.0539303358377973,0.0539349921058,1,-0.145875448125906
Chr08_301078397,8,301078397,0.940037204374155,0.0558441558441558,1155,0.0539303358377973,0.0539349768122078,1,0.107125420980907
Chr07_145440056,7,145440056,0.940112761891132,0.0709956709956709,1155,0.0539303358377973,0.0539349651015966,1,0.124596119231683
Chr21_72438764,21,72438764,0.940451673352149,0.0103896103896104,1155,0.0539303358377973,0.053934912756941,1,-0.194684990107802
Chr20_84386335,20,84386335,0.940455834037635,0.430735930735931,1155,0.0539303358377973,0.0539349121161856,1,-0.0543374662830445
Chr19_517997204,19,517997204,0.940508310551445,0.112554112554113,1155,0.0539303358377973,0.0539349040385501,1,0.054332465266711
Chr18_220441407,18,220441407,0.940535002954539,0.254112554112554,1155,0.0539303358377973,0.0539348999325783,1,-0.0636667790112142
Chr15_402549417,15,402549417,0.940546247373814,0.354545454545454,1155,0.0539303358377973,0.053934898203458,1,0.0596780993192851
Chr19_735158121,19,735158121,0.940610955353223,0.0164502164502165,1155,0.0539303358377973,0.0539348882593219,1,0.140214366765576
Chr08_67417313,8,67417313,0.940895207484614,0.387012987012987,1155,0.0539303358377973,0.0539348447054975,1,-0.0489315140803797
Chr09_438847170,9,438847170,0.941024673277181,0.324675324675325,1155,0.0539303358377973,0.0539348249381923,1,0.0514561765727706
Chr21_72438778,21,72438778,0.941175412827226,0.012987012987013,1155,0.0539303358377973,0.0539348019777482,1,-0.175608111285968
Chr14_328088388,14,328088388,0.941178578479037,0.2,1155,0.0539303358377973,0.0539348014961962,1,0.0721014853861277
Chr09_3462696,9,3462696,0.941264397304445,0.287012987012987,1155,0.0539303358377973,0.0539347884515382,1,0.0490954627675819
Chr09_296131009,9,296131009,0.941376045319033,0.235497835497836,1155,0.0539303358377973,0.0539347715094965,1,-0.0675959058144144
Chr07_358443261,7,358443261,0.941454634712659,0.133766233766234,1155,0.0539303358377973,0.0539347596034129,1,-0.0721488509086043
Chr10_151248824,10,151248824,0.941532175173244,0.054978354978355,1155,0.0539303358377973,0.0539347478720038,1,0.106122124174817
Chr11_46015352,11,46015352,0.94167695614406,0.443290043290043,1155,0.0539303358377973,0.0539347260094244,1,0.044590234748938
Chr08_425978032,8,425978032,0.941684031258342,0.051948051948052,1155,0.0539303358377973,0.0539347249424503,1,0.0929079556452024
Chr01_79077067,1,79077067,0.941827042284864,0.337229437229437,1155,0.0539303358377973,0.0539347034033695,1,-0.0572394723413936
Chr05_147043586,5,147043586,0.941858155650071,0.00952380952380952,1155,0.0539303358377973,0.053934698724401,1,-0.178761745840028
Chr20_520832275,20,520832275,0.941918189491763,0.368831168831169,1155,0.0539303358377973,0.0539346897033578,1,-0.0534464499436638
Chr01_420731066,1,420731066,0.941944369139516,0.129004329004329,1155,0.0539303358377973,0.0539346857723907,1,0.0719988504433786
Chr15_461686209,15,461686209,0.942206714871913,0.45974025974026,1155,0.0539303358377973,0.0539346464787746,1,0.0433560808964728
Chr15_512223267,15,512223267,0.942347019746548,0.0272727272727273,1155,0.0539303358377973,0.0539346255377472,1,0.142195232269231
Chr06_387024702,6,387024702,0.942655746693884,0.0484848484848485,1155,0.0539303358377973,0.0539345796395629,1,-0.106494785964514
Chr01_121114941,1,121114941,0.942880079890993,0.452813852813853,1155,0.0539303358377973,0.0539345464437954,1,0.0367251253288998
Chr19_115880922,19,115880922,0.943057198969128,0.0207792207792208,1155,0.0539303358377973,0.0539345203271064,1,-0.127641250428383
Chr15_504816460,15,504816460,0.943170646992202,0.025974025974026,1155,0.0539303358377973,0.0539345036417919,1,0.146303398857825
Chr11_203382506,11,203382506,0.9432134913858,0.303030303030303,1155,0.0539303358377973,0.0539344973491853,1,0.0627320844935184
Chr12_16518084,12,16518084,0.943327910001281,0.0229437229437229,1155,0.0539303358377973,0.0539344805678124,1,0.140839762584534
Chr15_401782626,15,401782626,0.943332307127293,0.118181818181818,1155,0.0539303358377973,0.0539344799235822,1,0.0828625816940303
Chr15_488113854,15,488113854,0.943479007570047,0.101298701298701,1155,0.0539303358377973,0.0539344584590764,1,-0.0887659560685279
Chr16_93076782,16,93076782,0.943488731467968,0.233333333333333,1155,0.0539303358377973,0.0539344570383034,1,0.0701107423958831
Chr02_316741342,2,316741342,0.943627340043201,0.0896103896103896,1155,0.0539303358377973,0.0539344368127346,1,0.0773684857258985
Chr07_18735843,7,18735843,0.943636093485809,0.108658008658009,1155,0.0539303358377973,0.0539344355371221,1,0.0580916063809127
Chr17_87538619,17,87538619,0.943677454808004,0.499134199134199,1155,0.0539303358377973,0.0539344295123635,1,0.568108457511698
Chr20_10046260,20,10046260,0.943681503722993,0.0406926406926407,1155,0.0539303358377973,0.0539344289228321,1,0.0970320480994218
Chr19_799509452,19,799509452,0.943708209275208,0.314285714285714,1155,0.0539303358377973,0.0539344250355044,1,0.051639149241538
Chr21_215065769,21,215065769,0.943781525921046,0.0701298701298701,1155,0.0539303358377973,0.0539344143728937,1,0.089372627738797
Chr13_9887200,13,9887200,0.943996087392529,0.30952380952381,1155,0.0539303358377973,0.0539343832490817,1,0.0532051422785571
Chr14_8946127,14,8946127,0.944208449315643,0.0471861471861472,1155,0.0539303358377973,0.0539343525622926,1,-0.10346581892864
Chr13_250449659,13,250449659,0.944363188771714,0.352813852813853,1155,0.0539303358377973,0.0539343302759869,1,0.0441445790231967
Chr20_248288788,20,248288788,0.944372908005844,0.181385281385281,1155,0.0539303358377973,0.0539343288782556,1,-0.0710277205647571
Chr15_513072855,15,513072855,0.944453081014128,0.296536796536797,1155,0.0539303358377973,0.053934317357893,1,-0.0599312913577705
Chr02_55339332,2,55339332,0.944567623495931,0.0792207792207792,1155,0.0539303358377973,0.0539343009278617,1,-0.0835233749162967
Chr05_222232419,5,222232419,0.944573307753386,0.474891774891775,1155,0.0539303358377973,0.0539343001133981,1,0.0524976240963042
Chr02_376282484,2,376282484,0.944638406380183,0.0277056277056277,1155,0.0539303358377973,0.0539342907917938,1,-0.137216230843805
Chr06_481722562,6,481722562,0.944885532754195,0.0242424242424242,1155,0.0539303358377973,0.0539342555056327,1,0.136817438623581
Chr20_587842125,20,587842125,0.945195427396619,0.451515151515152,1155,0.0539303358377973,0.0539342114815712,1,0.0786478692500623
Chr07_411102926,7,411102926,0.945289912920568,0.44025974025974,1155,0.0539303358377973,0.0539341981085187,1,0.0460456031108833
Chr15_21071296,15,21071296,0.945403700935332,0.0268398268398268,1155,0.0539303358377973,0.0539341820343014,1,0.13583595528678
Chr21_324508043,21,324508043,0.945729399041724,0.0480519480519481,1155,0.0539303358377973,0.0539341362108388,1,-0.0972936569976213
Chr06_542923384,6,542923384,0.94576113031249,0.396536796536797,1155,0.0539303358377973,0.0539341317612173,1,-0.0393353482781151
Chr13_15165130,13,15165130,0.945795467637695,0.0701298701298701,1155,0.0539303358377973,0.0539341269491033,1,-0.0861799897316615
Chr06_527021712,6,527021712,0.945817019403199,0.0896103896103896,1155,0.0539303358377973,0.0539341239303542,1,0.0895795118598812
Chr19_138207186,19,138207186,0.945879363666716,0.0987012987012987,1155,0.0539303358377973,0.0539341152046151,1,0.07006312613521
Chr14_97699718,14,97699718,0.945901288130193,0.346320346320346,1155,0.0539303358377973,0.0539341121384546,1,-0.0442048245266164
Chr02_21225310,2,21225310,0.945984127779531,0.135930735930736,1155,0.0539303358377973,0.0539341005645289,1,-0.0581889118751633
Chr02_116132771,2,116132771,0.946288042727794,0.0246753246753247,1155,0.0539303358377973,0.0539340582559296,1,0.139007658437848
Chr11_212660805,11,212660805,0.946417598801637,0.247186147186147,1155,0.0539303358377973,0.053934040293188,1,0.0542079023938413
Chr19_87312336,19,87312336,0.946460894712541,0.11991341991342,1155,0.0539303358377973,0.0539340343000093,1,-0.0643098107816655
Chr15_21931989,15,21931989,0.946540699635716,0.0640692640692641,1155,0.0539303358377973,0.053934023265886,1,-0.0870372569823701
Chr20_148333786,20,148333786,0.946558042860579,0.051948051948052,1155,0.0539303358377973,0.0539340208701413,1,-0.0954473218897789
Chr09_76617369,9,76617369,0.946736029860724,0.0844155844155844,1155,0.0539303358377973,0.0539339963286785,1,-0.0748678417669879
Chr20_269555524,20,269555524,0.947232298441608,0.491774891774892,1155,0.0539303358377973,0.0539339283363853,1,0.0432449173731584
Chr07_463334041,7,463334041,0.947519079701259,0.449350649350649,1155,0.0539303358377973,0.0539338893371997,1,0.0433886909028161
Chr01_383155189,1,383155189,0.947622269684908,0.0251082251082251,1155,0.0539303358377973,0.05393387535676,1,-0.12910729044502
Chr21_14122645,21,14122645,0.947695067323879,0.107359307359307,1155,0.0539303358377973,0.0539338655106006,1,-0.0659737343917186
Chr19_517853276,19,517853276,0.947923262507291,0.395238095238095,1155,0.0539303358377973,0.0539338347355812,1,0.041382444224439
Chr01_371044993,1,371044993,0.948113013999343,0.294372294372294,1155,0.0539303358377973,0.0539338092482305,1,-0.0424198317558648
Chr21_70369540,21,70369540,0.948312853091741,0.417316017316017,1155,0.0539303358377973,0.0539337825070726,1,-0.0600901949443937
Chr05_4716526,5,4716526,0.948400349112328,0.0233766233766234,1155,0.0539303358377973,0.0539337708315913,1,0.130714722651589
Chr20_591475704,20,591475704,0.948839980384456,0.0666666666666667,1155,0.0539303358377973,0.0539337124681943,1,0.0777683550167012
Chr09_452619924,9,452619924,0.948842710432226,0.322077922077922,1155,0.0539303358377973,0.0539337121073361,1,0.0491840754859254
Chr17_102149615,17,102149615,0.948926719270897,0.498268398268398,1155,0.0539303358377973,0.0539337010124551,1,-0.300733877900711
Chr07_494098813,7,494098813,0.949033971652288,0.341558441558442,1155,0.0539303358377973,0.0539336868744897,1,-0.0443070958319254
Chr15_373741769,15,373741769,0.949139552582913,0.342857142857143,1155,0.0539303358377973,0.0539336729860421,1,-0.0547851480408781
Chr14_235679351,14,235679351,0.949285623174436,0.0246753246753247,1155,0.0539303358377973,0.0539336538192029,1,0.129912458043833
Chr02_45154908,2,45154908,0.949298834497466,0.358441558441558,1155,0.0539303358377973,0.0539336520883967,1,0.049568635239126
Chr17_105249608,17,105249608,0.949442009504018,0.435064935064935,1155,0.0539303358377973,0.053933633360204,1,-0.0573183011366609
Chr03_407009024,3,407009024,0.949484414297612,0.391341991341991,1155,0.0539303358377973,0.0539336278236128,1,0.045637791253057
Chr21_146973476,21,146973476,0.949502915737861,0.0298701298701299,1155,0.0539303358377973,0.0539336254094306,1,0.124147841439566
Chr11_207750698,11,207750698,0.949637980857684,0.0774891774891775,1155,0.0539303358377973,0.0539336078122384,1,-0.0763491644695335
Chr18_475719709,18,475719709,0.949919393459597,0.321212121212121,1155,0.0539303358377973,0.05393357130011,1,-0.0485672205894048
Chr21_33200181,21,33200181,0.950005578433617,0.11991341991342,1155,0.0539303358377973,0.0539335601591047,1,-0.0554941068681103
Chr12_49272732,12,49272732,0.950125729051829,0.025974025974026,1155,0.0539303358377973,0.0539335446596014,1,-0.121163813454601
Chr01_480122560,1,480122560,0.950226550648249,0.236363636363636,1155,0.0539303358377973,0.0539335316824816,1,-0.0486008429165565
Chr05_330432981,5,330432981,0.950294897553376,0.0251082251082251,1155,0.0539303358377973,0.0539335229003128,1,0.114062204732704
Chr13_202537342,13,202537342,0.950437268949907,0.152813852813853,1155,0.0539303358377973,0.0539335046453862,1,0.0557774904222015
Chr08_425978062,8,425978062,0.950473043357463,0.0194805194805195,1155,0.0539303358377973,0.0539335000666522,1,-0.130394656477449
Chr07_345708286,7,345708286,0.950562189559532,0.0225108225108225,1155,0.0539303358377973,0.0539334886713634,1,0.124234900908888
Chr15_32610470,15,32610470,0.950759543770158,0.110822510822511,1155,0.0539303358377973,0.0539334635175764,1,0.0663039888806338
Chr04_102050065,4,102050065,0.950799066595173,0.0541125541125541,1155,0.0539303358377973,0.0539334584923509,1,0.0920308866473363
Chr09_111605290,9,111605290,0.950915744663506,0.311255411255411,1155,0.0539303358377973,0.053933443680683,1,0.0563498919087806
Chr02_304472724,2,304472724,0.950992179495173,0.0701298701298701,1155,0.0539303358377973,0.0539334339968471,1,-0.0777853865186273
Chr20_174499981,20,174499981,0.951014691019987,0.0666666666666667,1155,0.0539303358377973,0.0539334311476604,1,-0.0703483111821583
Chr12_18305621,12,18305621,0.951228759321762,0.114718614718615,1155,0.0539303358377973,0.0539334041197194,1,0.0507543114351847
Chr19_727037810,19,727037810,0.951286262759939,0.0264069264069264,1155,0.0539303358377973,0.0539333968796905,1,0.120303376121399
Chr02_135586261,2,135586261,0.951300915937877,0.0220779220779221,1155,0.0539303358377973,0.0539333950361397,1,0.129033141970368
Chr20_267755192,20,267755192,0.951356131940214,0.0904761904761905,1155,0.0539303358377973,0.0539333880942932,1,0.0664141549249564
Chr21_117448550,21,117448550,0.951454684300311,0.294805194805195,1155,0.0539303358377973,0.0539333757237989,1,0.0598843348155924
Chr20_245932754,20,245932754,0.951671221002438,0.0593073593073593,1155,0.0539303358377973,0.0539333486322162,1,-0.078767183622233
Chr11_149000352,11,149000352,0.951706767931732,0.403030303030303,1155,0.0539303358377973,0.0539333441964596,1,-0.0341519422749172
Chr18_433629225,18,433629225,0.951758862270339,0.364502164502164,1155,0.0539303358377973,0.0539333377017434,1,0.0483461886969394
Chr02_6695722,2,6695722,0.951794802146209,0.458441558441558,1155,0.0539303358377973,0.0539333332251472,1,0.0502361376942417
Chr06_391609291,6,391609291,0.951816479071484,0.381818181818182,1155,0.0539303358377973,0.0539333305267335,1,-0.035326878446142
Chr15_365937497,15,365937497,0.952002046430861,0.216017316017316,1155,0.0539303358377973,0.0539333074766272,1,-0.0621430361903776
Chr19_47888068,19,47888068,0.952003030754009,0.107359307359307,1155,0.0539303358377973,0.0539333073545992,1,0.0612466349969054
Chr18_518403384,18,518403384,0.952050085069625,0.235064935064935,1155,0.0539303358377973,0.0539333015241102,1,0.0662527026586872
Chr18_463750660,18,463750660,0.952139146246529,0.041991341991342,1155,0.0539303358377973,0.0539332905042879,1,0.091513430449595
Chr20_128830134,20,128830134,0.952289853278439,0.0225108225108225,1155,0.0539303358377973,0.0539332719037194,1,0.119062786759059
Chr18_282150849,18,282150849,0.952910047742701,0.0298701298701298,1155,0.0539303358377973,0.0539331959784185,1,0.116554082228504
Chr11_234942656,11,234942656,0.952915408673618,0.0437229437229437,1155,0.0539303358377973,0.0539331953264756,1,0.0742126967202097
Chr19_170338092,19,170338092,0.95299441467097,0.461038961038961,1155,0.0539303358377973,0.0539331857271915,1,-0.0336072449956077
Chr21_87225445,21,87225445,0.953419966914709,0.195670995670996,1155,0.0539303358377973,0.0539331343008376,1,0.0526894513198783
Chr05_391948474,5,391948474,0.953571245597473,0.392207792207792,1155,0.0539303358377973,0.0539331161325869,1,-0.0581653532995574
Chr09_168912594,9,168912594,0.953782836191431,0.0796536796536797,1155,0.0539303358377973,0.0539330908205907,1,0.0714608686324141
Chr20_661798770,20,661798770,0.954114635202121,0.2995670995671,1155,0.0539303358377973,0.0539330513622411,1,-0.0413130148491234
Chr15_141900927,15,141900927,0.954150548664066,0.468398268398268,1155,0.0539303358377973,0.0539330471084499,1,-0.0377236181611522
Chr06_495560270,6,495560270,0.954163100421831,0.251082251082251,1155,0.0539303358377973,0.0539330456225403,1,-0.0441920810666829
Chr19_508627531,19,508627531,0.954203367306515,0.0471861471861472,1155,0.0539303358377973,0.0539330408583955,1,-0.0854867955398362
Chr19_6705415,19,6705415,0.954774653088288,0.498701298701299,1155,0.0539303358377973,0.0539329737202353,1,0.115559959693201
Chr01_68628559,1,68628559,0.954985507155822,0.125541125541126,1155,0.0539303358377973,0.0539329491542715,1,0.0459374081696069
Chr18_305332118,18,305332118,0.955114908195545,0.404329004329004,1155,0.0539303358377973,0.053932934135237,1,-0.0558346536381578
Chr19_121410237,19,121410237,0.955124761245436,0.226839826839827,1155,0.0539303358377973,0.0539329329934121,1,-0.0419311046177882
Chr21_74390875,21,74390875,0.955260161279351,0.18008658008658,1155,0.0539303358377973,0.0539329173280454,1,0.0437463429401532
Chr08_189167455,8,189167455,0.955301122973748,0.175757575757576,1155,0.0539303358377973,0.0539329125982699,1,0.0444679724821668
Chr02_266352444,2,266352444,0.955319314162141,0.280952380952381,1155,0.0539303358377973,0.0539329104991615,1,0.0485462979242754
Chr02_83892791,2,83892791,0.955562473391997,0.447186147186147,1155,0.0539303358377973,0.0539328825230196,1,0.0609503624476702
Chr16_390091739,16,390091739,0.955570660461324,0.47965367965368,1155,0.0539303358377973,0.0539328815837407,1,-0.0951415450115292
Chr20_378235073,20,378235073,0.955623577371992,0.0437229437229437,1155,0.0539303358377973,0.0539328755169379,1,-0.0842852462420183
Chr04_248039496,4,248039496,0.955639991435618,0.179220779220779,1155,0.0539303358377973,0.0539328736365801,1,0.0525086452075527
Chr20_118398897,20,118398897,0.955655597396969,0.108658008658009,1155,0.0539303358377973,0.0539328718494406,1,-0.0591394300371064
Chr20_67580931,20,67580931,0.955776964155632,0.172294372294372,1155,0.0539303358377973,0.0539328579725161,1,0.0545138092412856
Chr13_8692750,13,8692750,0.955866582483246,0.486147186147186,1155,0.0539303358377973,0.0539328477501785,1,-0.0403589547303227
Chr06_409578223,6,409578223,0.955942114432068,0.0463203463203463,1155,0.0539303358377973,0.0539328391507748,1,0.0813496088027108
Chr08_53750683,8,53750683,0.956067378712486,0.083982683982684,1155,0.0539303358377973,0.0539328249218891,1,0.0500666454642982
Chr08_62233358,8,62233358,0.956130594645997,0.448484848484848,1155,0.0539303358377973,0.0539328177565765,1,-0.034913513641186
Chr03_663229,3,663229,0.956214998294137,0.0995670995670996,1155,0.0539303358377973,0.0539328082058563,1,0.0436313217329598
Chr08_154338925,8,154338925,0.956344067241648,0.374458874458874,1155,0.0539303358377973,0.0539327936367383,1,0.0337699313617748
Chr01_240919102,1,240919102,0.956349264031362,0.0796536796536797,1155,0.0539303358377973,0.0539327930510352,1,-0.0504044925389309
Chr16_355544580,16,355544580,0.956408110891338,0.00735930735930736,1155,0.0539303358377973,0.0539327864236087,1,-0.159120977142408
Chr08_69818307,8,69818307,0.95657764329679,0.434632034632035,1155,0.0539303358377973,0.053932767380785,1,0.0318270539678736
Chr20_268029674,20,268029674,0.956601154720572,0.493939393939394,1155,0.0539303358377973,0.0539327647457312,1,0.168398650522249
Chr21_377146432,21,377146432,0.956799857593945,0.391341991341991,1155,0.0539303358377973,0.053932742533252,1,-0.0514219782598957
Chr15_210642516,15,210642516,0.956839112094777,0.493939393939394,1155,0.0539303358377973,0.053932738157196,1,0.0878593247812205
Chr13_62741319,13,62741319,0.956984769307646,0.051948051948052,1155,0.0539303358377973,0.0539327219543747,1,-0.0807745392383197
Chr18_315488736,18,315488736,0.957182317483637,0.386147186147186,1155,0.0539303358377973,0.0539327000670884,1,0.0302878001160707
Chr11_77944397,11,77944397,0.957227306918737,0.341125541125541,1155,0.0539303358377973,0.0539326950966381,1,-0.0408276067732629
Chr01_314146867,1,314146867,0.957292230823054,0.0220779220779221,1155,0.0539303358377973,0.0539326879330663,1,0.111604718921669
Chr14_253232253,14,253232253,0.95730092786529,0.274891774891775,1155,0.0539303358377973,0.0539326869742822,1,-0.0474004084894091
Chr15_107717242,15,107717242,0.957390579864536,0.0207792207792208,1155,0.0539303358377973,0.0539326771022407,1,0.114713810106679
Chr15_225256591,15,225256591,0.957390579864536,0.0207792207792208,1155,0.0539303358377973,0.0539326771022407,1,0.114713810106679
Chr07_2934144,7,2934144,0.957918679068831,0.0844155844155844,1155,0.0539303358377973,0.0539326193732067,1,0.0627460141902532
Chr19_310594116,19,310594116,0.958371165086634,0.0255411255411255,1155,0.0539303358377973,0.0539325704846366,1,-0.107978552467088
Chr19_784694961,19,784694961,0.95874431588083,0.0619047619047619,1155,0.0539303358377973,0.053932530566884,1,0.063624386756473
Chr21_104814447,21,104814447,0.959065788325232,0.00692640692640693,1155,0.0539303358377973,0.0539324964666477,1,-0.148390731872993
Chr17_86643320,17,86643320,0.959180029894073,0.248917748917749,1155,0.0539303358377973,0.053932484412922,1,0.044163639921095
Chr09_292732787,9,292732787,0.959505589249782,0.280519480519481,1155,0.0539303358377973,0.0539324502483154,1,0.0463020080212573
Chr14_374681549,14,374681549,0.959618653282981,0.381818181818182,1155,0.0539303358377973,0.0539324384474537,1,0.0327229525119321
Chr06_34575002,6,34575002,0.959621442039615,0.351515151515152,1155,0.0539303358377973,0.0539324381568042,1,-0.0334406752081122
Chr05_263949790,5,263949790,0.959763379857496,0.377489177489177,1155,0.0539303358377973,0.0539324233901881,1,0.0337563964942262
Chr21_336248750,21,336248750,0.959919142924948,0.0242424242424242,1155,0.0539303358377973,0.0539324072453009,1,-0.102781625425607
Chr10_439191776,10,439191776,0.960304665061894,0.219047619047619,1155,0.0539303358377973,0.053932367556014,1,-0.0528006844972992
Chr06_446149717,6,446149717,0.960524842272337,0.145454545454546,1155,0.0539303358377973,0.0539323450615639,1,0.0453480756451654
Chr07_33837932,7,33837932,0.960540465721633,0.385281385281385,1155,0.0539303358377973,0.0539323434701605,1,0.0279268482749728
Chr15_431602485,15,431602485,0.960738852393479,0.0532467532467532,1155,0.0539303358377973,0.0539323233174764,1,0.0742817468794499
Chr19_30379617,19,30379617,0.961043759550042,0.115584415584416,1155,0.0539303358377973,0.0539322925428016,1,-0.0501625877683693
Chr06_510359842,6,510359842,0.96107763029106,0.104761904761905,1155,0.0539303358377973,0.0539322891390374,1,0.05878635805675
Chr02_155419257,2,155419257,0.961558966984002,0.114718614718615,1155,0.0539303358377973,0.0539322410891957,1,0.0442673031605807
Chr06_566291113,6,566291113,0.961937599164217,0.320779220779221,1155,0.0539303358377973,0.0539322037133689,1,-0.0406657950746308
Chr19_561090027,19,561090027,0.962150725229555,0.285714285714286,1155,0.0539303358377973,0.0539321828383368,1,-0.0375592385773018
Chr06_490105364,6,490105364,0.96231457265865,0.0939393939393939,1155,0.0539303358377973,0.0539321668699281,1,0.0625743145652962
Chr15_454588273,15,454588273,0.962375859393011,0.051948051948052,1155,0.0539303358377973,0.0539321609148368,1,0.127641815088964
Chr21_357307920,21,357307920,0.962376559926801,0.0251082251082251,1155,0.0539303358377973,0.0539321608468253,1,-0.089681088627529
Chr07_254121057,7,254121057,0.962509340371855,0.0675324675324675,1155,0.0539303358377973,0.0539321479784436,1,0.0688532010765073
Chr14_128759335,14,128759335,0.962519160489114,0.0432900432900433,1155,0.0539303358377973,0.0539321470285421,1,-0.0581151141934697
Chr18_550223545,18,550223545,0.962686811944052,0.162770562770563,1155,0.0539303358377973,0.0539321308500832,1,-0.0400473090290632
Chr20_537718179,20,537718179,0.962782459935161,0.348051948051948,1155,0.0539303358377973,0.0539321216525909,1,0.0311063924042969
Chr14_305606652,14,305606652,0.962816111944162,0.0515151515151515,1155,0.0539303358377973,0.0539321184222482,1,0.125768383581033
Chr18_495331518,18,495331518,0.962951552780197,0.0943722943722944,1155,0.0539303358377973,0.0539321054505726,1,0.0481513411264132
Chr01_311064047,1,311064047,0.96295948302084,0.0995670995670996,1155,0.0539303358377973,0.0539321046925357,1,0.0623670018916584
Chr20_487357253,20,487357253,0.962994172016495,0.029004329004329,1155,0.0539303358377973,0.0539321013785907,1,0.0906689237936007
Chr09_322504076,9,322504076,0.963009722842251,0.323376623376623,1155,0.0539303358377973,0.0539320998939818,1,-0.0415034141988144
Chr16_387470560,16,387470560,0.963113914123226,0.054978354978355,1155,0.0539303358377973,0.0539320899631841,1,-0.0645003434549665
Chr19_641594507,19,641594507,0.963141931160014,0.00649350649350649,1155,0.0539303358377973,0.0539320872975859,1,0.142358281382343
Chr14_118878967,14,118878967,0.963223563889263,0.375757575757576,1155,0.0539303358377973,0.0539320795424593,1,-0.0393736234374273
Chr08_425766438,8,425766438,0.963283566653934,0.422943722943723,1155,0.0539303358377973,0.0539320738531783,1,-0.024924849968329
Chr06_25385662,6,25385662,0.963300208072544,0.493939393939394,1155,0.0539303358377973,0.0539320722769392,1,0.107204917866511
Chr09_29835193,9,29835193,0.963498967794682,0.25021645021645,1155,0.0539303358377973,0.0539320535062472,1,-0.0431136750290761
Chr17_206758240,17,206758240,0.963830802754299,0.0575757575757576,1155,0.0539303358377973,0.0539320223958296,1,-0.0664752481542052
Chr02_13205564,2,13205564,0.96383817428121,0.167532467532468,1155,0.0539303358377973,0.0539320217079663,1,-0.0355987388333716
Chr01_373462512,1,373462512,0.963859670456335,0.0722943722943723,1155,0.0539303358377973,0.0539320197028774,1,0.0549626203767701
Chr09_364963307,9,364963307,0.963974963602781,0.293073593073593,1155,0.0539303358377973,0.0539320089691365,1,0.0375328968231656
Chr16_49001758,16,49001758,0.964018972133855,0.0571428571428571,1155,0.0539303358377973,0.0539320048810316,1,0.0616859885162455
Chr21_343615716,21,343615716,0.964203376585714,0.482683982683983,1155,0.0539303358377973,0.0539319878055436,1,0.0291447837210796
Chr12_127142371,12,127142371,0.964284528357818,0.474458874458874,1155,0.0539303358377973,0.0539319803189283,1,0.0320132253224301
Chr12_305515836,12,305515836,0.964458149463053,0.266666666666667,1155,0.0539303358377973,0.0539319643588136,1,-0.035123834151733
Chr19_774682336,19,774682336,0.964962690174592,0.407359307359307,1155,0.0539303358377973,0.0539319184214876,1,-0.0271363774021154
Chr15_389141077,15,389141077,0.964997347129591,0.0225108225108225,1155,0.0539303358377973,0.0539319152902152,1,0.0911565281639213
Chr20_649312030,20,649312030,0.964999510448284,0.0251082251082251,1155,0.0539303358377973,0.0539319150948639,1,-0.0864663393324463
Chr09_377048768,9,377048768,0.965113353086761,0.474025974025974,1155,0.0539303358377973,0.0539319048316335,1,-0.0318210930764167
Chr01_480627044,1,480627044,0.965212457264057,0.403896103896104,1155,0.0539303358377973,0.0539318959244103,1,-0.0252255820359721
Chr13_62291265,13,62291265,0.965247435845093,0.051948051948052,1155,0.0539303358377973,0.0539318927866894,1,-0.0650979483334879
Chr20_209307534,20,209307534,0.965591419123223,0.102164502164502,1155,0.0539303358377973,0.0539318620985962,1,-0.0464360737845197
Chr18_59157034,18,59157034,0.965848957012818,0.384415584415584,1155,0.0539303358377973,0.0539318393229588,1,0.0271757625004625
Chr07_202181255,7,202181255,0.966139833529789,0.0822510822510823,1155,0.0539303358377973,0.0539318138052564,1,0.05313054794496
Chr09_16520992,9,16520992,0.966314946862717,0.118614718614719,1155,0.0539303358377973,0.0539317985486111,1,0.0394113740041178
Chr03_34868734,3,34868734,0.966410206805696,0.213419913419913,1155,0.0539303358377973,0.0539317902824439,1,-0.0306550493347686
Chr16_379347437,16,379347437,0.966437266078928,0.0766233766233766,1155,0.0539303358377973,0.0539317879386598,1,-0.0660400933624885
Chr01_372891254,1,372891254,0.966562417566525,0.0272727272727273,1155,0.0539303358377973,0.0539317771230811,1,-0.0818185782631531
Chr20_5976092,20,5976092,0.966614851867577,0.0917748917748918,1155,0.0539303358377973,0.0539317726037548,1,0.0412051594465765
Chr15_210642504,15,210642504,0.967234564497587,0.191341991341991,1155,0.0539303358377973,0.0539317197290394,1,0.0361908615245454
Chr02_267329914,2,267329914,0.967483691644372,0.0216450216450216,1155,0.0539303358377973,0.0539316987529856,1,0.0868338759814549
Chr14_425116027,14,425116027,0.967607756434221,0.103896103896104,1155,0.0539303358377973,0.053931688366807,1,0.0433701827282675
Chr13_210134455,13,210134455,0.967822667350931,0.303030303030303,1155,0.0539303358377973,0.0539316704695334,1,-0.0359761588916854
Chr08_54831485,8,54831485,0.968025033320595,0.24978354978355,1155,0.0539303358377973,0.0539316537261203,1,-0.0338514299947406
Chr17_86643325,17,86643325,0.968075130210798,0.298268398268398,1155,0.0539303358377973,0.0539316495975364,1,0.0283371236899654
Chr18_427807901,18,427807901,0.968094075329985,0.441125541125541,1155,0.0539303358377973,0.0539316480379199,1,-0.0210219895343755
Chr20_277863931,20,277863931,0.968271365192834,0.413419913419913,1155,0.0539303358377973,0.0539316334878971,1,-0.0272477116807863
Chr21_391198909,21,391198909,0.968397101123013,0.346320346320346,1155,0.0539303358377973,0.0539316232181033,1,0.0281974348751817
Chr14_247577901,14,247577901,0.9684957689032,0.300865800865801,1155,0.0539303358377973,0.0539316151877827,1,0.0288432508305618
Chr01_302052677,1,302052677,0.968763667863789,0.0848484848484848,1155,0.0539303358377973,0.0539315935110732,1,0.0449306712766884
Chr03_467194084,3,467194084,0.969012998834093,0.041991341991342,1155,0.0539303358377973,0.0539315735034255,1,-0.0553140278213817
Chr20_76629087,20,76629087,0.969127977916631,0.0242424242424242,1155,0.0539303358377973,0.0539315643310214,1,0.0783407570234971
Chr11_48711095,11,48711095,0.969155221200231,0.277056277056277,1155,0.0539303358377973,0.053931562162705,1,0.0353060096728086
Chr19_661090705,19,661090705,0.969160944031755,0.162337662337662,1155,0.0539303358377973,0.0539315617074666,1,-0.0249016482612205
Chr20_144202377,20,144202377,0.969698705092585,0.175324675324675,1155,0.0539303358377973,0.0539315193071966,1,-0.0292768889603963
Chr06_49107758,6,49107758,0.969706799727088,0.317316017316017,1155,0.0539303358377973,0.0539315186746784,1,-0.0308568672209049
Chr12_253921298,12,253921298,0.969819016077975,0.45021645021645,1155,0.0539303358377973,0.0539315099234655,1,0.0220756012998606
Chr01_470786586,1,470786586,0.969977624476767,0.30995670995671,1155,0.0539303358377973,0.0539314976098596,1,-0.0247259492295484
Chr09_251747198,9,251747198,0.970040889446499,0.0186147186147186,1155,0.0539303358377973,0.053931492716402,1,-0.0683070444322595
Chr21_395996018,21,395996018,0.970099873026665,0.458441558441558,1155,0.0539303358377973,0.053931488163421,1,-0.0231297557106984
Chr13_72424813,13,72424813,0.970247956026084,0.383982683982684,1155,0.0539303358377973,0.0539314767724093,1,0.0362708188693546
Chr21_394952690,21,394952690,0.970370895997598,0.0281385281385281,1155,0.0539303358377973,0.0539314673585257,1,0.0735784257481669
Chr19_698519616,19,698519616,0.97046059606357,0.221212121212121,1155,0.0539303358377973,0.053931460514562,1,0.0325525024236697
Chr06_213333422,6,213333422,0.970562552727099,0.0614718614718615,1155,0.0539303358377973,0.0539314527606877,1,-0.0529609948455345
Chr03_329898697,3,329898697,0.970748883186986,0.145454545454545,1155,0.0539303358377973,0.0539314386595188,1,-0.0402620396932605
Chr20_561526403,20,561526403,0.97107783081373,0.426839826839827,1155,0.0539303358377973,0.0539314139842826,1,0.0196010307845711
Chr06_166859497,6,166859497,0.971080505205266,0.273593073593074,1155,0.0539303358377973,0.0539314137848115,1,0.0363475426834157
Chr06_556735229,6,556735229,0.971153822333556,0.0385281385281385,1155,0.0539303358377973,0.0539314083237044,1,-0.0545718668833075
Chr08_359330074,8,359330074,0.971445430742846,0.323809523809524,1155,0.0539303358377973,0.0539313867403786,1,-0.0231834283768535
Chr15_359548247,15,359548247,0.971447399062059,0.0203463203463203,1155,0.0539303358377973,0.0539313865954395,1,-0.0767527252812954
Chr19_112011124,19,112011124,0.971500817399336,0.303896103896104,1155,0.0539303358377973,0.0539313826657729,1,-0.0294605373927084
Chr06_64457302,6,64457302,0.971966818720513,0.0294372294372294,1155,0.0539303358377973,0.0539313486974717,1,0.0703389649981148
Chr03_133897959,3,133897959,0.972016177320815,0.025974025974026,1155,0.0539303358377973,0.0539313451324218,1,0.0752588629309798
Chr15_7203767,15,7203767,0.972016177320815,0.025974025974026,1155,0.0539303358377973,0.0539313451324218,1,0.0752588629309798
Chr13_9275429,13,9275429,0.972282694734416,0.320779220779221,1155,0.0539303358377973,0.0539313259912534,1,0.0305998742456381
Chr02_422617985,2,422617985,0.972310227393856,0.379220779220779,1155,0.0539303358377973,0.0539313240243237,1,-0.0240919902397536
Chr16_230813801,16,230813801,0.97252806246218,0.387445887445887,1155,0.0539303358377973,0.0539313085312516,1,0.0219061048891547
Chr03_368587966,3,368587966,0.972559426865506,0.122077922077922,1155,0.0539303358377973,0.0539313063106166,1,0.0368364695680157
Chr08_315487812,8,315487812,0.972696166124824,0.103463203463203,1155,0.0539303358377973,0.0539312966590042,1,0.0378134387072464
Chr20_568849724,20,568849724,0.972775637465735,0.321645021645022,1155,0.0539303358377973,0.053931291071783,1,0.028754396608889
Chr16_196823312,16,196823312,0.972849697532065,0.282683982683983,1155,0.0539303358377973,0.0539312858796837,1,0.0296681923334177
Chr16_39607558,16,39607558,0.972858353319932,0.10995670995671,1155,0.0539303358377973,0.0539312852737817,1,0.0423292615555511
Chr15_177677348,15,177677348,0.972877445756658,0.213419913419913,1155,0.0539303358377973,0.0539312839379994,1,0.0379817611534463
Chr19_735908058,19,735908058,0.972915950593108,0.482683982683983,1155,0.0539303358377973,0.0539312812469135,1,-0.0513173986080346
Chr17_316632669,17,316632669,0.972943223819941,0.0835497835497836,1155,0.0539303358377973,0.0539312793431156,1,0.0386405404080961
Chr14_361752892,14,361752892,0.972974179101164,0.313419913419913,1155,0.0539303358377973,0.0539312771846202,1,0.0246723398373661
Chr06_279212466,6,279212466,0.972993983463014,0.391341991341991,1155,0.0539303358377973,0.0539312758049723,1,-0.0213876772717185
Chr19_272893558,19,272893558,0.973125326803866,0.428138528138528,1155,0.0539303358377973,0.0539312666807176,1,0.0245601744461794
Chr08_367021574,8,367021574,0.973284126795386,0.284415584415584,1155,0.0539303358377973,0.0539312557085825,1,-0.036660829620871
Chr20_192457326,20,192457326,0.97330984116307,0.0506493506493507,1155,0.0539303358377973,0.0539312539379962,1,-0.0510136011491795
Chr11_244241276,11,244241276,0.973331493434031,0.468398268398268,1155,0.0539303358377973,0.0539312524484364,1,0.0190318570018349
Chr12_203098159,12,203098159,0.973752033314856,0.175324675324675,1155,0.0539303358377973,0.053931223757646,1,-0.0313630794997835
Chr15_462470398,15,462470398,0.973834298814346,0.464502164502165,1155,0.0539303358377973,0.0539312181985947,1,0.0187295633936628
Chr13_329964261,13,329964261,0.973839039971032,0.0307359307359307,1155,0.0539303358377973,0.0539312178787462,1,-0.0648077344670526
Chr13_331150999,13,331150999,0.973839039971032,0.0307359307359307,1155,0.0539303358377973,0.0539312178787462,1,-0.0648077344670526
Chr01_166352808,1,166352808,0.973936243651635,0.0268398268398268,1155,0.0539303358377973,0.0539312113339681,1,0.0648662726041209
Chr05_403792577,5,403792577,0.974168409899785,0.0281385281385281,1155,0.0539303358377973,0.0539311958008117,1,-0.0667136821742247
Chr07_519891991,7,519891991,0.974358714507597,0.426406926406926,1155,0.0539303358377973,0.053931183172218,1,0.0206543613438726
Chr03_398722582,3,398722582,0.974483887611589,0.12034632034632,1155,0.0539303358377973,0.0539311749167223,1,0.0339251471117166
Chr15_465845646,15,465845646,0.97467728610529,0.0753246753246753,1155,0.0539303358377973,0.0539311622411249,1,-0.0395328752566115
Chr09_145860987,9,145860987,0.974721662992557,0.0467532467532468,1155,0.0539303358377973,0.0539311593462257,1,-0.0478691483326656
Chr21_138111643,21,138111643,0.974967138299683,0.0233766233766234,1155,0.0539303358377973,0.0539311434246422,1,0.06427133744603
Chr16_6649843,16,6649843,0.975038532826152,0.148484848484848,1155,0.0539303358377973,0.0539311388231811,1,-0.027006197909941
Chr13_244075643,13,244075643,0.975042517507656,0.077056277056277,1155,0.0539303358377973,0.0539311385667507,1,-0.0301483313979816
Chr06_558752191,6,558752191,0.975136388467008,0.353679653679654,1155,0.0539303358377973,0.0539311325376473,1,0.0192470249273242
Chr08_24490454,8,24490454,0.975153366635926,0.0818181818181818,1155,0.0539303358377973,0.0539311314496103,1,0.0359196323884561
Chr20_574246255,20,574246255,0.975253646184134,0.334632034632035,1155,0.0539303358377973,0.0539311250384277,1,0.0266021761701722
Chr20_279312142,20,279312142,0.975355414509694,0.294372294372294,1155,0.0539303358377973,0.0539311185586017,1,0.0226931302532023
Chr18_430737607,18,430737607,0.97549810885413,0.0593073593073593,1155,0.0539303358377973,0.0539311095179523,1,-0.0407439794748825
Chr01_420992234,1,420992234,0.975539158550345,0.263636363636364,1155,0.0539303358377973,0.0539311069269113,1,-0.0231980386662372
Chr02_416819002,2,416819002,0.975582064536295,0.0246753246753247,1155,0.0539303358377973,0.0539311042233526,1,-0.0619119692646137
Chr09_399552737,9,399552737,0.975587864170001,0.462770562770563,1155,0.0539303358377973,0.0539311038582752,1,-0.0185099833618381
Chr19_379609469,19,379609469,0.97584458849154,0.273593073593074,1155,0.0539303358377973,0.0539310877848919,1,0.0278090626161429
Chr20_9581569,20,9581569,0.975954670263828,0.0480519480519481,1155,0.0539303358377973,0.053931080944841,1,0.0423483941254688
Chr20_622796719,20,622796719,0.976039453272279,0.483982683982684,1155,0.0539303358377973,0.0539310756980819,1,-0.0167149746507675
Chr14_283512848,14,283512848,0.976043733769941,0.0242424242424242,1155,0.0539303358377973,0.0539310754336773,1,0.0590060058364656
Chr06_59235347,6,59235347,0.976085752785643,0.0246753246753247,1155,0.0539303358377973,0.0539310728406903,1,0.0600065508371443
Chr20_52711024,20,52711024,0.976280018122863,0.255844155844156,1155,0.0539303358377973,0.0539310609118443,1,-0.0220005114262278
Chr06_154680602,6,154680602,0.976359456886216,0.116017316017316,1155,0.0539303358377973,0.0539310560619772,1,-0.0229969326396571
Chr02_266550562,2,266550562,0.976369388821925,0.0917748917748918,1155,0.0539303358377973,0.0539310554567621,1,-0.0320049379537579
Chr05_222232334,5,222232334,0.976491053204893,0.0246753246753247,1155,0.0539303358377973,0.0539310480636455,1,-0.0583716912430106
Chr04_260999159,4,260999159,0.976509040901997,0.322510822510823,1155,0.0539303358377973,0.0539310469738368,1,0.0193256383020355
Chr19_661318771,19,661318771,0.976533293834496,0.0744588744588745,1155,0.0539303358377973,0.0539310455057661,1,0.0343246928224659
Chr17_324713190,17,324713190,0.97655219760547,0.263636363636364,1155,0.0539303358377973,0.0539310443625413,1,-0.0227247384386828
Chr17_85071536,17,85071536,0.976696093763125,0.451515151515152,1155,0.0539303358377973,0.0539310356905042,1,0.0336082195722156
Chr13_279164581,13,279164581,0.976833153512988,0.0757575757575758,1155,0.0539303358377973,0.0539310274801631,1,-0.0349954167583206
Chr16_292944528,16,292944528,0.976861176471769,0.257142857142857,1155,0.0539303358377973,0.0539310258074646,1,0.0283912192411435
Chr03_366001444,3,366001444,0.976979708267102,0.348051948051948,1155,0.0539303358377973,0.0539310187546844,1,-0.0188045312001464
Chr10_407244352,10,407244352,0.977032737783693,0.377922077922078,1155,0.0539303358377973,0.0539310156111037,1,-0.0312125372398668
Chr21_243507857,21,243507857,0.977318623279001,0.381385281385281,1155,0.0539303358377973,0.0539309987889055,1,-0.0323662837126903
Chr16_51058111,16,51058111,0.977518918591549,0.116883116883117,1155,0.0539303358377973,0.053930987128702,1,-0.030478250098497
Chr07_487487384,7,487487384,0.977536412959025,0.155844155844156,1155,0.0539303358377973,0.0539309861151831,1,0.0283658349221128
Chr13_318594047,13,318594047,0.977559497618963,0.0225108225108225,1155,0.0539303358377973,0.0539309847790025,1,-0.0575871134534509
Chr06_300172437,6,300172437,0.97760032629942,0.316017316017316,1155,0.0539303358377973,0.0539309824191385,1,0.0240161917346313
Chr06_569383184,6,569383184,0.977941854141851,0.0510822510822511,1155,0.0539303358377973,0.0539309628476049,1,-0.0672902646100511
Chr18_131185025,18,131185025,0.978070456777349,0.0264069264069264,1155,0.0539303358377973,0.0539309555559365,1,0.0520821920426897
Chr16_340188575,16,340188575,0.978524602981435,0.0251082251082251,1155,0.0539303358377973,0.0539309301476767,1,0.0535636892527549
Chr04_207340858,4,207340858,0.978545925425316,0.496536796536796,1155,0.0539303358377973,0.0539309289678244,1,0.109042854750442
Chr06_566189978,6,566189978,0.978570403848767,0.0281385281385281,1155,0.0539303358377973,0.0539309276147835,1,-0.0531072694056292
Chr06_566226105,6,566226105,0.978570403848767,0.0281385281385281,1155,0.0539303358377973,0.0539309276147835,1,-0.0531072694056292
Chr15_535774422,15,535774422,0.978689992742176,0.0415584415584416,1155,0.0539303358377973,0.053930921026765,1,0.0349629584152638
Chr14_63417157,14,63417157,0.978805003315547,0.00952380952380952,1155,0.0539303358377973,0.0539309147257716,1,0.0660197026995633
Chr10_383123070,10,383123070,0.978816039587906,0.025974025974026,1155,0.0539303358377973,0.0539309141229313,1,-0.0556180708827014
Chr09_303487149,9,303487149,0.979040661872983,0.070995670995671,1155,0.0539303358377973,0.053930901921545,1,-0.0336305973968365
Chr12_130288082,12,130288082,0.979282160887673,0.225108225108225,1155,0.0539303358377973,0.0539308889486473,1,0.0209620154142272
Chr18_497148629,18,497148629,0.979391289610258,0.00735930735930734,1155,0.0539303358377973,0.0539308831358082,1,-0.072615656103153
Chr15_519329962,15,519329962,0.97946454750154,0.0454545454545455,1155,0.0539303358377973,0.0539308792509019,1,-0.03714620606533
Chr02_379546830,2,379546830,0.9794892179489,0.405627705627706,1155,0.0539303358377973,0.0539308779457269,1,0.0185786586623919
Chr21_355978983,21,355978983,0.979591062431862,0.0502164502164502,1155,0.0539303358377973,0.0539308725743429,1,-0.0377274495078979
Chr21_147041151,21,147041151,0.979645871352119,0.029004329004329,1155,0.0539303358377973,0.0539308696947387,1,-0.04990545210687
Chr21_24838675,21,24838675,0.979857184971859,0.0727272727272727,1155,0.0539303358377973,0.0539308586650812,1,-0.0293222894706986
Chr08_316318799,8,316318799,0.979963292603181,0.149350649350649,1155,0.0539303358377973,0.0539308531701714,1,-0.0227409581802362
Chr18_84439234,18,84439234,0.979980625676952,0.0588744588744589,1155,0.0539303358377973,0.0539308522753147,1,0.0354005527357799
Chr20_647520605,20,647520605,0.980335170647906,0.178354978354978,1155,0.0539303358377973,0.0539308341413054,1,-0.0248670732997596
Chr02_123278763,2,123278763,0.980424069452925,0.176623376623377,1155,0.0539303358377973,0.0539308296452238,1,0.0230374003385805
Chr14_301778968,14,301778968,0.980510799789874,0.327272727272727,1155,0.0539303358377973,0.0539308252784607,1,0.020001675793651
Chr02_405445296,2,405445296,0.980553824917404,0.448484848484848,1155,0.0539303358377973,0.053930823119401,1,-0.0274500050504685
Chr16_17192675,16,17192675,0.980614089429973,0.0337662337662338,1155,0.0539303358377973,0.0539308201032742,1,0.0329029591330254
Chr05_57581533,5,57581533,0.980839909556101,0.0727272727272727,1155,0.0539303358377973,0.0539308088847249,1,0.0216628882007512
Chr14_400674056,14,400674056,0.980871082133965,0.00692640692640693,1155,0.0539303358377973,0.0539308073464312,1,0.065144422407279
Chr02_68647100,2,68647100,0.980916436459121,0.0268398268398268,1155,0.0539303358377973,0.0539308051127787,1,0.0457189949396337
Chr03_378059388,3,378059388,0.980996133444354,0.493506493506494,1155,0.0539303358377973,0.0539308012006404,1,0.0668601753386611
Chr15_24461494,15,24461494,0.98111047249643,0.422077922077922,1155,0.0539303358377973,0.0539307956166181,1,0.0256127313325578
Chr01_3735332,1,3735332,0.981143119903988,0.243722943722944,1155,0.0539303358377973,0.0539307940283916,1,0.016709841105552
Chr06_70891316,6,70891316,0.981547774410566,0.122943722943723,1155,0.0539303358377973,0.0539307745710601,1,0.0262662027831766
Chr16_322546190,16,322546190,0.98167904162257,0.308225108225108,1155,0.0539303358377973,0.0539307683499641,1,-0.0203344861274672
Chr17_54933892,17,54933892,0.981950412091199,0.316017316017316,1155,0.0539303358377973,0.0539307556299206,1,0.013536824110929
Chr15_190658584,15,190658584,0.982554151626614,0.0212121212121212,1155,0.0539303358377973,0.0539307280119894,1,-0.0454228798444092
Chr20_577517232,20,577517232,0.982894607279466,0.297835497835498,1155,0.0539303358377973,0.0539307128524639,1,0.0152012249532447
Chr17_115177668,17,115177668,0.982901226376658,0.351515151515152,1155,0.0539303358377973,0.0539307125606963,1,0.013318255032857
Chr16_360395485,16,360395485,0.982902045135315,0.0523809523809524,1155,0.0539303358377973,0.0539307125246142,1,-0.0302651324309409
Chr15_477506993,15,477506993,0.982940997202862,0.441125541125541,1155,0.0539303358377973,0.0539307108099925,1,-0.014355655036411
Chr14_514488729,14,514488729,0.982995304397989,0.141558441558442,1155,0.0539303358377973,0.0539307084259891,1,0.0178548486248928
Chr15_315554521,15,315554521,0.983051265101728,0.0800865800865801,1155,0.0539303358377973,0.0539307059773563,1,-0.0251002963409519
Chr15_210642512,15,210642512,0.983070732453637,0.478787878787879,1155,0.0539303358377973,0.0539307051274318,1,-0.0330625777526166
Chr10_419765508,10,419765508,0.983203066869279,0.231168831168831,1155,0.0539303358377973,0.0539306993757465,1,-0.0166023915189442
Chr09_95449739,9,95449739,0.983225947820612,0.0528138528138529,1155,0.0539303358377973,0.0539306983858429,1,0.0544111092676758
Chr06_157220762,6,157220762,0.983454637297553,0.0601731601731602,1155,0.0539303358377973,0.0539306885662044,1,0.0301114077250304
Chr12_29752684,12,29752684,0.983480345020376,0.329437229437229,1155,0.0539303358377973,0.0539306874707811,1,0.0154632587314154
Chr05_324183821,5,324183821,0.983620868852732,0.0281385281385281,1155,0.0539303358377973,0.0539306815130807,1,-0.039959886796936
Chr19_56841261,19,56841261,0.983668372441564,0.0207792207792208,1155,0.0539303358377973,0.0539306795106187,1,0.0413512113318575
Chr05_237722328,5,237722328,0.984021370581839,0.117316017316017,1155,0.0539303358377973,0.053930664812653,1,0.0224585136564315
Chr18_38015301,18,38015301,0.984228221487883,0.080952380952381,1155,0.0539303358377973,0.0539306563492096,1,-0.0186296851535417
Chr03_454969232,3,454969232,0.984386372816376,0.264935064935065,1155,0.0539303358377973,0.0539306499527699,1,-0.0155959364981584
Chr06_256462109,6,256462109,0.984535888460087,0.0268398268398268,1155,0.0539303358377973,0.0539306439649125,1,0.0388145797830219
Chr17_282166061,17,282166061,0.984537289288786,0.108225108225108,1155,0.0539303358377973,0.0539306439090826,1,0.0152190214044339
Chr15_544083221,15,544083221,0.984590514935144,0.384415584415584,1155,0.0539303358377973,0.0539306417915877,1,0.0138548341596447
Chr11_29900816,11,29900816,0.984593308400767,0.0411255411255411,1155,0.0539303358377973,0.0539306416806565,1,0.0295402440026749
Chr21_88836511,21,88836511,0.984605756583018,0.0597402597402597,1155,0.0539303358377973,0.0539306411865704,1,0.0229402687398732
Chr01_477464332,1,477464332,0.984624313015529,0.0238095238095238,1155,0.0539303358377973,0.0539306404507773,1,-0.0364732962092376
Chr13_333576859,13,333576859,0.984718348307018,0.474458874458874,1155,0.0539303358377973,0.0539306367357882,1,0.0258529799085636
Chr17_247216792,17,247216792,0.984855315470356,0.151948051948052,1155,0.0539303358377973,0.0539306313655055,1,-0.0194557438478569
Chr21_83398077,21,83398077,0.984991310915632,0.0238095238095238,1155,0.0539303358377973,0.0539306260811852,1,0.0383923350799478
Chr10_447050494,10,447050494,0.985075178607534,0.486147186147186,1155,0.0539303358377973,0.0539306228461411,1,0.0105823821301101
Chr02_86702008,2,86702008,0.985269562379269,0.386580086580087,1155,0.0539303358377973,0.0539306154178761,1,0.0150181908151694
Chr04_10316229,4,10316229,0.985274743447209,0.0528138528138528,1155,0.0539303358377973,0.0539306152212194,1,-0.0262461537736556
Chr15_500931950,15,500931950,0.98531342962831,0.2004329004329,1155,0.0539303358377973,0.0539306137549896,1,-0.0180722043446906
Chr10_8780967,10,8780967,0.985327084486722,0.0467532467532468,1155,0.0539303358377973,0.0539306132383844,1,0.0263900537587745
Chr11_204252128,11,204252128,0.98546509086362,0.489177489177489,1155,0.0539303358377973,0.0539306080441552,1,-0.042434871039859
Chr20_668088898,20,668088898,0.98554741333574,0.251948051948052,1155,0.0539303358377973,0.0539306049691182,1,-0.0147085407644454
Chr17_86903988,17,86903988,0.986024452468309,0.00952380952380949,1155,0.0539303358377973,0.0539305874940084,1,0.0430703525662466
Chr04_3459002,4,3459002,0.98606559001998,0.303463203463203,1155,0.0539303358377973,0.0539305860145195,1,-0.0118090125936021
Chr21_115148676,21,115148676,0.986142817282146,0.196969696969697,1155,0.0539303358377973,0.0539305832488671,1,-0.0133265069218567
Chr17_314914761,17,314914761,0.986230822209241,0.0281385281385281,1155,0.0539303358377973,0.0539305801159917,1,-0.0335508550817565
Chr17_314916401,17,314916401,0.986230822209241,0.0281385281385281,1155,0.0539303358377973,0.0539305801159917,1,-0.0335508550817565
Chr13_134782913,13,134782913,0.986291233074133,0.0242424242424242,1155,0.0539303358377973,0.0539305779769921,1,-0.0343860339809652
Chr14_519541895,14,519541895,0.986331386462333,0.345021645021645,1155,0.0539303358377973,0.0539305765604655,1,0.015474503039286
Chr01_374079213,1,374079213,0.986654004667538,0.0493506493506494,1155,0.0539303358377973,0.0539305653300415,1,-0.0242170451041801
Chr10_445117705,10,445117705,0.986743581856919,0.5,1155,0.0539303358377973,0.0539305622594308,1,0.0447002054952463
Chr12_183468928,12,183468928,0.986751162516736,0.232034632034632,1155,0.0539303358377973,0.053930562000524,1,-0.0144193384963103
Chr14_512632873,14,512632873,0.987158814693901,0.0173160173160173,1155,0.0539303358377973,0.0539305482958945,1,-0.0339361251134278
Chr12_78788400,12,78788400,0.987173001137826,0.125541125541126,1155,0.0539303358377973,0.0539305478266815,1,0.0157000140965238
Chr07_75218333,7,75218333,0.98732295283494,0.367099567099567,1155,0.0539303358377973,0.0539305428988026,1,0.0141924413418337
Chr08_88557351,8,88557351,0.987374247642602,0.129004329004329,1155,0.0539303358377973,0.0539305412264026,1,0.0179256153822109
Chr04_222676917,4,222676917,0.98738708986191,0.35974025974026,1155,0.0539303358377973,0.0539305408087597,1,0.00976156884775037
Chr01_323143967,1,323143967,0.9874956584629,0.0541125541125541,1155,0.0539303358377973,0.0539305372949878,1,0.0235697676143616
Chr17_327742877,17,327742877,0.987624950247331,0.487445887445887,1155,0.0539303358377973,0.0539305331501585,1,-0.023425546911767
Chr17_265869655,17,265869655,0.987877244621053,0.476623376623377,1155,0.0539303358377973,0.0539305251862073,1,0.00860460110033046
Chr21_137026280,21,137026280,0.988025156607819,0.0493506493506494,1155,0.0539303358377973,0.0539305205934981,1,0.0215221220418442
Chr15_450029223,15,450029223,0.988350185739906,0.168831168831169,1155,0.0539303358377973,0.0539305106993857,1,-0.0161225833927006
Chr21_40775179,21,40775179,0.988429782121442,0.394372294372294,1155,0.0539303358377973,0.0539305083179267,1,0.00884097582937216
Chr04_260935535,4,260935535,0.98878616023823,0.330735930735931,1155,0.0539303358377973,0.0539304978556373,1,-0.0120469182556917
Chr20_209907572,20,209907572,0.989249298654146,0.466666666666667,1155,0.0539303358377973,0.0539304847483346,1,-0.0181099014224628
Chr19_746233596,19,746233596,0.989278272273429,0.0922077922077922,1155,0.0539303358377973,0.0539304839467261,1,0.0149603886963234
Chr12_338432572,12,338432572,0.989317671527632,0.0865800865800866,1155,0.0539303358377973,0.0539304828601439,1,0.01465174748256
Chr14_94448874,14,94448874,0.989434419084321,0.498268398268398,1155,0.0539303358377973,0.0539304796638931,1,0.0760142541003006
Chr16_320794365,16,320794365,0.989459254205968,0.274891774891775,1155,0.0539303358377973,0.0539304789885025,1,0.0138794740133221
Chr13_124194266,13,124194266,0.989593575190479,0.0952380952380952,1155,0.0539303358377973,0.0539304753631972,1,-0.0143385980599362
Chr13_318594034,13,318594034,0.989645251709973,0.0186147186147186,1155,0.0539303358377973,0.0539304739808409,1,0.0277901289334466
Chr11_232911991,11,232911991,0.989710216520465,0.0225108225108225,1155,0.0539303358377973,0.0539304722527868,1,-0.0261256925377324
Chr14_447708582,14,447708582,0.989888628790648,0.038961038961039,1155,0.0539303358377973,0.0539304675630087,1,-0.0177357669062417
Chr13_246405918,13,246405918,0.990002246426411,0.0489177489177489,1155,0.0539303358377973,0.0539304646191939,1,-0.0196668244016109
Chr19_383784881,19,383784881,0.990726007380957,0.0233766233766234,1155,0.0539303358377973,0.0539304466477037,1,0.02434842598106
Chr05_337482310,5,337482310,0.990863856064405,0.303896103896104,1155,0.0539303358377973,0.0539304433778851,1,-0.00971651664224282
Chr20_635360227,20,635360227,0.990885327910953,0.025974025974026,1155,0.0539303358377973,0.0539304428729729,1,0.0217965365123263
Chr07_388014905,7,388014905,0.991010390036715,0.370562770562771,1155,0.0539303358377973,0.0539304399557491,1,-0.00834609330328817
Chr10_405393043,10,405393043,0.991240926944949,0.0619047619047619,1155,0.0539303358377973,0.0539304346838375,1,0.0127020341983552
Chr16_38069884,16,38069884,0.991897514698322,0.321645021645022,1155,0.0539303358377973,0.0539304204196039,1,-0.00837340593693625
Chr09_416113771,9,416113771,0.991928093436264,0.408658008658009,1155,0.0539303358377973,0.0539304197823648,1,0.00642722318227129
Chr10_404907636,10,404907636,0.992153583347668,0.339393939393939,1155,0.0539303358377973,0.0539304151577166,1,-0.0118983746249341
Chr14_211253950,14,211253950,0.992290871996613,0.0995670995670996,1155,0.0539303358377973,0.0539304124061943,1,0.0104891034769707
Chr15_21628241,15,21628241,0.992326416044065,0.0194805194805195,1155,0.0539303358377973,0.0539304117017422,1,0.0204539244662953
Chr20_358747413,20,358747413,0.99248699257365,0.0718614718614719,1155,0.0539303358377973,0.0539304085598281,1,0.011664204308957
Chr09_356612802,9,356612802,0.992496122355672,0.442424242424242,1155,0.0539303358377973,0.0539304083831887,1,0.00585911782707171
Chr20_194190140,20,194190140,0.992619786652951,0.051948051948052,1155,0.0539303358377973,0.0539304060117182,1,0.0133549194765976
Chr01_371412934,1,371412934,0.992923650651613,0.0112554112554113,1155,0.0539303358377973,0.0539304003520175,1,-0.0206687237914878
Chr06_91501599,6,91501599,0.992949869482999,0.0272727272727273,1155,0.0539303358377973,0.0539303998748227,1,0.0176254353817882
Chr20_276537892,20,276537892,0.99296972191788,0.403896103896104,1155,0.0539303358377973,0.0539303995146768,1,0.00663471428566709
Chr17_76065991,17,76065991,0.993024171151283,0.24025974025974,1155,0.0539303358377973,0.0539303985321198,1,-0.00790914928927577
Chr01_488234404,1,488234404,0.993111714215659,0.332034632034632,1155,0.0539303358377973,0.053930396968392,1,-0.00715274426849533
Chr04_85003099,4,85003099,0.993320592530596,0.221212121212121,1155,0.0539303358377973,0.0539303933171061,1,-0.00666518898694335
Chr13_67033877,13,67033877,0.993374855241512,0.329004329004329,1155,0.0539303358377973,0.0539303923869671,1,-0.00611622142994861
Chr01_472642741,1,472642741,0.993510845633825,0.413419913419913,1155,0.0539303358377973,0.0539303900892414,1,0.00411125338698071
Chr03_467919787,3,467919787,0.99369080083439,0.309090909090909,1155,0.0539303358377973,0.0539303871219358,1,0.00513099655620408
Chr04_171421063,4,171421063,0.993715313337112,0.0303030303030303,1155,0.0539303358377973,0.0539303867242015,1,-0.0160296643636855
Chr04_3695218,4,3695218,0.993717444961929,0.205627705627706,1155,0.0539303358377973,0.0539303866896869,1,0.00612267085628559
Chr20_635821899,20,635821899,0.993813780327831,0.051948051948052,1155,0.0539303358377973,0.0539303851421086,1,-0.0110114299554738
Chr16_263001821,16,263001821,0.993816801606487,0.0510822510822511,1155,0.0539303358377973,0.0539303850939609,1,-0.010939372678024
Chr05_187774372,5,187774372,0.993832344002423,0.129004329004329,1155,0.0539303358377973,0.0539303848466413,1,0.0070465964333124
Chr14_71543038,14,71543038,0.993854500914896,0.332034632034632,1155,0.0539303358377973,0.0539303844951445,1,0.00631893995787891
Chr15_503947574,15,503947574,0.993860829218358,0.0541125541125541,1155,0.0539303358377973,0.0539303843949842,1,-0.00856167694861654
Chr19_116353918,19,116353918,0.994088350203534,0.238528138528139,1155,0.0539303358377973,0.0539303808625009,1,0.00632495736007854
Chr05_222232305,5,222232305,0.994330869912303,0.493073593073593,1155,0.0539303358377973,0.0539303772440252,1,0.0208265180508533
Chr02_31053830,2,31053830,0.994341777555934,0.293939393939394,1155,0.0539303358377973,0.0539303770848406,1,-0.0061688187429354
Chr20_659004219,20,659004219,0.994377053302467,0.191341991341991,1155,0.0539303358377973,0.0539303765721314,1,-0.00677501435944805
Chr07_235647368,7,235647368,0.994526763952914,0.0238095238095238,1155,0.0539303358377973,0.0539303744318739,1,-0.0133569231002184
Chr03_83061593,3,83061593,0.994639055825542,0.426839826839827,1155,0.0539303358377973,0.0539303728644658,1,0.00446762512649457
Chr21_28830178,21,28830178,0.994679902901827,0.0480519480519481,1155,0.0539303358377973,0.0539303723023649,1,-0.00949955226828081
Chr19_407115720,19,407115720,0.994710660440673,0.0792207792207792,1155,0.0539303358377973,0.053930371881946,1,-0.00798240526503946
Chr18_385429719,18,385429719,0.994998446011126,0.0558441558441558,1155,0.0539303358377973,0.053930368066374,1,-0.00905132962179778
Chr20_117947115,20,117947115,0.995201620124478,0.0705627705627706,1155,0.0539303358377973,0.0539303655011338,1,0.0067991520837154
Chr15_431602507,15,431602507,0.99534672341058,0.383116883116883,1155,0.0539303358377973,0.0539303637341979,1,0.00565131178063893
Chr11_191635870,11,191635870,0.995346900282096,0.386147186147186,1155,0.0539303358377973,0.0539303637320762,1,0.00522819140087449
Chr07_144787259,7,144787259,0.995432888547878,0.0238095238095238,1155,0.0539303358377973,0.0539303627106315,1,0.0104159626785076
Chr20_246239009,20,246239009,0.995495781498902,0.0744588744588745,1155,0.0539303358377973,0.0539303619755966,1,-0.00701625937826122
Chr09_112627925,9,112627925,0.995554824729595,0.272727272727273,1155,0.0539303358377973,0.0539303612948302,1,0.00507212506855126
Chr16_361018650,16,361018650,0.995558301502959,0.0329004329004329,1155,0.0539303358377973,0.0539303612550233,1,0.00764725764884133
Chr21_86271821,21,86271821,0.995676835706738,0.240692640692641,1155,0.0539303358377973,0.0539303599165085,1,-0.00439185291688204
Chr03_144994048,3,144994048,0.995678147462225,0.041991341991342,1155,0.0539303358377973,0.0539303599018981,1,0.00793356632925679
Chr17_190129810,17,190129810,0.995724348280797,0.0229437229437229,1155,0.0539303358377973,0.0539303593901513,1,-0.010992085010102
Chr12_290148928,12,290148928,0.995807341318156,0.238095238095238,1155,0.0539303358377973,0.0539303584846827,1,0.00475014599641099
Chr02_323278381,2,323278381,0.99597909191174,0.0238095238095238,1155,0.0539303358377973,0.0539303566672316,1,0.0104218870824866
Chr08_270306248,8,270306248,0.996360317640766,0.306493506493506,1155,0.0539303358377973,0.0539303529047298,1,0.00328372548489142
Chr15_515670740,15,515670740,0.996414301167527,0.195670995670996,1155,0.0539303358377973,0.0539303524022089,1,0.00264531669715495
Chr13_203322305,13,203322305,0.996445891436689,0.222943722943723,1155,0.0539303358377973,0.0539303521116242,1,-0.00476530576781897
Chr01_434013219,1,434013219,0.996507616489785,0.236796536796537,1155,0.0539303358377973,0.0539303515512679,1,-0.00355019595531303
Chr07_63835738,7,63835738,0.996686511527687,0.0506493506493507,1155,0.0539303358377973,0.0539303499826649,1,0.00611865279505253
Chr05_119856781,5,119856781,0.99669717551468,0.27965367965368,1155,0.0539303358377973,0.0539303498917647,1,0.00378393857130277
Chr12_393240794,12,393240794,0.996713093640808,0.0324675324675325,1155,0.0539303358377973,0.0539303497566248,1,-0.00610576164743293
Chr08_257382058,8,257382058,0.996763220798147,0.178787878787879,1155,0.0539303358377973,0.0539303493353195,1,0.00324223307450211
Chr21_357173493,21,357173493,0.996895581318986,0.283549783549784,1155,0.0539303358377973,0.0539303482539834,1,-0.0034314502847792
Chr20_670494782,20,670494782,0.996933148228847,0.0264069264069264,1155,0.0539303358377973,0.0539303479553023,1,-0.00771305798306798
Chr14_86206743,14,86206743,0.996966604492303,0.0735930735930736,1155,0.0539303358377973,0.0539303476923636,1,-0.00472504021864495
Chr07_350460662,7,350460662,0.996978380808298,0.29047619047619,1155,0.0539303358377973,0.0539303476004949,1,0.00322978300474119
Chr06_57338742,6,57338742,0.997060887983599,0.177922077922078,1155,0.0539303358377973,0.0539303469668897,1,-0.00412877055745753
Chr15_385174246,15,385174246,0.997150984563953,0.0268398268398268,1155,0.0539303358377973,0.0539303462950361,1,-0.00704051283753415
Chr04_210434024,4,210434024,0.997284734128667,0.077056277056277,1155,0.0539303358377973,0.0539303453362289,1,-0.00406782003574335
Chr02_118277124,2,118277124,0.99740676633915,0.488744588744589,1155,0.0539303358377973,0.0539303445016341,1,0.00361966495438537
Chr15_388629855,15,388629855,0.997590981359818,0.0714285714285714,1155,0.0539303358377973,0.053930343314449,1,-0.00505236184488922
Chr20_658688834,20,658688834,0.997676994264312,0.0251082251082251,1155,0.0539303358377973,0.0539303427900765,1,0.00589924730864766
Chr10_186735495,10,186735495,0.997848633649492,0.0480519480519481,1155,0.0539303358377973,0.0539303418006671,1,-0.00411768839883564
Chr13_7163031,13,7163031,0.997907335982076,0.341125541125541,1155,0.0539303358377973,0.0539303414796964,1,0.00251109670136884
Chr03_467925068,3,467925068,0.997980679168072,0.0995670995670996,1155,0.0539303358377973,0.0539303410911566,1,0.00268811378407463
Chr08_124338038,8,124338038,0.998100127844493,0.487445887445887,1155,0.0539303358377973,0.0539303404880342,1,0.0025216095517635
Chr13_329965832,13,329965832,0.998133487298444,0.0701298701298701,1155,0.0539303358377973,0.0539303403261618,1,0.00294320233868461
Chr18_50664633,18,50664633,0.998183385764373,0.0458874458874459,1155,0.0539303358377973,0.0539303400893866,1,0.00330651201259968
Chr21_90223707,21,90223707,0.998186993349897,0.295670995670996,1155,0.0539303358377973,0.0539303400725204,1,-0.00185330839374842
Chr08_206018143,8,206018143,0.998284051458896,0.413852813852814,1155,0.0539303358377973,0.0539303396312513,1,-0.001595315788677
Chr05_350261415,5,350261415,0.998417374986645,0.0982683982683983,1155,0.0539303358377973,0.0539303390646699,1,-0.00219281531141746
Chr04_260740644,4,260740644,0.99859112079541,0.491341991341991,1155,0.0539303358377973,0.0539303383950468,1,-0.00459225305712607
Chr01_278402126,1,278402126,0.998846509029385,0.366666666666667,1155,0.0539303358377973,0.0539303375519669,1,0.00130490760102475
Chr20_119480712,20,119480712,0.998865170351608,0.100865800865801,1155,0.0539303358377973,0.0539303374969504,1,0.00104274909538304
Chr14_34440891,14,34440891,0.998954714792956,0.0965367965367965,1155,0.0539303358377973,0.0539303372454502,1,-0.00131956810700729
Chr18_255069140,18,255069140,0.9989998906949,0.029004329004329,1155,0.0539303358377973,0.0539303371264032,1,-0.00224350470261925
Chr06_117144600,6,117144600,0.999076241770769,0.0324675324675325,1155,0.0539303358377973,0.0539303369371619,1,-0.0022392166537486
Chr09_64488028,9,64488028,0.99923357340362,0.108225108225108,1155,0.0539303358377973,0.053930336594569,1,-0.00088954704756361
Chr06_162504158,6,162504158,0.999325821513824,0.39004329004329,1155,0.0539303358377973,0.053930336423362,1,0.000580021959933674
Chr02_34989764,2,34989764,0.999374045243164,0.296969696969697,1155,0.0539303358377973,0.0539303363425859,1,0.000599536949948742
Chr04_117538989,4,117538989,0.999715040434532,0.0311688311688312,1155,0.0539303358377973,0.0539303359424096,1,-0.000725997810008039
Chr04_44026797,4,44026797,0.999715040434532,0.0311688311688312,1155,0.0539303358377973,0.0539303359424096,1,-0.000725997810008039
Chr04_49357596,4,49357596,0.999715040434532,0.0311688311688312,1155,0.0539303358377973,0.0539303359424096,1,-0.000725997810008039
Chr04_54184677,4,54184677,0.999715040434532,0.0311688311688312,1155,0.0539303358377973,0.0539303359424096,1,-0.000725997810008039
Chr04_69080290,4,69080290,0.999715040434532,0.0311688311688312,1155,0.0539303358377973,0.0539303359424096,1,-0.000725997810008039
Chr12_310245143,12,310245143,0.99984771829786,0.14978354978355,1155,0.0539303358377973,0.0539303358676707,1,0.000169108867794421
Chr17_27063529,17,27063529,0.999849291289885,0.372727272727273,1155,0.0539303358377973,0.0539303358670584,1,0.000118716139212438
Chr19_775213294,19,775213294,0.999970901913468,0.222510822510823,1155,0.0539303358377973,0.0539303358388864,1,-3.13556295736817e-05
Chr04_249863220,4,249863220,1,0.5,1155,NA,NA,1,NA
Chr06_365012526,6,365012526,1,0.5,1155,NA,NA,1,NA
Chr06_515389220,6,515389220,1,0.5,1155,NA,NA,1,NA
Chr10_451702463,10,451702463,1,0.5,1155,NA,NA,1,NA
Chr12_195946417,12,195946417,1,0.5,1155,NA,NA,1,NA
Chr12_199189777,12,199189777,1,0.5,1155,NA,NA,1,NA
Chr20_280937205,20,280937205,1,0.5,1155,NA,NA,1,NA
Chr21_20851458,21,20851458,1,0.5,1155,NA,NA,1,NA
Chr21_38231594,21,38231594,1,0.5,1155,NA,NA,1,NA
